23:	21	
44:	27	35	139	142	143	155	195	
61:	31	55	78	
65:	92	
79:	92	
94:	147	
138:	23	
267:	161	
293:	147	
302:	131	137	
343:	96	
350:	2	3	8	10	13	14	15	16	17	18	20	21	24	29	31	32	35	37	39	46	47	48	51	53	54	56	57	58	59	60	61	68	71	72	73	74	78	87	91	96	97	100	103	109	115	116	117	119	120	123	124	129	131	132	134	135	139	141	142	145	146	147	154	155	156	159	161	164	165	167	170	175	177	178	185	186	187	193	196	200	202	204	207	209	210	211	214	216	226	227	228	229	232	239	241	251	252	253	257	258	259	260	261	263	267	269	270	271	272	278	
354:	61	145	170	202	258	
367:	21	42	58	71	162	196	234	
371:	196	
373:	21	58	71	162	234	
382:	8	27	31	40	61	92	117	118	125	144	161	170	200	212	213	217	237	251	256	259	263	264	272	
421:	37	
422:	23	41	50	60	
423:	155	
436:	209	
447:	235	
450:	89	97	103	150	185	
492:	3	4	16	32	37	51	58	90	103	120	142	158	183	191	200	217	232	236	240	249	256	264	274	
500:	256	
501:	78	
506:	113	160	
510:	217	
511:	217	
524:	81	
554:	81	
618:	41	
624:	119	
635:	3	232	
641:	41	100	
642:	100	
658:	67	78	104	158	248	253	256	259	261	
659:	158	
660:	256	
690:	154	191	
712:	162	
722:	195	
723:	40	
765:	41	
773:	81	
825:	213	
828:	213	
834:	74	89	134	154	181	225	239	
835:	74	89	181	225	239	
839:	154	
851:	18	20	23	33	42	66	71	74	89	145	165	166	167	168	175	176	183	200	207	211	216	224	226	229	270	271	272	277	279	
859:	58	
869:	30	155	
881:	106	
896:	197	
913:	195	
966:	49	
1025:	31	
1081:	154	
1089:	81	
1119:	117	211	230	
1129:	91	
1143:	149	
1254:	119	
1269:	138	
1327:	24	
1351:	8	251	266	
1404:	175	
1408:	178	
1410:	37	112	115	204	234	
1411:	37	112	234	
1419:	181	
1431:	51	266	
1438:	208	
1440:	106	
1473:	157	
1520:	36	83	90	218	
1535:	106	
1563:	269	
1637:	5	17	81	87	152	196	208	217	233	239	
1642:	239	
1643:	87	
1653:	18	61	67	137	153	244	
1702:	41	60	61	75	155	175	218	
1708:	155	
1711:	16	35	41	42	44	53	62	66	73	81	95	97	102	127	129	135	137	151	168	172	182	183	200	238	239	240	242	244	274	
1712:	41	
1715:	127	
1723:	137	
1725:	97	
1727:	42	66	73	
1728:	127	274	
1729:	183	
1732:	81	
1736:	41	42	71	
1748:	41	123	
1763:	82	
1776:	166	
1792:	23	
1800:	31	119	272	
1817:	11	41	63	
1824:	231	
1828:	231	
1833:	11	16	18	40	42	64	88	90	107	114	139	142	202	205	
1834:	11	16	18	40	42	64	90	107	142	
1838:	63	67	
1846:	36	228	236	
1868:	2	11	16	18	36	47	78	90	150	155	159	202	
1869:	78	
1872:	202	
1874:	11	18	
1875:	90	
1878:	119	167	
1886:	216	
1887:	216	
1904:	63	
1937:	167	
1966:	9	
1972:	10	64	
2000:	160	
2024:	3	4	7	9	11	14	17	19	21	35	37	42	43	58	68	71	108	112	114	121	148	158	164	165	168	170	177	181	204	227	232	234	236	239	240	244	262	
2027:	165	
2034:	243	
2035:	21	
2037:	21	
2040:	40	
2046:	160	
2085:	36	38	63	135	146	175	178	244	
2088:	5	56	81	106	134	182	230	
2108:	72	89	
2130:	2	3	4	7	11	16	18	20	21	24	29	30	31	32	36	37	38	40	41	42	43	44	47	48	50	51	54	55	57	59	60	61	63	64	66	69	72	73	74	78	80	88	89	90	92	99	100	102	105	108	109	113	114	118	119	122	127	134	137	138	139	142	145	148	150	153	155	159	161	162	167	170	171	173	176	177	181	182	183	185	193	195	198	200	202	204	205	207	209	210	216	217	218	225	226	235	239	240	241	243	244	250	251	256	260	272	274	276	
2138:	42	119	195	251	
2142:	171	
2143:	89	240	
2144:	243	
2145:	241	
2147:	175	
2225:	37	
2240:	118	
2241:	139	
2242:	21	63	171	191	200	205	241	243	273	275	276	277	278	279	
2256:	82	227	
2272:	202	
2282:	43	82	136	202	207	269	
2297:	50	156	
2301:	156	
2323:	42	
2331:	22	225	
2346:	35	
2366:	155	
2378:	38	55	97	178	197	
2390:	63	129	143	
2438:	5	
2458:	51	
2489:	23	24	40	42	54	73	83	102	108	133	145	183	200	209	214	260	267	
2519:	46	127	218	240	
2520:	46	
2576:	200	
2607:	171	
2640:	147	211	
2645:	59	69	90	95	137	168	238	
2646:	69	90	137	168	238	
2659:	168	
2668:	236	
2692:	69	
2700:	28	62	108	151	155	246	
2701:	62	108	
2722:	66	
2769:	175	
2785:	148	
2816:	10	11	18	27	30	42	47	51	57	59	64	67	82	95	106	120	122	123	131	135	137	146	150	155	165	166	171	175	176	196	200	208	220	224	226	244	247	252	259	262	265	274	
2821:	42	64	171	200	226	
2825:	274	
2829:	18	
2834:	224	
2835:	10	18	47	95	106	120	262	
2837:	137	
2840:	158	
2850:	184	
2855:	30	41	50	51	109	183	
2860:	51	
2873:	157	220	228	
2874:	228	
2878:	184	
2879:	20	90	134	195	259	267	
2915:	51	
2920:	15	
2928:	109	
2971:	31	
3002:	90	
3076:	113	
3120:	2	188	
3184:	173	196	268	
3237:	9	39	43	63	69	116	123	125	126	162	163	170	188	196	220	229	240	249	
3292:	261	
3297:	8	
3306:	82	
3321:	2	47	58	124	132	136	168	170	178	188	198	248	256	
3336:	179	
3338:	179	
3372:	55	92	
3381:	13	42	244	245	
3389:	251	259	263	
3396:	218	
3410:	157	
3414:	188	
3425:	13	16	61	63	75	89	95	129	173	195	200	217	240	263	
3428:	264	
3482:	105	
3484:	178	
3487:	39	167	
3488:	167	
3489:	39	
3492:	2	3	4	7	9	13	14	15	16	19	20	21	22	23	24	30	31	32	35	37	40	42	46	48	49	51	52	53	54	55	56	58	63	65	66	69	71	72	73	78	79	80	83	88	90	91	92	93	96	97	99	103	106	107	108	109	112	113	114	115	116	117	118	122	124	127	130	132	135	138	139	141	142	145	147	148	156	158	159	161	164	170	171	175	177	178	181	183	184	185	186	187	188	191	192	193	194	195	197	198	200	202	204	205	206	207	209	210	211	219	220	224	225	226	227	228	232	234	235	236	241	243	245	248	249	250	251	255	256	258	260	261	263	266	267	269	270	273	274	277	278	279	
3501:	59	
3509:	263	
3514:	263	
3515:	4	165	166	
3528:	173	
3530:	121	
3533:	163	
3552:	51	
3553:	51	
3560:	21	207	209	
3588:	154	
3596:	124	
3660:	44	
3703:	61	
3731:	115	
3739:	73	133	
3740:	73	133	
3741:	63	68	130	155	264	
3754:	98	
3766:	62	
3774:	61	63	167	173	195	
3775:	173	
3778:	4	
3801:	10	166	
3802:	10	166	
3865:	38	
3875:	182	
3876:	182	
3896:	47	
3911:	38	
4018:	92	
4021:	13	75	175	
4026:	75	123	
4173:	106	
4188:	154	
4248:	20	21	41	42	84	204	239	
4254:	67	
4326:	147	245	
4327:	147	245	
4334:	33	50	57	75	81	83	89	125	155	175	176	182	274	
4371:	240	
4373:	131	
4443:	4	27	29	42	51	146	154	196	225	228	261	
4445:	42	
4446:	196	228	
4447:	154	
4448:	27	146	
4449:	27	
4450:	27	29	196	
4453:	136	
4466:	54	167	260	
4526:	13	
4532:	120	
4545:	72	
4569:	246	
4575:	100	120	127	241	243	268	
4582:	156	
4583:	156	
4619:	64	90	159	
4667:	38	
4668:	33	57	125	
4672:	224	
4673:	224	
4674:	24	
4772:	17	71	
4774:	159	177	
4775:	159	177	
4778:	4	163	165	166	
4784:	4	165	166	
4789:	166	
4791:	163	
4800:	4	8	20	37	67	91	113	116	118	134	160	204	211	229	251	252	253	255	263	
4815:	249	
4818:	100	163	191	240	243	
4819:	243	
4829:	127	
4851:	27	
4857:	243	
4864:	18	
4880:	41	122	131	155	
4902:	163	243	268	
4919:	29	44	
4925:	143	
4949:	9	67	219	
4950:	67	
4953:	18	
4955:	18	
4964:	113	
5009:	108	
5032:	81	
5041:	75	90	123	182	
5048:	90	
5123:	114	
5143:	90	191	
5157:	68	265	
5173:	68	
5187:	213	271	272	
5192:	90	108	155	178	224	
5198:	108	155	
5215:	40	75	90	108	123	
5227:	83	155	224	
5236:	40	90	92	195	
5237:	230	
5238:	230	
5254:	81	
5256:	175	
5270:	225	
5315:	130	
5325:	44	123	
5386:	122	
5407:	41	
5436:	102	113	
5440:	112	
5454:	78	195	
5460:	89	191	
5490:	69	
5491:	46	54	83	179	260	
5507:	9	40	175	270	
5579:	266	
5581:	122	
5592:	49	
5637:	205	
5653:	27	143	
5658:	130	157	
5675:	73	
5691:	143	
5743:	156	
5780:	156	
5800:	149	
5824:	114	
5850:	127	
5858:	197	
5885:	178	195	
5898:	96	
5899:	96	
5918:	64	
5920:	77	96	156	230	
5921:	77	
5923:	10	
5934:	116	
5959:	30	113	167	
6027:	143	
6058:	278	
6104:	191	
6189:	82	
6222:	87	
6266:	89	
6281:	3	29	72	75	119	122	125	176	218	224	232	
6284:	178	
6334:	38	
6341:	131	
6358:	205	
6382:	164	241	
6395:	124	
6470:	29	60	175	176	
6471:	60	175	176	
6534:	96	
6535:	92	
6536:	92	
6551:	184	
6557:	184	
6568:	29	87	176	184	219	232	
6588:	77	100	
6589:	100	
6592:	261	
6596:	202	
6597:	202	
6607:	29	120	
6611:	5	
6728:	269	
6759:	11	78	90	127	
6778:	161	
6800:	44	50	
6811:	37	
6824:	21	
6851:	200	
6858:	38	
6878:	40	
6885:	60	
6979:	63	72	82	167	
7043:	179	
7062:	193	
7087:	2	3	8	9	16	19	23	24	29	31	32	33	35	38	40	41	48	50	52	54	55	56	58	60	63	64	66	67	71	73	74	79	80	88	90	91	93	97	99	102	103	107	108	110	113	114	115	118	120	122	125	127	129	132	133	134	135	138	139	142	145	148	151	153	154	155	158	160	161	170	171	173	175	181	183	184	185	186	187	188	193	195	197	200	205	206	209	210	211	212	213	216	217	218	220	224	225	229	232	235	236	238	246	249	250	253	255	256	259	260	261	264	267	271	272	276	
7088:	40	
7092:	32	246	
7094:	40	41	50	73	97	99	107	110	113	114	129	135	142	171	185	187	200	209	211	220	224	256	264	267	
7095:	38	40	55	132	200	
7096:	2	9	133	188	205	216	249	
7097:	259	
7116:	2	17	29	37	38	55	58	61	63	72	83	92	96	97	103	114	116	132	137	155	159	161	178	187	194	198	239	248	256	258	276	
7119:	198	
7121:	55	97	
7132:	137	
7137:	218	
7151:	32	41	69	183	193	240	257	
7173:	69	
7186:	159	
7233:	272	
7276:	2	29	55	61	137	138	146	171	176	200	218	239	249	261	
7280:	137	176	
7283:	2	61	
7291:	249	
7295:	137	
7297:	200	
7298:	21	
7301:	137	
7306:	9	20	21	24	29	36	42	43	50	81	90	91	109	115	118	129	165	166	207	218	239	240	241	257	262	269	
7307:	165	166	
7313:	9	
7314:	42	
7316:	257	262	
7317:	29	
7318:	91	
7321:	109	
7329:	9	87	137	182	240	
7330:	182	
7333:	41	
7336:	173	
7337:	173	
7342:	241	
7349:	241	
7351:	44	137	175	182	
7352:	17	21	37	42	71	116	158	177	198	204	207	229	234	235	
7353:	17	71	234	
7354:	17	37	71	229	
7355:	71	
7356:	17	21	37	42	71	116	177	204	207	229	234	235	
7357:	17	71	
7358:	198	229	234	
7363:	37	
7381:	137	
7382:	137	
7384:	41	197	
7393:	166	
7395:	187	
7494:	248	
7496:	90	
7506:	62	
7510:	108	155	
7537:	106	
7573:	167	
7579:	82	
7588:	32	54	87	92	119	141	161	167	198	200	209	213	240	249	251	253	260	263	
7594:	153	
7600:	120	
7609:	120	
7640:	67	
7641:	40	69	142	195	
7648:	116	117	
7655:	161	
7678:	259	
7684:	17	37	71	91	103	105	117	147	161	229	257	
7692:	147	
7718:	47	
7732:	139	
7778:	13	20	39	40	42	43	71	90	116	119	133	149	188	197	207	218	219	234	250	
7787:	20	
7833:	155	
7838:	230	
7839:	82	
7923:	184	
7982:	191	
7994:	2	36	61	90	159	166	184	266	
7997:	278	
8002:	4	5	41	43	47	78	103	124	135	154	156	175	183	202	211	214	251	273	277	279	
8006:	76	
8028:	172	
8029:	172	
8041:	269	
8124:	40	
8183:	243	
8185:	243	
8197:	11	24	46	54	61	63	73	74	79	90	97	109	119	133	135	145	153	167	173	186	195	196	200	210	218	224	260	265	267	
8203:	61	
8207:	61	153	173	
8222:	211	
8223:	211	
8226:	181	
8235:	37	191	
8246:	105	158	
8271:	182	
8444:	17	37	161	229	
8467:	99	
8502:	11	
8508:	219	
8552:	219	
8572:	127	
8573:	127	
8574:	127	
8577:	265	
8582:	265	
8584:	20	219	275	
8589:	3	4	21	42	90	112	115	170	202	228	232	
8603:	268	
8666:	63	
8667:	63	
8671:	37	
8687:	245	252	255	257	261	263	
8699:	166	
8714:	51	
8731:	11	27	147	160	259	
8735:	11	27	160	
8759:	210	
8931:	38	
9020:	81	
9023:	241	
9057:	45	
9123:	17	
9132:	29	
9133:	254	
9158:	84	
9159:	39	
9201:	220	
9224:	233	
9239:	179	
9272:	164	
9292:	2	
9404:	9	
9472:	229	
9482:	32	246	
9541:	24	43	121	149	157	
9547:	24	43	121	149	157	
9550:	157	
9573:	32	213	216	246	272	
9574:	32	246	
9584:	31	272	
9604:	258	
9605:	258	
9609:	38	
9610:	65	78	129	146	178	218	268	
9627:	127	
9629:	177	188	
9666:	116	
9732:	136	
9750:	74	
9754:	27	
9762:	8	161	265	
9787:	68	
9796:	68	
9806:	11	27	31	39	160	213	
9821:	191	
9836:	82	
9841:	173	179	
9847:	179	
9858:	254	
9905:	62	
9912:	35	
9921:	127	141	
9927:	211	
9936:	84	
9938:	37	
9950:	251	
9955:	35	
9977:	263	
9978:	244	
10013:	270	
10049:	11	110	121	122	131	149	163	172	181	251	265	
10052:	11	122	131	149	163	172	181	251	265	
10053:	11	122	131	149	163	172	181	251	265	
10061:	39	103	131	143	156	256	
10162:	37	
10179:	124	159	186	
10182:	42	
10189:	134	
10191:	48	200	
10203:	196	
10210:	13	
10214:	191	
10222:	191	
10254:	16	18	40	41	44	55	58	72	87	89	116	117	122	123	129	138	139	141	175	176	184	192	193	195	200	204	236	238	239	267	274	
10255:	89	
10257:	141	
10260:	239	
10263:	89	132	136	
10268:	43	
10277:	137	198	268	
10278:	198	
10285:	268	
10300:	98	
10301:	98	
10325:	24	121	157	
10333:	9	269	
10344:	195	
10345:	27	
10349:	168	178	269	
10352:	168	
10358:	56	226	270	
10360:	32	103	119	213	246	248	270	272	
10380:	119	
10410:	179	
10415:	113	
10485:	41	
10494:	161	
10536:	233	
10575:	18	122	
10577:	210	
10590:	59	
10596:	18	277	
10642:	156	
10643:	156	
10668:	74	89	181	225	239	
10677:	131	
10737:	242	
10749:	185	212	256	
10816:	85	
10821:	85	
10931:	18	
10949:	136	
10979:	120	
10985:	122	
10993:	269	
10997:	9	
11015:	47	
11031:	172	
11034:	13	
11084:	202	
11137:	107	124	148	159	194	
11143:	120	
11144:	41	90	97	113	127	191	
11149:	97	
11157:	113	
11177:	11	21	29	36	89	107	110	114	150	163	167	191	200	
11181:	29	
11183:	36	
11195:	24	139	143	171	240	
11206:	209	237	270	
11211:	3	4	7	14	15	37	41	112	147	148	204	220	232	236	239	
11213:	4	7	232	
11215:	15	147	
11221:	37	236	
11222:	37	
11228:	147	
11255:	2	11	59	61	120	206	219	226	238	243	244	265	
11260:	11	
11267:	120	
11268:	120	
11271:	238	
11275:	77	100	
11289:	90	
11295:	214	
11361:	211	
11362:	211	
11365:	251	
11369:	91	
11390:	124	
11393:	5	11	12	18	20	33	38	40	41	50	57	60	62	75	81	83	88	89	92	97	122	123	125	137	155	166	175	176	182	192	208	214	244	
11399:	81	137	244	
11403:	40	88	89	
11405:	50	57	60	123	175	192	
11413:	120	
11422:	70	
11430:	3	
11434:	9	
11468:	231	
11487:	135	
11503:	158	
11505:	13	
11515:	28	
11516:	28	
11528:	35	
11564:	242	247	
11576:	238	
11602:	167	
11610:	18	24	36	48	51	61	67	74	81	109	110	119	137	139	146	149	150	152	160	162	168	191	200	212	225	239	244	259	262	274	
11652:	207	
11653:	4	14	21	37	112	148	158	
11658:	159	
11680:	258	
11706:	168	198	268	
11713:	198	
11723:	168	
11730:	198	
11735:	166	
11737:	15	
11815:	64	89	
11978:	274	
12003:	75	123	178	269	
12021:	2	120	238	
12026:	2	120	
12051:	21	26	38	59	97	167	200	241	243	
12058:	59	
12088:	168	240	
12091:	87	116	117	118	149	157	177	
12100:	220	
12105:	239	
12106:	239	
12123:	98	
12132:	71	
12142:	89	273	275	276	277	278	279	
12175:	106	
12178:	106	
12233:	120	
12246:	85	
12252:	96	
12267:	216	
12287:	268	
12304:	198	
12345:	5	
12394:	200	
12398:	136	
12399:	168	244	
12400:	168	244	
12458:	184	
12463:	214	
12464:	207	249	
12481:	147	
12582:	194	
12618:	31	32	272	
12621:	31	32	119	167	213	216	246	271	272	
12622:	167	272	
12623:	213	271	272	
12624:	167	
12625:	31	32	213	216	246	271	272	
12626:	119	
12628:	216	
12630:	272	
12632:	216	
12682:	247	
12705:	211	
12706:	200	
12714:	63	139	
12752:	62	
12753:	62	
12759:	62	
12760:	62	
12761:	62	
12770:	62	
12801:	37	43	
12816:	173	
12824:	42	61	74	
12833:	147	151	159	245	
12842:	216	
12859:	120	
12892:	243	
12958:	213	216	272	
12962:	33	125	
12982:	62	
12983:	62	
12984:	62	
13053:	44	
13060:	38	
13097:	195	
13113:	62	
13121:	81	
13122:	249	
13128:	230	
13136:	54	186	260	
13150:	186	
13175:	142	
13206:	40	42	48	55	74	88	97	99	122	142	171	205	218	
13210:	171	
13212:	40	99	
13234:	8	160	
13244:	8	160	
13249:	15	103	184	251	266	
13265:	2	36	61	90	159	166	184	266	
13266:	61	
13268:	254	
13273:	15	51	184	
13301:	162	
13328:	196	
13356:	110	
13416:	109	
13448:	259	
13449:	259	
13450:	259	
13455:	84	
13466:	63	
13495:	168	
13504:	16	240	
13522:	46	82	109	172	173	
13525:	31	36	41	83	87	99	105	119	138	141	162	196	219	243	244	245	249	252	255	258	261	263	274	
13531:	196	
13538:	274	
13541:	245	249	252	255	261	263	
13578:	59	155	
13580:	121	157	
13586:	51	218	225	
13587:	254	
13588:	15	29	33	41	42	50	51	57	72	75	81	87	91	103	118	122	125	137	138	142	158	162	175	187	196	228	235	238	245	248	249	251	252	255	256	261	263	264	
13590:	75	
13591:	81	162	196	
13592:	75	87	
13593:	138	142	175	
13667:	251	
13668:	258	
13677:	151	
13686:	106	152	
13695:	160	
13696:	82	
13701:	29	33	41	50	57	60	75	83	123	125	155	175	176	214	
13715:	3	21	164	177	232	
13722:	129	
13733:	15	51	
13841:	29	62	72	114	137	225	
13843:	225	
13849:	59	155	
13850:	59	
13855:	47	
13857:	11	18	
13899:	160	
13907:	11	68	87	213	272	
13916:	30	
13918:	13	120	
13930:	5	
13933:	51	
14006:	41	44	155	
14061:	39	257	
14072:	81	
14073:	81	
14104:	171	
14121:	16	125	167	218	240	263	
14124:	38	
14179:	273	275	276	277	278	279	
14198:	136	
14199:	136	
14210:	136	
14229:	84	
14231:	84	
14235:	211	
14243:	9	
14262:	240	266	
14323:	139	
14343:	148	236	
14344:	50	59	105	115	117	147	162	167	175	
14362:	8	105	155	162	206	247	252	255	
14364:	155	
14386:	36	
14390:	54	249	260	
14417:	139	
14443:	139	
14448:	54	63	260	
14449:	68	
14453:	68	
14457:	61	
14472:	119	
14476:	11	31	61	90	135	178	179	265	
14503:	136	
14522:	127	244	
14539:	33	41	44	50	57	83	122	123	125	129	155	175	182	240	
14546:	41	44	155	
14547:	129	
14587:	218	238	
14591:	29	120	
14601:	173	
14614:	259	
14616:	163	
14629:	40	88	178	197	
14659:	163	
14720:	143	
14738:	197	
14806:	146	
14831:	44	
14833:	44	
14841:	92	
14850:	168	172	
14866:	266	
14882:	130	
14883:	146	
14958:	178	217	229	252	
14992:	37	42	
14999:	23	
15018:	64	74	100	109	120	135	139	191	200	217	218	238	240	241	242	244	264	269	274	
15021:	139	171	209	224	
15028:	186	
15032:	139	
15044:	97	99	187	236	
15050:	109	
15051:	109	
15052:	238	
15078:	22	61	91	106	136	138	257	262	
15087:	106	
15091:	106	
15144:	106	197	
15150:	103	
15177:	129	
15212:	279	
15225:	124	194	
15267:	56	
15280:	82	
15296:	121	
15319:	38	121	160	
15320:	121	
15326:	277	
15336:	277	
15346:	202	
15349:	167	
15451:	218	
15479:	146	
15546:	271	
15633:	170	
15647:	106	
15692:	37	
15705:	33	125	
15708:	202	
15710:	167	
15711:	120	156	191	274	
15713:	120	
15714:	156	
15725:	240	
15726:	240	
15798:	131	
15835:	126	
15839:	109	228	251	
15840:	109	228	
15863:	81	
15865:	81	
15873:	9	16	20	22	24	35	46	58	63	65	66	71	73	88	96	107	108	109	114	118	122	124	130	135	156	158	159	164	171	178	181	184	185	186	187	188	191	193	194	197	204	205	206	207	219	220	225	228	236	243	261	266	274	
15877:	172	
15881:	2	4	7	9	11	14	16	17	18	20	21	22	24	31	32	35	37	40	41	43	46	47	50	51	56	58	59	61	68	71	72	73	74	78	82	87	89	90	91	92	97	99	107	110	113	114	115	117	118	119	124	125	127	129	133	134	135	136	137	138	142	146	150	159	160	164	165	166	170	171	175	176	177	181	184	185	187	188	194	198	200	202	204	207	209	210	211	216	220	224	225	226	227	228	239	240	241	243	244	248	249	251	256	258	259	261	263	264	265	267	270	272	273	274	276	277	278	279	
15883:	74	226	270	
15885:	7	
15890:	20	21	59	210	241	
15891:	243	
15897:	61	137	146	160	259	
15899:	240	
15900:	276	
15905:	160	239	
15906:	16	
15910:	9	72	91	
15917:	17	
15975:	175	233	
16060:	92	
16086:	47	121	131	
16121:	11	122	176	
16126:	3	175	232	
16130:	54	260	
16142:	130	143	
16143:	130	143	
16163:	16	17	20	23	35	37	38	40	44	46	49	50	55	58	68	72	73	78	90	91	92	115	124	129	132	134	135	138	145	147	158	159	161	164	167	171	176	178	186	195	200	202	204	210	211	213	214	216	229	245	248	251	256	262	263	271	277	
16167:	75	127	
16184:	127	
16193:	238	
16200:	39	
16205:	39	
16220:	274	
16251:	48	49	50	59	65	68	74	75	81	91	92	121	125	132	152	155	176	211	212	213	214	244	245	249	255	277	
16252:	212	
16254:	68	
16256:	132	
16258:	72	
16260:	13	
16261:	13	
16339:	108	238	
16374:	38	247	252	255	
16381:	71	
16438:	241	
16468:	5	
16668:	59	120	
16672:	81	193	239	243	
16674:	239	
16682:	120	
16683:	35	113	183	198	
16688:	161	
16699:	173	
16701:	156	
16720:	138	
16746:	11	
16755:	82	
16784:	126	
16785:	127	
16848:	122	146	171	
16849:	68	
16912:	42	71	90	92	127	216	245	251	264	
16951:	160	
17013:	177	
17024:	81	
17064:	98	
17104:	157	
17203:	127	
17205:	127	
17232:	127	
17241:	143	243	
17243:	83	
17246:	55	99	139	142	171	
17255:	105	
17302:	182	
17312:	269	
17529:	258	
17539:	151	
17578:	100	160	
17581:	160	
17584:	100	
17585:	100	
17638:	142	
17684:	43	
17685:	43	
17693:	15	51	
17702:	98	
17827:	120	
17829:	120	
17839:	17	
17858:	214	
17944:	120	
17975:	189	
18039:	11	
18135:	98	
18175:	40	41	152	
18176:	152	
18195:	152	
18196:	41	
18224:	193	
18241:	269	
18265:	173	
18378:	154	
18385:	91	
18397:	42	91	185	
18424:	42	155	
18426:	194	
18485:	157	
18503:	37	
18504:	21	37	42	71	
18506:	177	
18507:	158	164	
18508:	158	164	
18516:	181	
18578:	16	
18657:	43	178	
18716:	16	37	63	88	171	191	193	200	205	229	243	
18768:	43	89	272	
18786:	184	
18807:	15	
18882:	103	
18961:	208	239	
18965:	185	
18971:	185	
19000:	90	
19004:	131	163	
19022:	40	90	97	126	129	
19025:	40	90	97	
19030:	126	129	
19032:	96	120	
19037:	120	
19132:	143	168	240	241	
19147:	122	129	
19236:	48	55	
19267:	152	
19271:	116	235	
19279:	160	
19304:	129	141	157	
19377:	152	
19379:	19	
19541:	202	
19555:	245	
19562:	85	
19686:	86	
19884:	17	
19885:	17	
19909:	23	56	58	64	69	71	116	132	134	148	185	187	194	213	227	255	
19929:	257	
19973:	216	
19984:	35	113	
19992:	81	
20000:	35	81	
20174:	208	
20214:	76	
20216:	71	234	
20301:	2	61	
20303:	61	
20318:	75	90	159	
20346:	39	
20348:	39	
20378:	92	
20391:	113	
20395:	113	
20404:	207	
20431:	41	176	
20453:	166	
20471:	2	11	16	78	90	150	159	202	
20472:	2	16	78	90	159	202	
20479:	150	
20480:	150	
20527:	76	
20653:	76	
20658:	76	121	
20672:	66	
20679:	23	98	122	183	184	274	
20690:	117	
20705:	103	
20740:	134	
20749:	87	
20750:	87	
20752:	24	126	157	
20761:	96	
20790:	81	
20792:	81	
20804:	237	
20837:	82	
20885:	119	
20888:	24	147	
20889:	147	
20893:	87	138	171	184	191	200	224	267	
20894:	207	
20940:	91	
21002:	269	
21020:	41	53	63	64	96	113	210	226	237	244	250	
21024:	244	
21031:	41	
21063:	103	242	252	
21093:	160	
21111:	226	
21112:	62	168	
21118:	87	
21119:	122	126	218	244	258	
21137:	81	
21180:	81	
21182:	98	
21189:	105	162	
21192:	257	
21202:	58	
21216:	167	218	
21224:	139	
21225:	139	
21259:	35	
21270:	42	81	90	127	129	156	159	200	204	218	226	240	241	269	
21275:	127	
21283:	42	81	90	129	218	240	241	269	
21303:	156	
21348:	231	
21413:	127	
21464:	35	
21501:	127	147	268	
21503:	147	
21507:	268	
21527:	2	9	15	21	39	56	73	82	102	118	120	124	133	136	142	166	170	176	188	195	204	205	216	229	249	250	268	270	273	277	279	
21544:	5	
21601:	127	198	
21603:	127	198	
21643:	127	
21644:	127	
21648:	39	
21649:	91	262	
21650:	247	
21653:	143	
21673:	3	232	
21690:	38	
21695:	155	
21830:	120	
21832:	36	
21847:	54	260	
21853:	116	
21857:	96	
21858:	96	
21875:	24	121	157	
21883:	273	277	278	279	
21886:	97	
21901:	48	
21909:	267	
21919:	168	
21932:	24	121	157	
21998:	87	
22074:	147	
22123:	137	
22126:	27	160	
22154:	77	
22212:	149	157	
22252:	157	
22287:	32	
22292:	133	
22299:	11	78	90	127	
22300:	161	
22301:	234	
22311:	41	42	71	
22335:	163	
22353:	195	
22361:	56	226	270	
22385:	182	
22426:	81	
22428:	40	81	
22429:	81	
22430:	81	
22434:	35	
22435:	81	
22449:	35	
22451:	81	
22485:	81	
22488:	61	173	
22489:	173	
22494:	11	41	
22501:	125	
22502:	33	41	50	57	60	75	83	97	122	123	125	129	139	155	175	176	185	188	192	209	
22507:	188	
22514:	50	60	
22515:	61	
22602:	81	
22644:	81	
22656:	156	
22732:	42	
22739:	126	168	
22768:	36	216	
22771:	3	193	202	209	232	
22783:	126	265	
22832:	131	
22857:	216	
22864:	216	
22898:	51	
22921:	214	
22972:	13	42	117	158	185	207	235	
23000:	131	220	
23056:	258	
23059:	258	
23094:	74	105	135	155	162	171	186	191	196	273	277	
23109:	155	
23145:	99	
23204:	10	
23206:	10	
23240:	51	
23241:	16	
23247:	63	127	167	
23255:	270	
23256:	67	91	103	158	235	245	247	248	249	251	252	254	255	256	261	263	264	
23258:	245	
23262:	81	
23263:	81	
23273:	37	217	
23278:	217	
23290:	185	
23291:	3	4	170	204	232	
23292:	170	
23316:	49	147	
23348:	98	
23362:	270	
23368:	243	
23386:	242	
23435:	55	122	139	175	
23436:	55	
23439:	139	
23489:	169	
23490:	169	
23536:	124	
23571:	21	29	38	55	72	92	97	114	127	155	178	198	243	266	
23578:	83	209	
23609:	11	265	274	
23610:	278	
23614:	113	
23623:	113	
23637:	2	16	21	23	24	29	35	37	38	40	42	43	46	48	52	54	61	63	64	66	68	72	73	74	79	80	88	89	97	99	102	108	109	114	119	133	134	138	139	140	142	144	145	148	153	155	156	159	161	164	167	171	173	183	185	186	187	188	193	195	197	200	205	206	207	209	210	217	224	225	226	228	236	237	238	250	260	
23638:	42	224	
23640:	23	40	102	133	145	183	200	
23641:	63	97	
23642:	63	97	
23647:	24	
23655:	89	156	217	237	
23656:	89	156	217	237	
23658:	171	
23660:	64	89	217	226	237	
23668:	113	
23798:	44	
23810:	220	
23843:	31	
23844:	63	200	210	250	
23849:	216	228	
23855:	216	
23860:	81	
23862:	61	167	178	250	
23870:	36	150	253	
23910:	50	64	87	89	114	119	141	143	156	163	191	195	200	217	218	224	226	237	240	241	243	244	263	
23943:	249	
23950:	198	
23954:	273	275	276	277	278	279	
23981:	230	
24004:	254	
24061:	36	
24210:	109	
24211:	154	
24218:	3	232	239	
24219:	3	232	239	
24298:	154	
24302:	178	
24306:	89	
24316:	44	
24322:	106	
24342:	2	60	175	
24343:	61	167	178	250	
24377:	127	
24396:	29	
24407:	38	60	68	120	129	146	188	195	219	
24418:	120	
24426:	146	
24429:	11	63	97	153	
24430:	153	
24439:	38	
24443:	21	40	75	99	195	225	248	267	
24447:	248	
24448:	75	
24458:	152	226	244	
24459:	152	244	
24465:	31	48	116	117	153	161	177	185	198	200	209	211	224	226	245	251	261	263	264	276	
24467:	153	
24487:	120	122	127	
24492:	127	
24540:	191	
24549:	41	50	
24552:	230	
24559:	63	
24561:	71	234	
24613:	42	
24617:	63	
24636:	21	28	33	57	67	137	148	152	259	
24641:	21	67	148	
24643:	28	
24644:	137	
24654:	120	
24681:	66	183	
24687:	66	
24702:	54	260	
24730:	77	
24752:	217	
24753:	240	241	
24754:	241	
24784:	240	
24786:	121	130	149	157	
24803:	168	240	241	
24827:	200	211	
24837:	213	216	
24845:	5	10	11	14	21	30	33	36	39	47	57	59	62	67	68	81	82	93	94	106	121	122	131	138	149	152	155	160	163	166	168	172	181	182	196	198	208	217	218	231	241	243	244	251	265	269	273	275	277	278	279	
24847:	243	
24852:	29	72	89	126	129	137	163	178	241	243	244	274	276	279	
24860:	129	
24875:	129	
24888:	29	89	137	178	243	276	
24907:	266	
24910:	76	220	
24914:	266	
24919:	241	243	
24984:	154	
24998:	116	117	
25001:	259	
25002:	245	247	251	255	261	263	
25003:	257	262	
25029:	110	
25032:	110	
25120:	216	
25122:	15	
25128:	143	
25217:	116	
25293:	63	217	
25301:	42	61	67	216	259	265	
25305:	265	
25381:	11	36	61	153	167	252	272	
25398:	11	30	150	
25403:	36	
25445:	104	
25447:	30	39	142	168	229	273	277	279	
25451:	36	83	90	127	218	
25459:	167	
25461:	255	264	
25567:	130	
25575:	122	138	
25611:	136	
25667:	50	90	161	162	
25777:	41	139	171	186	
25784:	40	75	123	
25800:	175	
25934:	89	130	163	191	
25950:	120	
25964:	204	
25969:	68	
25977:	42	54	55	87	120	146	167	171	173	211	224	225	240	244	251	258	260	272	278	
25978:	42	54	55	87	120	146	167	171	173	211	224	240	244	251	258	260	272	278	
26035:	43	
26046:	43	151	
26051:	151	
26071:	5	
26153:	231	
26216:	127	
26245:	129	
26251:	132	
26274:	239	
26344:	272	
26392:	95	
26394:	5	
26445:	204	
26494:	117	
26534:	49	69	124	194	
26545:	49	69	194	
26558:	141	
26568:	17	31	78	148	184	272	
26571:	68	
26632:	137	
26633:	137	
26675:	178	
26681:	16	
26682:	16	
26698:	108	
26720:	108	
26740:	147	
26741:	147	
26754:	22	
26777:	16	40	
26830:	81	
26832:	7	87	112	274	
26833:	87	
26836:	7	112	
26840:	151	246	
26842:	246	
26848:	218	
26850:	147	
26853:	21	29	38	40	44	55	72	83	88	89	92	97	114	120	137	178	218	241	243	266	276	
26859:	21	29	55	72	92	114	266	
26860:	124	
26878:	63	
26881:	8	160	
26886:	105	234	
26887:	105	234	
26889:	37	234	
26900:	245	251	263	
26993:	140	
26995:	148	
27057:	30	214	
27058:	40	99	139	205	214	
27108:	243	
27154:	95	
27155:	95	
27158:	95	
27160:	95	
27164:	95	
27166:	95	
27168:	95	
27211:	213	
27215:	15	42	51	162	173	218	225	
27225:	5	
27226:	5	
27275:	2	16	29	33	36	40	41	50	57	60	61	64	75	78	81	90	99	103	122	123	125	129	150	155	159	161	173	175	176	186	202	214	224	236	239	240	244	258	
27276:	78	
27277:	33	57	
27295:	81	137	182	208	
27296:	3	11	37	232	236	
27312:	39	
27313:	2	188	
27459:	76	
27469:	269	
27485:	72	197	269	
27547:	191	200	210	
27548:	191	200	210	
27582:	72	
27602:	238	
27617:	138	
27627:	21	40	97	99	138	200	206	218	253	
27637:	16	103	122	124	256	
27646:	152	
27658:	60	
27672:	188	
27675:	74	172	173	212	268	
27702:	64	100	109	120	139	191	200	217	218	240	241	242	244	269	274	
27734:	194	
27736:	85	
27786:	27	29	47	61	105	160	167	173	
27787:	27	29	
27792:	41	50	
27799:	11	265	274	
27810:	274	
27812:	274	
27822:	89	240	
27847:	35	
27848:	23	35	73	102	132	134	135	145	161	183	186	267	
27853:	173	179	
27859:	173	
27868:	38	
27878:	112	204	236	
27891:	3	7	19	21	42	170	177	181	204	232	236	239	
27900:	173	
27901:	74	
27909:	17	108	113	
27910:	108	113	
27920:	27	61	143	152	157	244	
27922:	68	
27923:	68	
27925:	68	
27930:	35	59	113	155	238	
27936:	39	99	127	191	198	210	214	217	229	234	238	241	243	268	269	274	
27941:	238	
27949:	257	
27954:	100	
27956:	154	
27960:	138	175	
27962:	175	
27971:	160	
27977:	33	112	134	162	183	184	186	206	208	252	
27995:	41	109	
28014:	108	
28026:	240	
28077:	37	38	46	69	138	184	208	249	259	
28108:	124	194	
28119:	163	212	
28136:	277	
28183:	156	
28198:	61	
28213:	32	61	63	119	
28215:	63	
28242:	41	50	60	75	83	90	109	123	125	126	167	176	192	214	
28244:	50	83	123	125	176	214	
28245:	214	
28249:	33	50	57	60	75	123	126	175	192	214	
28262:	109	
28298:	250	
28445:	4	11	19	40	41	63	64	154	170	181	188	226	236	239	
28447:	181	239	
28448:	19	170	181	236	
28450:	40	188	
28452:	226	
28458:	144	
28460:	4	105	148	236	
28462:	148	236	
28468:	21	170	204	
28470:	42	
28485:	193	197	209	
28490:	179	
28495:	13	158	207	
28497:	109	
28515:	168	172	
28516:	9	
28521:	9	
28539:	23	49	66	83	108	133	145	161	183	184	198	209	238	
28541:	108	
28549:	184	
28564:	266	
28567:	240	
28607:	15	51	
28616:	91	219	
28630:	160	229	247	255	
28632:	197	
28638:	103	184	
28639:	105	
28642:	61	153	173	193	196	
28649:	202	
28655:	61	115	265	
28656:	61	265	
28659:	161	200	251	253	256	263	
28661:	11	16	18	27	40	42	50	64	74	81	88	90	107	114	122	139	142	152	205	239	
28665:	122	
28666:	64	88	114	139	205	
28668:	20	29	33	42	57	65	67	80	137	155	182	242	244	262	
28670:	4	35	135	250	261	
28675:	15	27	51	162	
28685:	121	
28687:	121	
28714:	53	
28724:	191	
28734:	135	
28748:	236	
28772:	182	
28835:	55	
28846:	75	122	176	244	
28861:	121	
28863:	121	149	157	
28864:	157	
28893:	69	
28894:	69	
28898:	146	218	
28912:	245	251	261	263	
28923:	82	89	
28924:	89	
28937:	11	
28942:	12	
28943:	12	
29012:	41	
29021:	127	
29050:	142	200	
29051:	142	
29056:	8	
29057:	8	
29086:	84	
29089:	84	
29091:	64	89	105	139	141	143	156	163	186	191	217	226	234	237	240	274	
29092:	64	
29124:	181	
29156:	143	
29157:	143	
29159:	24	145	195	213	267	271	
29191:	35	
29237:	154	
29257:	83	
29267:	257	
29288:	191	252	
29293:	156	
29296:	97	
29331:	139	200	218	241	243	
29332:	218	
29336:	9	75	
29353:	20	21	41	204	
29355:	152	
29359:	152	
29370:	64	226	237	
29375:	259	
29377:	61	
29402:	27	40	55	237	
29418:	147	
29447:	64	
29496:	120	159	
29520:	200	
29548:	160	
29549:	160	
29570:	103	256	
29618:	127	
29692:	160	
29728:	243	
29741:	241	
29784:	84	
29856:	2	65	
29872:	120	
29945:	5	
29972:	81	
30032:	162	
30039:	138	142	
30073:	127	
30082:	54	204	260	264	
30096:	269	
30117:	211	
30121:	156	
30156:	81	
30246:	144	
30253:	81	
30290:	36	166	200	225	
30292:	166	
30298:	225	
30333:	160	
30353:	36	
30371:	100	
30451:	96	
30462:	5	
30463:	5	
30464:	5	
30465:	5	
30475:	270	
30488:	77	
30492:	120	
30493:	5	
30499:	5	
30504:	5	
30548:	81	
30588:	81	
30589:	81	
30592:	81	
30595:	5	
30633:	81	
30634:	81	
30658:	81	
30692:	81	
30730:	220	
30773:	13	15	51	116	117	118	138	142	167	175	177	184	200	202	
30775:	184	
30778:	13	
30779:	51	
30818:	5	11	38	41	46	63	89	152	155	172	173	237	
30857:	81	
30929:	5	
31009:	96	
31019:	33	57	59	67	81	138	143	182	217	242	265	
31021:	33	57	59	67	81	138	182	217	
31022:	33	57	59	67	81	138	182	217	
31031:	106	
31041:	155	
31046:	10	
31047:	10	
31064:	126	
31073:	212	
31074:	3	8	38	116	212	216	229	232	271	
31082:	15	
31088:	147	
31110:	113	
31128:	100	
31163:	96	
31168:	35	
31255:	80	
31309:	239	
31310:	239	
31325:	161	
31399:	175	
31423:	98	
31506:	216	
31509:	50	171	
31525:	49	
31540:	195	
31541:	195	
31570:	21	40	63	64	116	129	195	246	
31581:	191	
31582:	146	244	
31671:	83	90	209	237	
31673:	209	
31756:	213	216	
31812:	147	
31813:	32	
31900:	81	
31962:	124	
32041:	254	
32056:	78	89	119	
32059:	9	27	29	41	48	51	59	60	72	74	89	91	99	103	137	162	172	196	225	238	251	256	274	
32060:	48	89	99	
32068:	172	
32069:	172	
32092:	16	46	55	72	79	97	102	122	132	133	138	154	159	161	164	207	209	253	256	276	
32093:	72	79	132	
32110:	33	57	125	
32120:	16	
32125:	40	59	64	67	90	138	170	205	208	240	256	269	278	
32126:	278	
32129:	103	
32136:	2	16	48	63	89	97	129	146	269	278	
32141:	2	63	78	167	188	195	202	258	
32142:	63	195	
32143:	258	
32145:	2	188	
32155:	259	
32156:	146	
32171:	247	
32271:	42	122	175	176	
32272:	42	
32342:	66	75	92	123	
32391:	72	90	
32396:	90	
32482:	237	
32502:	116	235	
32604:	55	
32623:	82	
32637:	239	
32638:	134	193	209	267	
32646:	14	112	170	
32727:	58	
32739:	32	
32751:	46	
32756:	236	
32772:	249	
32777:	99	105	
32792:	162	
32819:	2	36	78	90	100	150	166	
32823:	36	
32849:	11	150	
33042:	72	
33125:	81	
33216:	155	
33326:	269	
33382:	3	
33409:	96	
