11:	98	
16:	54	
17:	57	68	74	77	79	86	88	94	226	227	229	
23:	57	58	64	69	74	77	78	79	85	86	94	223	226	227	229	
37:	75	
44:	225	
49:	79	
61:	81	
73:	98	
350:	54	59	64	73	75	77	78	83	97	224	228	229	
396:	75	
627:	59	
630:	72	
641:	73	74	75	79	88	92	
642:	79	88	92	
690:	62	63	
766:	94	
779:	226	
807:	61	
813:	61	
834:	92	
835:	92	
851:	59	63	67	75	87	
869:	57	69	78	
927:	225	
946:	74	
974:	75	
1404:	80	
1451:	54	72	
1468:	59	
1520:	75	79	225	228	
1624:	87	
1625:	87	
1626:	87	
1711:	101	225	
1725:	225	
1846:	75	
1910:	79	
2088:	80	
2130:	54	74	75	78	80	83	84	88	90	92	95	96	97	98	101	222	224	
2134:	54	92	
2144:	54	80	90	92	95	97	222	
2145:	54	75	78	80	83	88	90	92	95	96	97	98	101	222	224	
2147:	80	
2165:	54	
2242:	225	
2297:	72	87	
2371:	69	
2387:	228	
2388:	228	
2519:	66	81	
2715:	80	
2716:	80	
2793:	66	
2816:	59	
2866:	54	88	92	
2879:	59	92	
2936:	79	
3237:	54	57	64	66	68	69	75	77	78	79	80	81	86	88	92	94	95	97	100	226	227	228	229	
3239:	92	
3247:	54	92	
3251:	77	229	
3257:	54	57	66	68	69	77	78	81	86	92	94	226	227	229	
3358:	75	
3372:	225	
3381:	59	73	74	78	80	222	
3492:	79	80	83	90	96	222	224	
3550:	78	
3551:	78	
3677:	74	
3764:	69	
4496:	79	
4778:	85	90	92	98	
4818:	54	66	69	73	74	75	83	97	101	222	224	
4857:	74	223	
5270:	59	
5507:	80	
5761:	78	
5762:	78	
5801:	79	
6249:	64	75	88	90	97	
6316:	94	226	
6543:	57	77	86	227	228	229	
6773:	75	
6778:	69	
6809:	73	74	
6827:	98	
6862:	68	226	
7087:	78	80	95	101	225	
7096:	80	95	
7106:	79	
7116:	57	69	80	
7151:	74	75	79	80	81	92	
7160:	73	
7161:	73	
7251:	80	
7306:	73	74	75	76	79	85	88	92	
7308:	75	
7336:	73	
7337:	73	
7347:	74	
7390:	73	
7406:	87	
7588:	75	79	88	92	
7743:	94	
7754:	225	
7778:	78	
8013:	90	
8128:	57	64	68	69	73	74	75	77	78	86	88	90	94	97	101	226	227	229	
8134:	57	68	69	77	78	86	88	94	97	226	227	229	
8183:	54	72	88	92	
8184:	88	92	
8584:	83	222	224	
8675:	225	
8719:	92	
8747:	64	69	75	
8999:	75	
9001:	75	
9139:	64	
9141:	64	
9290:	225	
9470:	225	
9541:	78	
9584:	87	
9610:	225	
9685:	64	75	
9690:	64	75	
9841:	73	
10254:	57	64	68	73	86	98	225	227	
10257:	57	64	68	73	86	98	227	
10345:	72	
10424:	57	64	68	69	75	77	86	94	98	227	229	
10426:	94	
10428:	94	
10550:	87	
10668:	92	
10749:	101	
11177:	78	90	
11371:	78	
11503:	88	90	
11610:	64	87	
11706:	73	74	78	
12142:	78	
12308:	71	
12448:	87	
12499:	90	98	
12611:	78	
13359:	57	73	74	75	77	78	83	85	86	94	95	96	101	224	226	227	229	
13361:	57	77	86	101	226	227	229	
13362:	57	77	86	227	229	
13367:	94	
13525:	54	75	79	88	97	
14002:	69	
14121:	88	95	
14176:	69	75	76	92	
14285:	78	
14306:	73	74	78	79	90	
14382:	225	
14539:	96	225	
14545:	225	
14616:	75	
14831:	70	100	
14835:	70	
14836:	100	
14890:	54	68	
14952:	226	
15018:	225	
15220:	74	
15317:	80	
15342:	69	
15520:	93	
15626:	68	
15873:	222	
15881:	54	56	57	66	69	73	74	75	77	78	79	80	81	83	86	88	92	94	95	97	101	223	224	225	226	227	228	229	
15890:	83	224	225	
15891:	74	223	
16130:	75	
16140:	57	77	86	227	229	
16192:	94	
16639:	226	
17246:	69	
17282:	97	
18802:	72	
19909:	89	101	
20087:	87	
20705:	83	224	
20893:	92	
21119:	64	79	81	94	
21216:	54	94	
21259:	225	
21270:	54	57	61	62	64	65	66	68	69	73	74	77	78	79	81	86	88	90	92	94	95	97	100	101	225	226	227	228	229	
21283:	88	
21331:	54	57	62	64	66	68	69	77	78	81	86	88	90	94	225	226	227	229	
21332:	54	65	77	229	
21333:	54	57	61	64	66	68	69	73	74	77	78	79	81	86	88	92	94	95	97	100	227	229	
21471:	101	
21501:	61	
21503:	61	
21527:	59	80	95	96	228	
21533:	228	
21643:	66	69	74	88	
21694:	97	
21712:	64	73	74	97	
21713:	97	
21769:	75	
21918:	60	
22044:	83	101	222	224	
22322:	73	78	83	94	101	222	224	226	
22590:	73	75	79	
22771:	87	
22987:	78	
23094:	222	
23247:	85	94	95	96	98	226	
23368:	64	69	72	75	83	95	222	224	
23571:	225	
23578:	225	
23624:	73	74	
23637:	54	72	88	90	222	
23798:	226	
23910:	60	64	69	75	77	82	88	95	225	229	
23954:	97	
24377:	94	
24458:	90	
24459:	90	
24465:	54	75	77	78	79	88	229	
24482:	69	
24681:	69	
24724:	87	
24761:	79	
24806:	222	
24810:	57	67	73	74	77	79	86	88	227	229	
24811:	79	
24820:	63	
24838:	84	
24839:	57	68	73	74	77	79	86	94	226	227	229	
24845:	54	72	88	
24852:	62	73	75	79	83	222	224	228	
24856:	222	228	
25128:	59	73	74	79	228	
25447:	96	
25451:	75	79	225	228	
25459:	94	
25578:	75	
25777:	225	
25905:	90	98	
25934:	57	77	85	86	227	229	
25977:	87	
25978:	87	
26245:	225	
26504:	74	
26853:	73	225	
26888:	69	
27627:	225	
27664:	64	
27675:	64	
27909:	225	
27935:	90	
27936:	79	225	
28026:	80	95	97	
28077:	87	
28090:	226	
28458:	79	
28494:	54	
28539:	59	
28616:	222	
28632:	69	
28834:	74	79	
29091:	57	64	86	227	
29331:	54	77	80	88	92	96	229	
29460:	96	
29496:	59	
29548:	64	
29549:	64	
29551:	55	
29559:	59	
29561:	59	
29720:	92	
29721:	54	57	60	62	63	64	66	67	68	69	73	75	77	78	81	82	83	85	86	88	90	92	94	95	97	101	222	223	224	225	226	227	229	
29722:	90	
29723:	60	82	88	95	
29728:	54	65	77	80	83	88	90	92	95	97	222	224	228	229	
29729:	222	
29737:	79	
29741:	53	54	56	57	59	61	62	64	66	68	69	70	72	73	74	75	76	77	78	79	80	81	83	85	86	88	90	91	92	94	95	96	97	98	100	101	222	224	226	227	229	
29744:	225	
29789:	98	
29812:	72	
30082:	75	
30289:	225	
30753:	93	
30773:	79	
30818:	90	
31172:	64	
31201:	85	
31320:	57	64	68	69	73	74	75	77	83	86	95	98	222	224	227	229	
31406:	226	
31570:	83	88	222	224	225	
32043:	81	
32048:	79	
32056:	78	79	
32107:	75	
32125:	59	78	
32739:	75	79	80	
32819:	73	75	79	222	
