24:	37	48	84	103	106	119	121	149	158	173	179	181	
44:	101	119	134	
299:	16	56	184	
314:	135	
350:	3	10	16	29	36	47	56	57	58	69	75	83	100	102	113	123	127	128	129	131	145	165	179	184	188	189	
364:	188	
366:	185	
382:	16	51	85	
418:	13	73	106	119	138	155	167	168	175	
423:	13	81	186	
450:	18	51	103	138	
492:	101	
599:	93	
641:	5	111	152	157	159	
642:	5	152	159	
766:	1	
779:	111	
798:	56	184	
800:	16	56	184	
807:	16	56	184	
819:	16	56	184	
851:	156	
869:	67	78	94	105	119	
875:	119	
877:	119	
996:	165	
1045:	171	
1047:	74	
1071:	177	
1073:	77	
1074:	77	
1075:	77	
1096:	157	191	
1097:	11	109	179	
1110:	76	
1149:	112	
1156:	105	136	
1172:	12	26	173	
1178:	72	106	190	
1204:	59	61	79	127	131	
1208:	167	
1213:	88	127	
1281:	151	
1296:	56	123	184	
1327:	56	184	
1453:	87	112	127	131	
1520:	100	173	
1551:	102	127	131	172	
1556:	97	
1624:	8	31	125	
1625:	125	
1627:	63	135	
1628:	63	135	
1637:	167	
1653:	19	28	46	53	116	119	183	189	
1656:	183	
1671:	67	84	
1672:	67	84	
1702:	177	
1711:	10	146	174	188	
1767:	146	
1804:	191	
1816:	120	
1833:	51	
1834:	51	
1846:	28	
1868:	186	
1900:	56	184	
1901:	100	133	
1904:	186	
1910:	64	
1934:	55	
1959:	41	
2024:	101	
2130:	51	54	128	155	
2149:	101	
2152:	54	
2180:	89	
2237:	80	
2241:	171	
2250:	189	
2282:	13	123	171	174	
2297:	111	114	125	138	155	157	175	
2331:	77	
2363:	46	171	
2366:	146	186	
2378:	101	112	123	179	188	
2402:	34	
2403:	20	27	30	34	35	41	43	95	98	133	137	140	154	162	181	
2492:	182	
2519:	11	109	111	
2560:	24	
2581:	21	22	29	56	68	102	153	157	167	184	
2599:	171	172	
2601:	100	145	
2602:	171	172	
2816:	28	40	62	126	145	186	
2902:	93	
2936:	91	
2959:	177	
3054:	37	39	75	81	191	
3056:	41	47	75	81	89	129	133	191	
3062:	191	
3069:	191	
3073:	191	
3112:	56	184	
3184:	51	123	141	
3216:	131	
3237:	10	11	19	24	27	33	36	38	39	40	41	46	54	58	60	63	65	66	69	72	84	91	97	98	99	103	105	106	113	117	125	127	132	133	137	138	144	147	149	153	156	158	161	162	163	166	173	182	190	
3258:	24	39	91	132	138	144	173	
3296:	49	
3310:	144	
3321:	8	22	54	56	63	132	184	
3381:	26	29	63	103	106	125	145	158	
3410:	181	
3425:	51	60	85	123	161	179	181	
3427:	138	
3469:	179	
3492:	56	101	136	146	155	173	184	
3547:	135	
3578:	59	127	
3630:	63	
3660:	109	
3731:	101	146	174	177	
3741:	46	64	78	87	105	112	152	186	
3795:	12	
3836:	100	
3842:	100	
3854:	100	
3865:	123	
3908:	123	
4173:	174	
4251:	62	
4266:	56	123	184	
4334:	49	188	
4347:	123	
4351:	13	
4361:	134	
4364:	175	
4453:	100	172	
4455:	100	
4575:	101	121	128	145	171	
4663:	65	
4741:	171	
4818:	10	63	72	106	121	144	190	
4891:	114	175	
4902:	97	191	
4907:	191	
4926:	61	
4940:	41	47	
4941:	41	47	
4953:	123	
4970:	146	
5110:	180	
5187:	115	
5294:	102	
5295:	102	
5315:	146	
5427:	13	175	
5444:	87	
5454:	80	
5535:	138	
5593:	16	
5653:	16	59	68	74	79	115	154	175	
5658:	55	181	
5741:	126	
5768:	7	32	92	121	
5769:	7	32	92	121	
5770:	121	
5847:	179	
5912:	63	
5926:	94	101	146	
5932:	74	
5934:	138	
6027:	21	22	26	29	31	37	38	49	58	60	65	68	69	83	88	93	100	102	113	125	129	137	141	153	157	162	163	171	172	
6035:	175	
6056:	42	
6157:	128	
6274:	111	
6277:	76	
6304:	170	
6307:	174	177	
6369:	5	
6381:	102	
6382:	24	39	116	132	
6390:	18	158	
6416:	3	16	24	87	104	112	135	138	
6438:	87	
6440:	87	112	127	131	
6459:	35	91	
6497:	77	
6548:	77	
6568:	13	191	
6616:	59	
6617:	59	61	127	131	183	
6626:	127	
6750:	109	
6753:	16	
6905:	2	9	20	24	27	34	41	47	60	105	117	118	129	137	162	166	189	
6908:	141	
6966:	115	
6979:	51	54	
6981:	54	
7002:	119	
7049:	102	
7087:	46	54	123	
7096:	54	123	
7106:	3	96	
7116:	89	188	
7151:	11	12	24	48	60	76	109	111	116	137	152	153	158	161	167	170	173	175	
7152:	11	12	48	60	109	111	116	137	152	158	161	170	173	175	
7175:	156	
7249:	87	
7267:	4	7	26	37	38	92	121	125	
7270:	3	31	42	56	82	86	99	101	111	146	155	167	177	184	
7276:	146	172	
7329:	155	
7369:	186	
7414:	58	163	
7454:	29	66	68	69	
7503:	165	
7508:	3	
7515:	124	
7560:	4	
7573:	171	
7588:	146	
7634:	97	
7684:	63	
7743:	1	
7746:	119	
7778:	18	
7809:	16	56	184	
7818:	56	184	
7821:	56	184	
7839:	59	95	127	186	
7988:	8	158	
7989:	8	12	24	27	37	39	41	45	47	48	103	106	109	117	132	133	152	153	155	166	177	
8095:	71	128	
8128:	5	
8130:	5	
8197:	51	54	123	126	165	183	
8201:	51	123	
8202:	165	
8207:	54	
8210:	144	
8216:	38	75	123	129	153	162	
8235:	177	183	
8238:	183	
8336:	72	190	
8341:	172	
8408:	100	
8414:	165	182	
8423:	175	
8503:	18	
8536:	155	
8577:	63	
8593:	27	36	91	
8596:	71	
8603:	121	177	
8634:	67	
8637:	29	68	122	145	
8784:	25	142	
8825:	58	143	175	
8827:	14	
8828:	14	
8867:	172	
8902:	55	
8930:	27	162	
9040:	26	96	171	175	179	
9077:	48	
9107:	175	
9240:	171	
9311:	8	
9336:	76	
9341:	76	
9350:	26	
9374:	175	
9390:	10	12	176	
9431:	191	
9541:	8	28	55	63	76	116	121	125	146	177	181	
9547:	55	181	
9589:	77	
9599:	81	
9609:	101	
9610:	111	121	146	177	
9645:	138	
9658:	89	97	
9751:	56	184	
9754:	56	184	
9797:	165	
9806:	61	
9841:	16	56	90	184	185	
9847:	89	
9921:	4	63	72	190	
9979:	115	118	
9985:	175	
10049:	89	97	106	121	123	135	144	155	165	178	179	189	
10052:	89	97	106	121	123	135	144	155	165	178	189	
10053:	89	97	106	121	123	135	144	155	165	178	189	
10061:	4	72	144	178	190	
10094:	156	
10110:	89	191	
10168:	115	
10179:	146	
10254:	48	106	
10257:	48	106	
10277:	179	
10325:	181	
10349:	76	
10380:	46	
10385:	188	
10671:	156	
10676:	58	
10692:	77	
10770:	191	
10789:	143	
10816:	139	
10860:	115	
11084:	123	
11144:	123	
11168:	123	
11177:	88	145	171	
11181:	88	171	
11189:	145	
11195:	5	
11306:	163	
11459:	102	
11610:	7	14	19	21	22	28	29	33	36	46	49	51	53	54	68	85	88	94	116	125	152	165	167	177	183	188	191	
11631:	37	
11632:	37	
11680:	191	
11706:	101	130	
11735:	24	67	149	
11745:	17	31	50	63	
11747:	31	63	
11751:	17	50	
11820:	104	
11922:	179	
12021:	123	
12082:	77	
12091:	181	182	
12096:	191	
12142:	133	
12155:	112	
12221:	26	
12238:	26	59	79	127	183	
12286:	4	121	
12287:	46	63	88	121	163	
12290:	88	
12360:	55	
12362:	55	
12383:	22	37	38	111	142	
12384:	1	
12399:	22	146	
12400:	22	146	
12413:	115	133	175	
12499:	4	
12609:	71	95	141	170	
12610:	141	
12658:	175	
12828:	75	
12831:	127	131	
12958:	76	
12967:	71	
12969:	20	30	34	137	140	162	
13091:	175	
13105:	24	37	87	112	
13136:	146	
13155:	80	
13205:	46	
13359:	4	26	37	38	72	106	142	144	158	173	179	190	
13371:	144	
13414:	131	
13483:	87	112	
13520:	123	
13522:	128	165	
13525:	85	89	188	
13553:	123	
13686:	186	
13710:	77	
13752:	144	
13753:	144	
13899:	182	
13907:	179	
13919:	183	
13982:	111	
13985:	128	
14055:	12	43	48	60	95	106	109	111	140	161	179	
14121:	57	
14140:	115	
14172:	132	
14176:	15	
14179:	133	
14181:	133	
14186:	131	
14198:	89	
14245:	10	11	72	103	106	121	144	173	179	181	190	191	
14246:	42	
14315:	63	
14316:	63	
14367:	139	191	
14375:	188	
14382:	4	28	
14384:	28	
14406:	74	
14417:	56	123	126	165	183	184	
14431:	123	
14447:	61	
14449:	61	126	
14458:	51	54	56	123	184	
14471:	6	33	61	126	183	
14476:	80	123	
14505:	35	
14522:	12	25	26	37	38	42	49	109	152	153	167	
14523:	25	
14530:	94	
14539:	49	
14629:	26	56	93	101	112	155	184	
14659:	95	118	127	
14663:	141	191	
14720:	185	
14728:	74	
14890:	12	
14936:	123	
14958:	63	112	177	186	189	
14992:	106	145	
15044:	37	56	87	184	
15122:	2	74	154	
15139:	175	
15144:	14	103	111	146	165	177	
15150:	156	
15157:	119	
15177:	101	
15182:	72	190	
15222:	115	
15253:	97	
15267:	33	107	123	156	
15280:	4	76	122	
15288:	76	
15303:	175	
15319:	12	106	
15355:	8	10	48	167	
15389:	175	
15396:	189	
15476:	155	
15494:	33	
15511:	153	
15532:	175	
15574:	77	
15711:	5	
15735:	165	
15744:	74	
15759:	5	24	26	39	106	109	111	
15766:	37	
15767:	56	102	112	126	131	171	172	184	
15858:	56	184	
15873:	136	
15874:	74	151	
15875:	33	34	71	92	109	141	159	
15881:	13	28	48	49	56	89	95	100	103	106	119	123	142	152	155	158	165	167	172	173	174	179	184	
15897:	165	167	
15937:	26	76	
16060:	88	
16086:	33	103	
16099:	16	
16100:	138	
16116:	107	
16149:	72	144	190	
16163:	54	56	184	
16167:	123	
16174:	123	
16220:	144	
16251:	11	53	60	85	138	161	172	179	181	
16254:	138	
16290:	175	
16308:	189	
16493:	151	
16529:	189	
16720:	131	177	179	
16849:	127	144	
16872:	115	
16939:	130	
17073:	13	
17215:	11	181	
17246:	74	146	
17389:	26	179	
17391:	10	
17396:	7	
17397:	8	13	22	26	37	38	133	153	171	175	179	181	
17399:	3	5	9	11	12	13	20	22	24	26	27	28	29	30	31	34	37	38	39	40	41	43	47	48	49	58	60	63	66	69	75	77	81	82	98	100	105	106	110	111	112	114	117	118	122	125	129	132	133	134	137	140	142	145	149	153	157	159	161	162	166	171	179	191	
17400:	75	137	
17404:	74	
17405:	26	162	
17408:	37	38	131	133	171	172	
17409:	171	
17412:	61	131	
17414:	4	
17415:	111	119	189	
17445:	181	
17489:	18	
17532:	42	
17634:	3	35	63	87	112	138	
17663:	56	87	88	112	179	184	
17673:	87	88	112	179	
17677:	26	37	87	112	142	
17691:	78	100	118	138	183	
17868:	128	
17877:	67	
18175:	29	40	42	138	186	188	
18177:	186	
18182:	186	
18186:	186	
18187:	186	
18195:	186	
18203:	188	
18241:	138	
18652:	58	
18657:	88	111	152	167	
18714:	141	
18719:	120	
18720:	76	
18722:	3	9	11	27	41	47	60	63	105	117	133	140	161	162	
18723:	3	9	11	27	41	47	60	63	105	117	133	140	161	162	
18725:	9	47	118	138	153	166	
18768:	185	
18961:	5	11	13	33	37	103	106	109	153	173	
19022:	167	
19030:	167	
19167:	4	
19211:	35	
19213:	145	
19260:	180	
19262:	119	
19269:	120	
19304:	18	46	128	175	191	
19493:	42	119	174	177	189	
19500:	101	
19538:	29	145	
19562:	46	
19591:	33	
19592:	33	
19735:	128	
19748:	28	
19800:	189	
19826:	170	
19883:	13	
19897:	177	
19916:	18	
19929:	13	106	109	133	157	173	174	
19932:	109	174	
20064:	138	
20101:	19	56	61	64	100	125	145	158	183	184	
20135:	119	
20172:	89	
20187:	3	63	120	138	151	
20188:	63	120	
20190:	138	
20214:	121	
20216:	146	153	
20318:	51	
20404:	46	
20451:	128	
20653:	46	
20658:	128	
20705:	56	184	
20740:	58	66	69	94	122	156	
20822:	154	
20902:	56	184	
20916:	35	79	95	102	126	154	
20918:	88	
20919:	61	79	102	126	127	131	
20920:	87	112	
20924:	138	
21020:	51	155	
21063:	10	67	71	76	91	111	118	124	173	
21119:	10	13	71	74	111	179	
21121:	179	
21136:	186	
21216:	1	
21224:	123	
21254:	5	11	13	31	35	63	71	74	88	103	107	109	118	141	152	
21255:	59	183	
21270:	127	131	138	151	
21335:	138	
21348:	42	115	119	143	146	175	
21501:	175	
21527:	54	123	
21542:	79	
21552:	29	67	
21622:	191	
21675:	98	
21848:	3	52	
21875:	181	
21883:	11	133	143	175	191	
21884:	143	
21905:	165	
21932:	156	181	
21941:	175	
21977:	144	
22016:	97	
22126:	33	
22139:	8	163	
22212:	8	181	
22252:	181	
22302:	138	
22316:	159	
22494:	92	
22502:	16	165	
22507:	16	
22514:	165	
22590:	42	
22659:	25	
22691:	116	
22737:	14	
22768:	10	109	
22771:	63	71	
22776:	71	
22783:	3	8	12	31	48	95	109	120	138	152	158	159	167	172	
22840:	4	
22873:	175	
22874:	175	
23053:	92	
23080:	142	
23082:	142	
23247:	5	42	111	
23252:	42	
23368:	4	61	68	156	173	
23411:	146	
23435:	153	
23436:	153	
23479:	191	
23484:	191	
23503:	171	
23521:	139	
23540:	87	112	
23571:	28	155	
23596:	78	
23629:	56	184	
23637:	28	49	51	111	128	144	146	
23733:	181	
23789:	21	
23810:	99	
23828:	119	186	
23849:	21	
23874:	111	
23875:	111	
23910:	28	92	185	
23943:	54	
23954:	133	
24033:	88	
24051:	5	
24198:	2	35	91	95	115	138	154	
24199:	2	35	91	95	115	138	154	
24302:	152	
24321:	59	102	127	131	172	
24331:	32	
24386:	12	13	20	24	27	35	39	47	56	81	95	96	102	105	117	120	129	133	142	154	162	165	184	191	
24387:	56	184	
24388:	56	184	
24391:	39	117	133	
24436:	101	
24443:	28	
24563:	14	
24566:	115	
24636:	28	46	101	120	
24641:	101	
24681:	63	
24688:	100	
24708:	53	171	172	
24753:	42	
24777:	20	98	116	
24786:	181	182	
24810:	10	175	177	
24812:	177	
24839:	143	
24845:	11	12	13	19	20	21	22	24	26	27	29	30	36	37	38	39	40	41	46	47	51	53	58	59	60	62	65	66	67	68	69	75	78	80	83	87	89	92	93	97	98	100	102	103	105	106	107	109	112	114	116	117	119	121	122	123	125	129	131	132	134	135	137	140	142	144	145	152	153	154	155	156	157	158	161	162	165	166	171	172	178	179	183	186	188	189	191	
24852:	8	13	20	24	25	27	30	32	33	34	37	38	41	43	45	47	49	60	63	85	88	92	98	109	117	129	137	140	141	152	153	161	162	171	
24866:	33	49	85	
24877:	63	109	141	152	
24907:	76	
24979:	109	
24988:	115	
25011:	8	
25016:	8	
25029:	76	
25110:	118	130	177	
25164:	156	
25179:	125	163	
25243:	12	13	20	24	27	39	47	48	129	142	152	
25298:	56	80	184	
25350:	74	
25351:	170	
25369:	69	
25374:	8	
25381:	123	
25383:	123	
25385:	123	
25407:	123	
25445:	146	163	
25451:	100	173	
25667:	2	27	128	138	143	173	
25671:	2	27	138	143	173	
25681:	24	81	97	133	
25836:	6	
25905:	14	173	
25934:	4	5	63	
25945:	33	
25977:	76	
25978:	76	
26005:	41	47	
26008:	21	29	36	39	40	46	47	58	65	66	67	68	69	83	84	93	113	122	145	156	157	163	175	
26009:	66	113	
26014:	26	77	165	
26134:	94	101	174	177	
26153:	16	56	89	138	165	184	185	
26164:	138	
26172:	16	
26278:	8	141	174	
26457:	67	
26504:	12	41	47	81	105	117	118	122	129	133	162	191	
26511:	12	41	47	105	117	118	129	133	162	
26514:	122	
26534:	191	
26635:	110	142	171	
26848:	179	
26853:	49	51	174	
26862:	127	131	
26863:	131	
26864:	131	
26910:	87	112	
26911:	87	112	
26914:	156	
26939:	113	
26969:	42	
26970:	42	
27015:	123	
27075:	26	179	
27116:	59	79	
27124:	152	
27174:	156	
27275:	28	85	188	
27277:	85	
27280:	120	
27302:	76	
27320:	155	167	
27519:	150	
27617:	85	155	
27675:	6	8	33	75	81	112	121	134	158	163	165	183	186	189	191	
27678:	121	
27680:	6	33	
27705:	100	
27727:	1	
27832:	135	
27879:	89	95	
27888:	177	
27900:	51	54	
27901:	51	54	123	
27920:	3	16	25	28	31	36	55	59	73	79	96	99	116	120	141	151	170	171	172	187	188	189	
27922:	16	
27935:	173	
27936:	28	89	
27976:	139	
27983:	85	92	
27985:	138	
27987:	16	
28003:	77	
28119:	92	
28157:	144	
28198:	61	
28213:	6	54	
28259:	183	
28294:	127	
28301:	133	
28326:	5	
28335:	70	
28445:	51	
28450:	51	
28470:	63	
28530:	107	
28539:	72	93	190	
28616:	136	
28642:	54	88	
28655:	175	
28661:	19	51	61	72	119	138	139	146	171	190	
28664:	138	
28668:	76	85	111	119	155	165	174	177	182	188	
28759:	18	
28784:	123	
28900:	138	
28923:	37	
29021:	29	40	58	64	67	116	122	145	157	
29046:	141	
29091:	4	7	18	63	92	121	126	144	
29147:	2	3	35	95	118	133	138	154	
29148:	2	3	35	95	118	133	138	154	
29231:	56	184	
29263:	143	
29288:	5	71	
29331:	101	179	
29332:	179	
29402:	89	
29443:	171	
29464:	111	
29784:	186	
29793:	171	
29796:	139	
29819:	35	115	175	
29820:	85	
29849:	29	36	40	64	65	67	68	88	113	122	145	
29928:	103	133	
29929:	105	
30012:	127	
30047:	74	134	
30048:	74	134	
30051:	102	
30156:	74	134	151	
30204:	133	
30270:	101	
30436:	74	
30475:	35	61	79	95	126	127	131	154	
30477:	35	79	95	126	154	
30478:	126	
30479:	79	
30480:	126	
30481:	61	79	126	127	131	
30619:	26	31	38	95	100	142	154	173	179	
30620:	100	173	
30622:	111	
30818:	51	
30848:	26	
30906:	126	
30947:	84	99	
30948:	89	
31019:	1	11	16	28	46	52	53	104	111	188	
31021:	28	
31031:	135	
31102:	31	
31103:	31	
31289:	127	
31382:	35	
31383:	35	
31384:	35	
31430:	118	
31556:	35	
31626:	141	
31725:	56	184	
31773:	44	
31823:	27	30	34	39	41	47	74	94	98	129	130	133	162	177	
31885:	179	
31971:	1	2	3	5	8	9	10	11	12	13	14	15	16	17	18	19	20	22	23	24	25	26	27	29	30	31	34	35	36	37	38	39	40	41	42	43	44	45	46	47	48	49	56	58	60	61	63	64	65	66	67	68	69	70	71	72	73	74	80	81	82	83	84	87	88	90	91	93	94	95	96	97	98	99	100	101	103	104	105	106	107	108	109	110	111	112	114	115	116	117	118	119	120	122	124	125	127	129	130	132	133	134	135	137	138	140	141	142	143	144	145	146	148	150	151	152	153	154	155	156	157	158	159	160	161	162	163	164	165	166	167	168	169	170	171	172	173	174	175	176	177	179	181	184	185	187	190	191	
31972:	56	184	
31973:	135	
31974:	22	153	167	
31975:	83	135	
31976:	133	
31977:	16	
31978:	16	56	90	184	
31979:	90	
31980:	80	174	
31981:	72	106	190	
31982:	61	
31983:	174	
31984:	171	
31985:	72	106	133	190	
31986:	99	114	
31987:	1	9	11	13	16	19	20	22	23	24	26	27	29	30	31	34	36	37	38	39	40	41	42	43	45	47	49	58	60	64	65	66	69	70	80	82	84	97	98	99	100	103	105	106	109	110	114	117	118	119	120	122	125	129	132	133	137	140	142	145	148	152	153	155	156	160	161	162	163	165	166	168	169	171	172	179	181	
31988:	11	20	22	26	27	36	37	38	39	47	60	69	98	103	105	106	109	114	117	125	132	137	140	152	161	162	166	172	179	
31991:	13	
31992:	84	
31993:	1	11	111	
31994:	15	174	177	
31995:	56	123	155	184	
31996:	123	
31997:	56	184	
31998:	3	28	85	188	
32000:	85	188	
32001:	85	188	
32005:	94	
32011:	171	
32014:	13	
32015:	19	
32019:	10	29	36	40	66	106	145	157	
32020:	35	
32021:	102	
32022:	144	
32025:	144	
32043:	130	
32048:	146	
32059:	174	
32125:	3	
32135:	175	
32136:	46	186	
32141:	51	
32142:	51	
32171:	15	174	177	
32181:	128	
32252:	131	
32469:	75	
32470:	75	
32509:	63	
32553:	142	
32554:	142	
32630:	91	
32739:	24	109	152	153	167	
32799:	42	84	145	149	158	173	179	181	
32800:	149	
32879:	10	36	40	66	106	145	157	
32880:	10	36	40	66	106	145	157	
32893:	175	
33083:	178	
33085:	7	32	
33090:	7	
33101:	32	
33110:	118	
33124:	92	
33266:	42	
33374:	63	
33375:	63	
