25:	376	
44:	33	42	47	49	63	88	118	164	190	201	204	229	243	339	346	421	426	473	
61:	12	58	209	243	290	405	431	
65:	174	245	
68:	145	
69:	145	
96:	368	
152:	382	
203:	76	
231:	457	
312:	117	227	
315:	264	
319:	308	
326:	3	308	
327:	95	
350:	5	10	12	14	15	16	25	28	29	32	35	37	42	44	49	51	52	55	57	58	63	64	65	67	72	74	77	80	87	96	98	99	103	113	124	143	146	157	158	163	164	166	167	170	171	174	175	178	180	181	182	194	195	196	201	203	204	206	208	209	211	212	215	218	223	225	226	228	229	231	232	233	241	242	243	244	250	251	254	258	259	261	268	269	271	272	279	281	282	284	288	290	296	301	303	306	310	311	313	315	318	325	330	331	334	339	342	344	345	346	348	360	368	372	377	378	385	387	394	396	407	408	410	411	415	417	419	421	426	433	439	447	448	454	465	470	473	476	483	484	485	488	491	496	503	504	507	508	509	514	520	522	
367:	312	393	
377:	39	172	173	268	278	399	437	480	
382:	3	29	56	59	91	95	103	104	110	119	129	143	145	150	186	201	209	230	259	262	265	281	324	409	431	434	448	462	475	482	483	485	492	515	516	
390:	173	214	267	299	
391:	414	
396:	132	
405:	29	104	337	342	425	
406:	337	
408:	98	391	
419:	83	
422:	386	
423:	414	418	442	513	523	
425:	523	
427:	442	
434:	376	
439:	381	
450:	29	88	146	149	180	237	243	262	376	389	419	467	502	
459:	88	180	376	419	
488:	50	
490:	50	
491:	277	479	480	
492:	230	346	446	
501:	282	
507:	260	411	
584:	393	
592:	49	94	139	221	227	332	363	390	424	460	461	
593:	49	94	227	
594:	332	424	
604:	50	62	63	94	204	269	300	341	343	369	372	424	426	517	
641:	77	93	116	140	170	282	391	398	470	521	
642:	470	521	
680:	14	201	230	292	336	368	370	
689:	368	
690:	102	
711:	382	
732:	282	
842:	181	
851:	3	15	53	56	72	170	196	197	201	244	276	284	310	360	363	368	383	386	396	433	448	460	482	505	
856:	67	143	
860:	26	
869:	67	192	221	278	343	376	502	
871:	221	
875:	376	502	
877:	502	
903:	434	
907:	395	
933:	435	
934:	387	474	
942:	461	
949:	83	
1016:	17	28	45	53	54	57	62	81	83	94	104	111	119	131	139	147	161	167	171	196	200	204	205	206	209	216	230	247	250	288	302	308	311	312	313	320	370	407	410	417	424	426	427	462	463	470	473	517	
1025:	250	
1029:	474	
1035:	222	
1047:	384	
1048:	384	
1062:	313	
1071:	221	
1072:	221	
1073:	265	
1084:	384	
1096:	66	521	
1097:	67	93	230	398	421	433	469	
1101:	270	271	
1109:	458	
1119:	29	
1156:	213	
1158:	180	
1170:	110	
1176:	267	
1181:	74	
1187:	305	
1199:	265	
1209:	352	
1236:	475	
1270:	125	
1288:	11	
1350:	192	
1374:	111	131	239	281	410	
1375:	386	
1404:	163	
1408:	50	146	414	
1419:	483	
1431:	436	
1461:	327	
1504:	63	
1509:	374	
1512:	42	63	204	303	339	369	421	
1520:	91	234	245	419	
1530:	292	
1563:	436	
1573:	436	
1592:	280	
1611:	74	
1637:	288	446	520	
1642:	288	
1653:	13	32	42	111	185	187	190	203	204	213	234	258	259	278	311	330	340	348	357	360	421	469	473	480	520	
1670:	374	
1710:	53	167	281	386	447	
1711:	19	22	24	58	61	83	96	113	114	120	131	137	138	148	150	165	182	184	205	206	216	221	226	232	236	245	252	259	268	276	277	285	286	306	311	350	354	357	358	361	362	364	381	388	399	401	402	407	410	415	423	430	437	458	467	479	486	488	500	501	502	504	508	518	523	
1714:	306	437	
1720:	252	467	
1732:	315	
1800:	33	48	175	242	254	313	320	372	421	424	496	
1806:	411	
1812:	192	
1824:	32	94	117	139	330	333	390	461	
1828:	32	94	117	139	330	333	390	461	
1846:	32	218	253	258	259	277	318	330	369	419	421	469	479	480	496	
1865:	344	
1866:	195	
1867:	185	
1868:	98	241	491	
1901:	1	47	134	192	221	252	269	477	480	
1904:	414	
1910:	105	228	344	
1917:	224	233	464	
1929:	434	445	
1930:	445	
1931:	434	
1934:	74	
1955:	348	
1958:	239	
1988:	202	
2024:	82	97	163	166	203	210	211	218	219	245	346	352	387	392	416	458	480	508	
2027:	210	
2035:	253	353	
2037:	253	
2054:	164	310	312	489	491	500	506	508	
2067:	124	
2085:	150	226	241	344	346	347	419	
2088:	26	35	56	70	87	90	91	95	140	145	172	177	178	197	216	218	226	240	276	278	279	299	306	348	378	387	394	399	406	437	453	456	483	485	492	508	
2093:	218	
2095:	508	
2100:	399	
2105:	241	
2106:	241	
2124:	275	
2130:	38	47	58	74	88	199	203	219	296	397	
2174:	194	
2188:	72	
2189:	435	
2242:	12	420	
2244:	469	
2247:	7	
2248:	467	
2252:	470	
2256:	4	95	106	216	246	249	267	288	339	402	407	
2259:	106	288	
2270:	24	
2282:	117	191	288	402	414	515	
2297:	73	252	325	515	
2308:	318	
2316:	508	
2331:	385	
2333:	385	
2339:	217	
2350:	180	
2363:	46	58	237	275	290	360	379	397	
2364:	237	
2378:	30	67	336	367	389	502	
2390:	185	
2403:	170	
2410:	175	
2433:	109	265	315	365	465	
2448:	227	
2456:	210	
2463:	400	
2489:	163	331	
2491:	227	
2492:	141	374	
2508:	374	
2510:	141	
2516:	386	
2517:	495	
2519:	77	100	140	206	224	276	288	329	371	459	523	
2534:	318	
2541:	50	
2581:	521	
2591:	428	
2608:	242	265	
2645:	312	436	479	486	
2646:	486	
2670:	453	
2671:	316	
2685:	304	490	519	
2694:	265	
2700:	100	109	163	201	265	315	372	383	408	473	513	
2701:	109	265	383	
2702:	163	
2708:	135	
2743:	234	
2751:	210	
2765:	22	
2785:	95	
2815:	416	
2816:	4	7	14	58	91	95	106	118	121	175	177	202	215	234	241	246	277	278	288	309	341	345	367	402	415	436	439	442	468	475	484	490	492	504	505	514	523	
2825:	241	
2835:	436	490	
2847:	352	
2873:	58	60	74	108	249	290	474	
2879:	15	95	100	110	284	325	346	434	491	
2891:	425	
2902:	105	
2936:	201	
2940:	119	
2953:	357	
2956:	347	
2972:	175	246	
2975:	14	81	
2978:	311	
3029:	205	327	
3054:	175	
3056:	98	105	116	175	347	411	
3074:	357	
3087:	155	156	189	190	248	331	362	381	443	
3093:	346	
3111:	393	
3115:	420	
3127:	42	204	372	383	
3143:	114	
3147:	72	
3157:	386	
3183:	316	
3211:	306	
3237:	12	59	73	90	95	108	127	137	182	218	264	274	306	309	312	313	352	360	362	364	386	392	413	415	429	436	457	483	485	490	502	515	
3264:	144	
3306:	397	
3321:	24	59	80	95	124	140	144	163	197	205	210	230	235	250	251	252	267	268	290	306	310	312	344	346	347	362	364	381	383	387	411	426	450	466	475	483	494	502	
3324:	450	
3330:	109	216	325	
3336:	98	116	
3338:	98	116	
3375:	336	
3381:	10	21	40	47	94	96	104	118	124	150	192	265	287	371	432	467	486	489	502	
3394:	120	
3396:	465	
3406:	346	
3410:	82	352	376	511	
3415:	145	448	
3420:	466	
3424:	185	
3425:	6	51	63	77	158	239	246	265	301	339	410	522	523	
3434:	49	50	94	242	254	260	269	320	372	473	496	503	
3484:	385	
3492:	38	47	58	60	64	73	86	88	96	112	141	148	152	163	164	166	195	210	219	234	241	243	249	285	286	287	318	322	328	352	374	379	385	393	397	411	416	419	428	436	455	472	481	486	500	501	511	
3501:	299	
3515:	408	
3524:	76	241	480	
3565:	73	
3567:	73	125	127	
3568:	73	
3570:	73	125	127	
3571:	125	
3573:	73	
3586:	393	
3594:	211	
3599:	173	
3605:	502	
3606:	45	
3617:	448	
3641:	12	
3647:	12	
3675:	385	
3677:	398	495	
3686:	239	
3710:	135	311	
3711:	506	
3731:	332	
3741:	14	37	73	105	165	180	193	278	300	326	343	344	369	449	
3745:	93	
3766:	111	163	206	270	410	
3924:	74	
3953:	512	
3981:	87	368	
3990:	494	
4110:	399	
4111:	494	
4113:	310	
4150:	233	
4152:	99	138	231	232	233	362	423	447	448	509	
4153:	14	233	
4154:	8	14	41	55	138	233	362	364	423	
4244:	83	
4248:	219	
4251:	27	188	
4283:	272	
4304:	210	
4314:	401	
4322:	327	
4326:	129	
4334:	310	
4351:	430	436	490	
4358:	180	
4366:	352	
4371:	245	
4424:	384	
4428:	44	89	155	189	474	
4443:	35	245	367	507	
4448:	245	
4453:	155	156	189	
4469:	411	
4472:	129	
4476:	518	
4496:	381	
4556:	35	
4561:	77	
4575:	105	385	
4580:	516	
4584:	234	
4637:	35	
4645:	279	429	
4696:	49	
4703:	272	
4717:	45	132	205	
4722:	355	
4740:	174	
4772:	64	
4777:	318	
4778:	408	
4784:	408	
4795:	316	
4800:	446	
4812:	2	182	
4818:	66	239	
4829:	182	243	
4830:	182	
4849:	80	
4850:	124	230	273	416	
4851:	124	163	
4864:	234	
4880:	158	260	285	469	
4886:	89	155	189	
4902:	175	
4907:	175	
4931:	31	
5001:	522	
5025:	5	7	15	18	32	36	47	96	109	110	113	115	120	132	137	143	152	157	165	166	173	174	178	179	182	194	195	203	206	211	212	214	216	218	220	221	224	225	226	228	243	245	252	254	258	259	265	267	268	271	284	285	287	296	297	299	300	302	305	309	311	322	325	330	341	345	350	361	365	369	372	393	396	399	407	408	415	416	422	437	439	453	454	459	464	465	467	469	470	477	479	480	494	496	497	502	504	507	
5027:	7	15	47	96	109	110	113	115	120	132	137	143	157	165	166	173	174	178	179	182	203	206	211	212	214	216	218	221	224	226	243	245	252	265	267	268	284	285	287	296	299	302	309	311	325	350	361	365	393	399	407	408	415	416	437	453	454	459	464	465	467	470	477	479	480	494	502	504	
5028:	152	
5031:	499	
5041:	243	
5143:	203	245	
5157:	53	72	119	181	196	427	432	458	476	492	
5162:	427	
5165:	119	181	196	476	492	
5171:	53	72	119	181	432	458	
5178:	57	114	
5187:	52	359	425	475	515	
5192:	28	29	91	119	168	171	209	253	337	394	433	492	
5200:	171	
5215:	13	
5227:	3	6	25	28	29	52	56	57	59	72	91	95	103	104	119	126	129	145	168	171	181	191	196	200	209	240	244	247	253	292	308	310	319	324	337	342	368	370	394	409	417	427	431	432	433	434	448	450	462	475	476	482	483	485	492	515	
5236:	171	199	333	
5237:	105	
5238:	105	
5240:	129	
5243:	120	
5258:	488	
5260:	343	
5262:	68	
5270:	346	362	466	
5312:	29	
5315:	94	195	
5319:	209	
5344:	217	
5405:	165	362	
5407:	183	200	201	208	491	
5454:	282	
5491:	337	
5507:	282	
5518:	5	10	443	
5578:	346	
5623:	187	260	
5629:	183	417	
5633:	359	
5638:	455	
5641:	118	428	458	
5653:	19	213	222	300	343	354	358	400	420	
5658:	22	78	82	151	240	249	352	374	376	419	428	441	455	
5671:	181	
5678:	60	
5680:	60	
5681:	326	
5694:	183	
5703:	318	
5704:	318	
5729:	221	
5733:	251	
5737:	250	
5745:	114	
5801:	85	
5824:	274	
5850:	321	
5856:	321	
5867:	83	
5891:	239	288	
5892:	239	
5913:	137	
5915:	364	
5918:	15	284	
5920:	90	236	243	312	362	378	430	508	
5921:	90	
5923:	163	
5934:	73	133	
5939:	73	133	
6020:	315	
6021:	315	
6027:	15	116	260	279	284	389	442	466	521	
6030:	24	214	494	
6042:	243	
6048:	131	
6049:	131	
6069:	131	137	362	458	
6094:	221	
6199:	3	28	91	119	168	171	200	209	240	308	368	370	394	417	427	431	434	462	482	
6277:	5	30	32	37	44	48	54	70	71	89	155	156	186	187	189	225	228	251	256	258	259	260	296	297	302	303	330	344	372	426	449	451	452	496	514	
6278:	70	
6279:	44	54	89	155	156	186	189	256	259	297	303	344	449	452	
6281:	253	405	439	466	501	
6288:	474	
6289:	302	303	
6293:	271	311	480	
6302:	450	
6303:	450	
6307:	474	
6317:	210	
6323:	245	346	387	
6334:	228	
6341:	275	413	
6342:	275	
6369:	404	
6382:	5	135	178	252	359	470	495	
6384:	324	433	476	
6386:	324	
6394:	428	
6404:	45	
6507:	445	
6516:	73	133	
6525:	433	476	
6543:	127	235	274	
6568:	1	74	88	265	386	
6573:	58	275	379	
6592:	73	
6596:	387	495	508	
6609:	38	
6610:	38	
6611:	381	
6630:	234	
6678:	112	
6704:	384	
6717:	12	
6718:	12	
6723:	134	
6750:	259	
6753:	340	439	
6778:	52	109	500	
6798:	194	305	417	439	
6799:	495	
6800:	296	
6804:	344	439	
6807:	308	
6811:	120	467	
6833:	315	
6837:	400	
6843:	467	
6887:	246	
6929:	119	
6964:	3	28	29	91	95	145	171	200	209	247	292	308	337	370	394	417	427	431	434	448	462	476	482	
6979:	74	397	419	
7067:	197	
7085:	220	
7087:	57	58	59	80	91	95	184	196	197	211	217	218	306	324	337	342	348	367	368	381	386	450	453	483	485	
7094:	59	
7095:	59	
7096:	184	196	197	211	217	342	
7104:	21	98	411	
7106:	30	37	62	339	404	477	509	517	
7110:	62	517	
7116:	2	7	24	29	32	45	47	52	53	67	93	96	101	109	113	129	132	149	150	157	163	165	166	167	168	171	174	181	187	199	203	204	206	209	211	214	215	218	220	221	225	226	236	238	244	245	247	248	250	252	258	260	265	267	272	273	276	277	282	294	303	319	325	330	339	343	344	357	359	365	369	371	381	386	387	391	393	394	398	407	408	416	437	442	454	458	462	466	467	469	474	476	479	480	489	491	494	496	500	501	520	
7117:	344	
7119:	344	
7133:	85	245	381	
7137:	265	381	
7142:	407	
7151:	98	137	144	146	214	221	325	344	369	381	393	398	404	466	495	507	
7188:	190	
7218:	516	
7220:	221	
7221:	482	
7246:	11	
7251:	140	397	
7275:	93	
7276:	98	347	
7306:	58	199	203	276	387	442	477	479	480	
7324:	487	
7329:	1	31	134	172	174	216	246	325	456	465	
7334:	523	
7338:	245	520	
7342:	487	
7351:	479	
7397:	75	
7401:	318	
7404:	318	
7467:	494	
7472:	45	
7506:	270	
7508:	98	379	406	
7518:	239	
7563:	24	
7573:	279	385	
7585:	7	144	245	348	408	465	
7588:	116	129	201	209	335	347	385	431	434	462	491	495	
7593:	396	
7620:	105	
7684:	196	199	287	
7778:	3	53	65	74	80	82	96	124	136	200	217	230	245	250	282	318	324	337	342	352	369	371	376	407	409	431	455	492	500	505	511	
7780:	337	369	409	
7788:	369	
7833:	33	49	73	125	127	332	424	
7838:	35	105	279	429	430	
7839:	32	35	44	49	50	54	70	73	85	89	117	139	142	156	170	176	186	198	215	227	256	272	278	279	303	330	332	344	379	390	424	449	452	461	474	484	488	512	521	
7841:	49	
7845:	49	
7858:	176	
7869:	22	
7893:	256	
7922:	185	
7939:	83	
7954:	65	
7959:	74	
7967:	400	
7970:	131	
7972:	399	
8002:	129	145	195	285	287	297	337	343	439	454	
8013:	180	
8031:	94	315	318	
8183:	27	188	446	498	
8197:	35	74	194	279	305	312	316	322	344	367	385	396	425	429	468	488	491	507	
8198:	396	
8202:	468	
8216:	38	430	431	
8226:	437	
8231:	400	
8233:	400	
8234:	400	
8235:	230	311	
8238:	311	
8267:	14	386	
8269:	13	171	448	
8311:	163	292	327	328	365	
8335:	317	
8359:	436	
8377:	429	
8403:	49	
8424:	172	456	
8432:	370	
8434:	370	
8444:	199	
8454:	58	76	379	
8492:	134	512	
8520:	234	
8523:	387	
8531:	208	413	
8532:	413	
8538:	93	101	347	366	398	466	
8562:	6	114	370	409	
8572:	177	
8602:	50	
8649:	296	
8671:	336	
8672:	336	
8687:	136	
8701:	374	
8724:	253	
8731:	442	459	
8735:	442	459	
8759:	279	291	
8797:	497	
8807:	49	187	260	
8808:	144	265	
8827:	346	
8828:	346	
8834:	315	
8841:	370	
8842:	32	117	139	227	279	330	333	390	461	
8846:	264	
8868:	374	
8902:	74	
8907:	376	
8934:	248	
8937:	409	
9063:	413	
9098:	288	
9121:	381	
9129:	139	395	
9139:	199	
9141:	199	
9147:	170	
9149:	114	256	449	452	483	
9150:	474	
9160:	181	
9198:	429	
9213:	74	
9237:	132	221	350	399	
9247:	160	187	193	195	204	224	260	277	371	414	421	467	469	
9248:	301	
9249:	224	
9313:	320	
9314:	17	18	33	35	36	62	68	71	117	139	201	228	254	255	259	300	307	313	320	334	338	341	351	375	390	410	421	424	426	452	453	463	477	484	509	512	513	514	517	
9316:	17	
9318:	18	228	254	424	463	514	
9322:	331	362	
9325:	67	169	442	454	467	474	
9327:	67	467	
9331:	100	229	444	
9332:	121	
9335:	474	
9336:	5	7	10	13	16	17	18	30	32	33	35	36	37	48	49	50	54	62	63	71	81	94	100	109	110	111	113	117	131	132	139	146	147	157	158	169	174	190	192	193	200	204	206	207	221	225	228	242	244	250	252	254	258	259	260	261	264	265	268	269	271	283	285	288	300	301	302	307	309	313	320	327	330	331	334	339	341	343	351	369	372	377	386	387	395	408	410	421	424	426	463	465	473	477	479	484	496	502	503	513	514	516	517	521	
9338:	49	
9339:	13	36	244	410	
9340:	206	513	
9341:	5	10	16	17	18	30	33	50	54	63	71	94	147	158	190	204	228	242	244	254	269	301	313	334	339	341	343	351	369	377	421	424	426	473	484	496	513	
9342:	250	261	
9346:	10	389	
9353:	37	44	70	89	155	170	186	189	220	300	449	452	
9357:	410	
9360:	62	134	144	157	192	206	294	340	387	403	426	512	517	
9361:	294	
9368:	187	
9371:	134	
9384:	205	
9389:	62	517	
9398:	437	
9404:	151	
9411:	470	523	
9412:	5	37	
9413:	477	
9430:	132	386	
9431:	132	175	281	386	387	
9452:	416	
9453:	269	
9461:	192	226	
9516:	278	
9533:	217	
9541:	9	33	50	54	60	74	78	82	88	97	108	118	141	147	180	190	193	241	242	249	254	260	265	313	320	326	352	369	374	376	377	392	424	426	428	438	440	441	455	473	496	497	503	521	523	
9545:	50	
9546:	74	374	
9547:	60	74	78	82	88	97	108	118	141	180	241	249	326	352	374	376	392	428	438	440	441	455	
9550:	9	376	
9551:	265	
9573:	94	204	
9579:	30	193	320	414	424	426	
9586:	140	
9589:	187	520	
9591:	93	98	101	107	116	152	187	248	282	329	347	366	391	398	466	495	
9593:	98	116	347	366	466	
9594:	93	116	282	347	391	398	466	495	
9599:	246	
9601:	246	
9610:	187	252	260	266	484	
9624:	72	171	181	268	310	370	506	
9625:	487	
9626:	40	331	
9627:	415	
9639:	141	
9656:	281	
9658:	116	132	139	175	
9750:	439	
9754:	427	
9766:	305	
9772:	507	
9797:	35	112	194	305	316	322	344	439	507	
9806:	442	459	
9816:	452	
9833:	230	
9835:	194	
9841:	344	468	
9847:	400	411	
9903:	429	
9926:	234	
9930:	115	
9931:	65	
10049:	65	73	82	114	116	118	137	143	146	171	172	197	205	209	210	216	230	239	274	276	280	281	283	292	308	317	344	346	348	362	364	369	381	392	393	417	420	425	428	454	455	456	464	477	489	499	502	523	
10051:	210	274	280	
10052:	65	73	82	114	116	118	137	143	146	171	172	205	209	230	239	281	283	292	308	344	346	348	362	364	369	381	392	393	417	425	428	454	455	456	477	489	502	523	
10053:	65	82	114	116	118	137	143	146	171	172	205	209	230	239	281	283	292	308	344	346	348	362	369	381	392	393	417	425	428	454	456	477	489	502	523	
10061:	7	15	24	45	60	96	109	110	132	137	143	165	200	221	238	241	278	284	299	308	317	338	348	362	380	392	399	416	438	453	455	456	464	472	494	502	508	516	
10066:	282	
10071:	454	
10072:	353	
10094:	21	204	
10096:	35	
10107:	112	
10110:	175	246	
10123:	74	
10132:	486	
10140:	276	
10144:	1	134	192	213	387	423	
10145:	173	
10150:	175	
10163:	458	
10165:	501	
10172:	12	140	173	245	267	
10174:	12	173	245	
10176:	420	
10177:	376	
10178:	376	
10179:	209	
10189:	144	279	
10200:	66	
10202:	33	42	63	204	303	339	421	
10225:	85	272	
10231:	85	
10242:	279	
10246:	436	
10248:	163	
10254:	241	252	352	374	397	495	
10257:	252	352	374	
10263:	113	483	
10277:	203	439	
10312:	365	
10319:	313	
10325:	52	60	78	82	84	88	97	213	249	326	352	376	455	
10330:	229	
10333:	215	521	
10345:	234	
10349:	77	204	301	341	404	414	436	472	518	523	
10352:	404	
10354:	77	436	
10358:	98	347	398	427	
10360:	112	436	506	
10372:	436	
10374:	436	
10385:	506	
10398:	404	472	
10402:	436	
10425:	230	283	
10437:	106	
10438:	106	
10451:	429	
10467:	437	
10486:	235	
10575:	42	63	204	301	339	
10577:	484	
10578:	523	
10590:	475	
10593:	1	293	
10650:	153	
10653:	153	263	
10658:	217	
10688:	318	
10706:	354	
10709:	73	363	460	
10717:	461	
10737:	18	336	418	484	496	
10744:	436	
10745:	436	
10749:	90	100	
10778:	194	
10816:	11	142	343	
10821:	11	
10846:	461	
10860:	117	461	
10861:	117	139	227	461	
10883:	312	
10900:	131	371	
10902:	459	
10918:	62	517	
10944:	416	
10953:	184	
10955:	430	
10975:	13	55	99	447	
10985:	185	228	
10993:	158	193	339	421	
11032:	390	
11091:	234	
11092:	234	
11137:	86	184	379	474	
11144:	396	
11150:	396	
11177:	93	101	116	248	282	329	347	398	419	420	422	466	495	
11181:	93	101	116	248	282	329	347	398	422	466	495	
11195:	226	489	501	
11206:	112	182	
11211:	219	
11275:	404	
11319:	135	
11320:	227	
11390:	363	460	
11393:	211	218	221	245	318	329	416	474	479	480	
11398:	221	
11407:	318	
11448:	404	
11468:	395	
11471:	429	
11501:	261	
11562:	337	
11564:	18	30	271	297	336	418	484	488	496	513	
11585:	143	
11597:	500	
11605:	197	
11610:	15	32	33	36	42	47	57	59	63	82	89	91	95	106	108	111	134	141	155	158	189	203	204	205	218	224	242	245	259	271	277	278	284	288	303	311	330	334	339	341	351	352	367	387	392	402	414	421	439	459	470	477	483	496	510	520	521	
11653:	219	
11656:	251	
11660:	185	221	
11661:	476	
11663:	287	
11704:	455	
11706:	11	166	
11734:	11	
11735:	325	
11756:	247	
11794:	385	
11804:	286	
11849:	348	
11850:	491	
11857:	230	
11906:	59	
11909:	386	
11926:	286	
11937:	286	
11946:	324	
12003:	234	436	
12008:	436	
12011:	436	
12021:	436	
12030:	436	
12049:	16	447	
12051:	43	162	257	
12068:	219	
12084:	73	125	127	133	
12085:	127	
12086:	230	
12088:	35	
12091:	60	74	82	97	108	180	326	352	392	428	438	440	455	
12129:	100	217	444	
12155:	67	
12175:	272	
12177:	272	
12205:	139	461	
12236:	401	
12246:	11	
12252:	114	427	
12255:	390	
12304:	42	204	291	344	367	372	386	425	507	
12306:	291	367	507	
12310:	370	
12323:	5	15	16	32	113	120	147	174	179	187	221	225	226	228	258	259	260	267	284	297	311	322	325	330	365	372	416	459	465	473	479	480	496	502	507	
12328:	352	
12344:	125	
12347:	386	
12360:	419	428	
12367:	302	316	
12373:	160	
12378:	108	180	455	
12391:	173	
12394:	411	495	
12399:	171	260	265	344	466	
12400:	171	260	265	466	
12408:	98	116	152	347	366	466	
12412:	106	
12413:	385	
12414:	385	
12438:	221	
12493:	205	
12499:	252	
12500:	433	482	
12533:	362	
12534:	362	
12535:	500	
12537:	104	
12547:	384	
12618:	100	
12621:	311	513	
12637:	269	
12659:	472	
12672:	118	
12682:	463	
12750:	495	
12762:	49	117	204	227	332	390	424	461	523	
12766:	94	
12768:	94	300	
12770:	206	513	
12774:	94	
12787:	346	
12791:	352	
12795:	196	448	
12802:	53	282	
12818:	249	
12869:	74	
12925:	253	
12930:	473	
12932:	163	369	
12937:	510	
12947:	69	384	
12948:	69	
12950:	170	
12958:	30	33	36	48	50	63	94	146	147	158	190	192	204	242	254	269	300	301	313	320	331	339	341	343	369	372	377	421	424	426	463	473	496	513	521	
12960:	94	424	463	473	
12961:	36	
12962:	467	
12976:	142	461	
12978:	142	
12982:	206	270	
12983:	206	270	
12984:	270	
12992:	504	
13018:	214	
13021:	401	
13052:	146	
13072:	472	
13073:	83	
13101:	395	
13113:	270	457	461	
13119:	362	
13121:	114	362	
13136:	228	337	507	
13177:	354	
13180:	57	
13183:	136	140	276	381	
13188:	395	
13202:	395	
13213:	354	
13219:	58	
13230:	136	
13236:	436	
13249:	523	
13328:	36	105	216	
13334:	21	
13356:	3	56	59	129	145	240	308	337	394	417	431	483	485	492	
13359:	173	274	374	
13361:	274	
13362:	274	
13378:	150	
13396:	136	
13402:	187	260	
13403:	157	467	
13409:	288	
13412:	136	276	
13462:	206	
13494:	177	378	453	
13497:	211	245	416	
13498:	27	211	245	378	406	416	
13522:	10	18	84	89	94	100	115	135	155	156	169	176	189	220	235	249	259	261	271	285	296	297	341	345	367	372	407	420	449	451	479	512	
13523:	58	100	444	
13525:	3	12	35	57	58	64	88	104	116	126	129	141	148	200	208	234	241	251	282	283	303	312	342	344	386	397	417	420	431	454	483	
13544:	200	
13553:	275	
13588:	150	386	490	
13592:	386	
13615:	383	
13616:	2	361	
13621:	53	129	288	431	476	491	500	508	
13655:	461	
13668:	111	132	135	143	150	175	221	243	250	288	295	324	328	454	458	501	
13669:	150	221	501	
13672:	132	
13677:	5	7	15	16	18	30	32	34	36	39	48	50	51	62	63	81	94	96	109	113	132	135	137	143	144	147	149	165	166	167	173	174	178	179	187	190	195	204	206	213	216	222	223	225	226	228	242	252	258	259	260	267	271	281	284	285	295	296	297	301	310	311	325	330	331	341	345	350	361	365	369	372	393	407	408	418	426	437	458	459	465	470	473	479	480	494	496	502	504	506	517	522	
13678:	7	15	39	96	109	113	132	137	144	165	166	173	174	178	179	206	213	216	222	226	267	281	284	285	295	296	325	345	350	361	365	393	407	408	437	458	459	465	470	479	480	494	502	504	
13684:	193	
13686:	215	
13746:	91	145	247	
13789:	500	
13820:	491	
13841:	47	80	166	203	218	318	436	479	480	491	
13888:	276	
13890:	475	
13899:	103	146	224	513	
13907:	5	16	83	99	103	113	194	232	259	296	305	306	312	360	
13911:	103	
13918:	193	
13937:	22	
13945:	309	
14005:	15	24	77	216	267	284	325	489	494	
14008:	347	
14010:	346	
14041:	364	
14055:	4	41	55	61	132	161	178	211	213	215	277	289	350	358	359	364	388	407	423	470	479	
14070:	148	
14167:	339	
14175:	383	
14182:	10	
14198:	93	98	101	107	116	117	139	152	194	248	282	302	329	333	347	366	390	391	398	411	461	466	495	521	
14201:	152	
14227:	297	
14239:	86	
14262:	77	
14305:	19	
14344:	112	318	
14347:	112	
14367:	50	146	175	185	254	395	400	437	521	
14382:	2	8	41	56	61	93	130	137	138	145	166	197	205	218	268	289	358	361	362	388	423	425	448	488	508	
14384:	93	
14385:	205	
14406:	194	
14417:	194	271	344	507	
14421:	344	
14456:	400	
14471:	105	176	186	271	468	
14472:	468	
14476:	164	254	303	344	496	
14539:	61	213	
14573:	414	523	
14587:	491	
14592:	3	6	25	28	29	59	102	119	253	370	394	417	425	432	485	515	
14595:	196	
14629:	67	74	185	224	344	389	411	
14658:	523	
14688:	503	
14720:	512	
14728:	385	
14737:	164	
14808:	374	
14815:	282	329	398	466	495	
14841:	192	278	371	523	
14849:	278	
14852:	107	187	204	305	322	398	496	
14855:	352	
14873:	101	224	
14885:	134	144	278	
14889:	282	
14896:	381	
14901:	386	
14902:	32	283	330	
14903:	32	330	
14904:	283	
14918:	152	
14926:	305	
14931:	286	
14958:	15	73	118	262	284	439	
14992:	42	146	193	204	254	269	285	303	318	331	334	372	421	469	
15018:	143	233	265	298	410	470	486	510	
15021:	8	13	14	18	19	34	41	44	45	48	51	55	81	87	94	99	131	135	176	217	220	223	231	232	233	264	271	295	307	336	342	354	357	372	410	418	447	471	509	
15040:	265	
15044:	14	111	223	228	345	420	424	
15048:	381	
15049:	70	359	
15078:	33	204	224	253	347	414	467	523	
15101:	192	
15138:	22	
15144:	163	216	245	327	477	494	501	510	
15150:	45	172	221	238	317	359	456	464	
15202:	203	245	416	
15206:	497	
15212:	366	
15214:	415	472	
15215:	415	472	
15222:	55	
15253:	175	
15267:	22	33	63	158	190	204	339	377	400	
15274:	28	370	466	
15280:	5	9	10	13	15	16	18	21	30	32	33	36	37	42	48	49	50	54	55	62	63	68	71	92	93	94	98	101	105	109	115	118	136	144	146	147	154	155	156	158	160	176	187	189	190	192	193	195	204	206	224	225	228	242	244	252	254	258	260	265	269	276	284	288	300	301	303	313	320	325	329	330	331	334	339	340	341	343	344	347	369	371	372	377	378	387	389	391	402	404	408	414	421	424	426	442	443	449	451	458	459	463	465	469	473	474	477	480	484	496	497	503	505	509	513	514	517	518	520	521	523	
15281:	10	37	50	62	109	158	190	192	204	225	242	269	300	331	334	339	341	369	372	421	424	477	514	517	
15283:	147	
15284:	195	369	469	
15285:	414	
15287:	13	15	42	48	62	187	190	193	195	260	284	300	334	339	369	414	469	503	517	520	
15288:	16	30	37	42	54	62	190	193	204	225	300	340	369	426	484	497	517	523	
15291:	423	
15305:	10	63	146	187	195	224	260	282	369	414	467	469	497	
15306:	187	260	282	
15310:	63	146	467	
15319:	125	208	299	352	447	475	
15325:	359	
15355:	10	13	49	55	94	118	134	137	146	187	190	192	195	224	228	233	236	259	260	265	269	332	337	340	372	386	389	390	414	424	426	432	469	496	497	504	509	523	
15356:	49	332	
15358:	332	
15403:	278	
15410:	465	
15411:	465	
15412:	465	
15445:	147	
15473:	332	
15481:	33	36	48	242	254	269	377	514	521	
15510:	167	
15519:	50	503	
15520:	352	
15545:	512	
15590:	199	
15626:	65	185	429	
15647:	93	347	
15650:	402	
15677:	203	
15686:	74	
15692:	42	63	158	204	339	372	
15711:	346	510	
15743:	361	
15755:	171	
15764:	448	
15778:	154	
15781:	282	
15783:	416	
15791:	73	
15792:	236	
15794:	465	
15798:	73	
15799:	192	
15811:	474	
15823:	239	
15841:	384	
15867:	24	
15873:	38	58	60	86	88	112	141	166	234	241	243	287	318	328	411	428	472	481	486	500	501	511	
15875:	13	36	37	55	125	235	244	268	410	420	423	447	509	
15881:	12	29	35	42	47	53	57	58	59	64	77	91	95	98	100	106	112	113	116	118	140	141	148	150	172	190	191	194	196	199	200	201	203	204	206	208	209	212	216	217	219	224	243	248	253	277	282	285	288	290	292	310	318	322	347	360	363	370	372	383	394	396	397	398	411	421	429	431	456	459	460	462	466	469	473	477	480	483	484	485	488	492	495	500	523	
15897:	57	91	203	
15908:	253	
15910:	29	201	310	429	
15917:	10	48	49	62	157	169	220	260	265	269	302	341	367	372	387	503	512	517	518	
15927:	387	
15937:	10	30	33	48	50	54	86	94	122	147	158	169	187	190	193	195	204	225	228	242	254	258	260	269	300	301	302	320	331	339	340	372	377	387	421	426	451	469	473	477	496	513	514	
15949:	74	
16028:	205	
16043:	215	
16086:	73	213	348	354	389	478	
16090:	211	245	416	456	464	516	
16117:	45	
16121:	520	
16140:	274	
16142:	164	
16163:	53	59	74	80	98	124	126	129	131	168	171	201	209	248	250	251	253	292	303	344	396	417	450	454	462	488	491	
16200:	490	
16238:	146	195	303	331	344	362	369	469	
16251:	37	51	56	72	82	95	109	114	118	119	129	171	215	244	288	292	331	368	370	374	386	394	409	410	417	431	434	462	482	483	492	505	515	
16252:	129	462	
16255:	417	
16258:	244	
16259:	95	
16283:	354	
16328:	279	
16331:	265	
16339:	3	436	
16344:	381	
16374:	7	15	77	174	216	267	284	408	465	
16444:	280	
16493:	332	379	401	
16539:	234	
16551:	108	
16564:	179	
16566:	179	
16576:	83	393	
16595:	315	
16602:	173	
16603:	173	
16608:	96	359	
16612:	184	
16672:	103	318	
16720:	49	258	259	296	389	485	496	
16746:	227	331	
16754:	459	
16780:	508	
16786:	182	
16791:	347	
16794:	148	
16822:	74	
16829:	83	
16843:	245	
16849:	40	
16912:	181	431	434	492	
16937:	506	
16940:	506	
16941:	506	
17024:	507	
17036:	256	474	
17060:	174	
17064:	148	
17078:	234	
17079:	234	
17082:	184	
17084:	144	
17095:	184	
17104:	60	180	
17122:	105	
17139:	317	
17140:	317	
17152:	56	483	
17154:	96	131	359	
17188:	353	
17190:	276	
17203:	165	501	
17215:	41	
17216:	10	
17246:	140	245	
17255:	12	
17258:	385	
17275:	2	
17301:	184	
17312:	445	
17342:	140	
17349:	93	347	398	404	
17359:	376	
17372:	211	359	416	
17385:	105	367	381	387	
17425:	371	
17429:	4	7	15	24	39	90	109	110	113	144	173	174	206	214	216	226	245	265	267	278	284	299	306	315	325	348	359	362	365	371	399	407	408	416	437	453	458	459	464	465	494	
17450:	219	
17466:	156	176	372	
17523:	111	410	
17524:	111	410	
17529:	62	175	415	472	517	
17592:	114	308	482	483	
17611:	153	
17614:	105	
17624:	105	
17811:	63	
17812:	63	
17844:	350	
17877:	378	381	
17887:	378	
17891:	286	
17893:	135	177	222	
17923:	283	
17948:	100	370	
17964:	393	
18003:	310	
18011:	305	
18030:	283	
18054:	216	
18056:	505	
18069:	214	
18070:	45	
18092:	53	362	
18133:	236	
18175:	523	
18250:	82	
18307:	135	143	354	
18308:	135	354	
18336:	77	
18411:	164	
18475:	474	
18484:	312	
18485:	82	
18516:	483	
18518:	310	
18540:	131	
18589:	119	
18591:	39	
18595:	165	221	
18603:	70	
18630:	221	399	
18631:	221	399	
18657:	249	298	299	318	385	407	455	491	523	
18665:	383	
18675:	283	
18686:	513	
18716:	103	483	
18718:	155	189	
18720:	54	71	258	343	372	402	424	473	
18726:	47	
18749:	148	
18768:	55	392	
18836:	215	
18840:	215	
18863:	196	448	
18879:	317	
18880:	317	
18897:	49	187	
18900:	366	398	466	
18944:	221	
18961:	49	490	
19004:	73	
19022:	10	42	63	106	192	204	217	224	252	277	297	301	339	369	371	381	387	477	491	520	
19030:	217	252	277	371	381	387	491	
19032:	148	
19033:	148	
19041:	148	
19066:	393	
19080:	283	
19132:	1	70	134	172	192	213	220	302	347	387	423	456	464	
19133:	1	134	192	213	387	423	
19165:	143	
19236:	416	
19261:	359	
19262:	433	
19269:	332	
19270:	332	
19304:	76	141	175	180	208	275	346	360	392	428	505	
19330:	467	
19376:	450	
19436:	500	
19444:	365	
19500:	385	
19533:	389	
19541:	10	18	30	36	42	48	62	63	94	146	156	158	169	187	190	193	204	225	228	242	254	258	260	265	269	300	301	303	313	320	334	339	340	341	369	372	377	387	389	414	421	426	430	473	496	497	505	512	513	514	517	521	523	
19549:	236	
19556:	57	87	95	126	164	181	196	217	292	310	312	370	427	433	448	458	
19562:	235	413	
19622:	106	
19648:	404	
19732:	395	
19743:	346	
19758:	230	
19780:	308	
19848:	187	
19879:	265	
19897:	323	357	523	
19900:	357	
19909:	6	24	57	90	119	124	148	150	163	167	171	181	194	199	209	251	268	276	292	306	312	319	364	368	381	383	393	394	450	462	494	515	
19916:	227	
19917:	58	360	413	
19918:	58	360	
19929:	1	14	94	134	146	220	226	511	
19942:	287	
19966:	49	
20008:	114	461	521	
20038:	261	
20070:	453	
20084:	94	
20101:	223	278	306	
20120:	394	
20121:	185	313	329	
20143:	192	
20158:	225	
20175:	80	
20194:	246	
20201:	165	221	361	
20225:	344	
20230:	26	132	359	
20242:	324	409	
20243:	324	
20247:	119	200	324	
20318:	112	
20324:	506	
20346:	216	325	407	
20389:	73	127	
20404:	72	182	315	337	
20448:	85	
20452:	344	
20485:	374	
20533:	83	
20545:	305	
20555:	276	
20577:	268	
20599:	462	
20607:	425	
20620:	312	
20632:	315	
20653:	74	208	249	
20667:	15	284	285	287	
20668:	100	165	479	
20670:	479	
20672:	58	
20679:	12	100	419	
20729:	38	
20740:	73	127	279	
20749:	387	
20752:	60	74	240	376	428	
20785:	299	
20804:	136	187	260	276	467	523	
20807:	136	
20846:	280	
20856:	352	
20893:	98	221	241	279	313	336	386	411	419	
20895:	207	
20897:	24	361	489	
20898:	100	
20902:	35	344	367	
20910:	299	
20924:	14	204	231	296	468	496	
20926:	513	
20954:	458	
20955:	359	
21010:	165	221	
21013:	144	
21015:	132	
21020:	38	96	163	184	236	243	312	430	
21022:	236	243	312	
21023:	236	243	312	
21035:	283	
21038:	518	
21046:	359	
21059:	417	
21063:	21	30	37	42	50	62	92	94	106	146	185	187	190	192	193	195	204	206	220	224	225	228	234	244	254	262	265	269	300	301	303	313	320	331	334	336	341	351	369	372	389	400	404	408	414	415	421	424	426	433	463	465	469	473	477	496	503	509	513	517	518	521	523	
21066:	206	
21073:	401	494	
21092:	73	
21110:	66	
21112:	163	175	206	215	246	270	309	387	404	415	472	487	489	513	
21118:	112	113	143	175	241	424	518	
21119:	7	84	152	252	268	334	359	361	408	428	470	
21160:	45	
21236:	500	501	
21270:	40	141	276	331	387	415	477	479	480	523	
21272:	40	331	
21275:	415	
21283:	276	387	477	479	480	
21297:	523	
21302:	331	
21305:	331	
21348:	49	106	118	142	340	384	457	523	
21357:	106	
21359:	457	
21406:	500	
21471:	346	
21501:	185	206	320	523	
21502:	185	320	
21527:	72	112	113	131	132	184	196	197	210	211	217	324	342	362	363	385	427	443	460	483	485	
21558:	195	469	512	
21564:	39	67	169	195	224	251	295	442	459	474	
21568:	270	384	512	
21573:	12	
21577:	474	
21578:	195	424	
21587:	44	70	89	155	170	189	251	256	449	
21594:	512	
21622:	175	
21673:	113	
21685:	19	83	368	370	386	482	
21689:	128	
21695:	111	175	196	513	
21696:	175	
21723:	239	
21728:	357	361	
21735:	264	
21736:	13	14	15	17	30	32	45	50	53	55	63	94	109	113	115	124	147	163	167	190	196	197	204	216	217	220	223	225	226	228	231	232	244	254	258	259	271	284	288	297	300	301	302	308	311	313	325	330	331	337	362	369	372	384	386	426	447	448	463	470	471	473	484	496	503	506	509	
21757:	19	
21761:	135	
21767:	251	
21774:	73	
21778:	239	
21803:	173	
21832:	414	442	477	
21860:	165	
21868:	113	
21869:	113	
21870:	185	297	323	
21871:	297	
21875:	52	60	78	82	84	88	97	213	249	326	352	376	455	
21905:	62	249	503	517	
21932:	82	240	249	326	376	
21977:	24	114	119	135	143	217	221	236	239	268	283	295	307	310	354	372	409	427	476	494	
21992:	283	308	418	
22016:	175	
22055:	114	
22077:	63	
22139:	376	
22158:	199	251	
22202:	315	
22212:	60	78	82	108	141	235	389	428	455	474	
22214:	389	
22216:	7	
22247:	489	
22252:	82	
22255:	384	
22257:	283	
22262:	3	28	91	119	168	171	200	209	240	308	368	370	394	417	427	431	434	462	482	
22264:	181	
22273:	200	209	283	288	308	370	462	482	
22274:	3	72	95	150	288	358	431	
22276:	348	381	
22282:	173	221	358	393	399	
22283:	63	146	204	339	473	
22288:	501	
22294:	139	
22300:	52	109	
22302:	250	
22320:	119	324	
22340:	227	
22359:	374	
22361:	98	347	398	427	
22490:	430	
22494:	96	163	197	243	
22502:	308	442	
22732:	385	442	
22733:	385	
22737:	346	
22739:	325	
22757:	502	
22768:	224	369	
22769:	224	
22771:	473	
22783:	36	68	93	160	187	192	195	252	260	269	278	297	303	340	372	421	469	477	
22792:	480	
22821:	28	51	53	61	72	83	96	135	171	173	181	217	261	268	288	310	311	337	342	361	370	388	399	417	418	434	443	453	479	
22822:	96	388	443	
22823:	53	83	173	217	288	337	354	357	361	399	418	479	
22824:	413	479	
22857:	100	
22875:	131	
22888:	481	
22928:	32	330	
22932:	60	
22968:	506	
22980:	187	260	
22984:	100	467	
22988:	375	
22997:	347	
23000:	46	58	208	237	290	360	379	397	
23008:	114	
23019:	512	
23032:	143	325	378	381	429	
23056:	13	232	239	313	336	410	
23078:	475	
23094:	88	96	141	150	234	251	393	401	481	486	500	523	
23145:	181	
23172:	163	
23182:	407	408	
23189:	83	
23191:	504	
23192:	410	
23195:	26	264	470	
23241:	409	
23247:	252	260	
23256:	490	
23328:	230	
23335:	57	435	
23341:	49	227	
23362:	64	
23376:	37	115	122	169	271	300	340	372	
23386:	18	34	222	223	261	307	342	345	354	357	418	423	522	
23405:	112	
23409:	480	
23422:	435	
23435:	241	
23442:	419	
23452:	359	
23478:	175	
23533:	234	
23568:	478	
23571:	318	385	
23578:	249	326	
23624:	73	
23625:	73	
23637:	114	153	249	298	303	352	419	446	491	510	
23641:	298	
23642:	298	
23674:	157	
23729:	184	
23733:	143	295	420	
23756:	322	
23772:	2	
23795:	331	
23796:	173	
23798:	510	
23803:	24	96	131	165	173	221	350	362	
23804:	350	
23806:	165	362	
23810:	21	168	287	
23828:	228	249	404	
23836:	19	45	100	161	165	166	182	216	226	238	243	459	470	
23844:	393	
23845:	393	
23849:	234	411	
23851:	234	
23862:	243	282	
23863:	243	
23870:	192	282	347	398	477	
23904:	268	
23910:	291	491	510	
23935:	331	
23943:	64	
23963:	72	
23964:	227	
23988:	72	
24016:	153	263	
24035:	506	
24043:	276	
24045:	276	
24046:	177	
24072:	63	
24094:	204	
24116:	24	494	
24117:	24	494	
24120:	315	
24136:	53	217	258	327	328	365	496	508	
24137:	344	
24138:	344	
24139:	114	
24144:	365	
24145:	41	
24147:	69	
24196:	381	
24221:	131	
24285:	35	164	217	279	406	429	430	
24302:	250	
24343:	243	282	
24356:	358	
24357:	104	500	
24364:	184	
24365:	184	
24369:	105	
24370:	236	
24375:	287	389	
24377:	491	
24386:	98	228	258	400	411	496	507	
24429:	210	
24441:	217	230	
24443:	148	184	214	219	245	265	315	381	429	500	
24449:	219	
24458:	47	362	
24459:	47	
24465:	64	135	182	200	248	250	251	318	340	347	397	398	419	425	427	
24487:	236	
24536:	49	488	514	
24540:	124	205	
24563:	446	
24565:	163	
24567:	184	
24571:	359	
24574:	148	
24608:	426	
24631:	119	
24636:	33	49	57	64	94	102	118	119	225	421	424	
24641:	57	94	
24646:	118	
24681:	66	96	138	205	515	
24717:	36	105	
24753:	77	174	265	459	489	502	
24777:	63	71	113	147	178	232	271	296	300	332	339	340	357	470	
24781:	170	
24786:	22	60	66	82	118	241	249	352	374	438	441	455	457	
24787:	66	
24795:	110	371	
24803:	173	245	
24825:	49	
24845:	7	11	15	22	23	25	30	42	47	48	54	55	60	62	65	73	82	90	94	99	103	110	111	113	114	116	118	125	127	136	137	143	146	157	169	171	172	174	175	180	184	186	187	190	195	198	203	205	209	211	212	213	214	215	218	223	225	226	228	230	231	233	239	242	244	245	246	254	260	261	265	267	269	271	272	277	281	283	284	285	292	296	301	302	303	306	308	309	325	334	338	341	344	345	346	348	356	360	361	362	369	371	372	377	378	381	384	392	393	397	405	407	408	410	412	414	415	416	417	418	419	420	421	425	426	428	436	439	442	449	454	456	457	465	467	469	473	475	477	479	480	483	484	489	495	502	503	504	505	509	514	517	520	522	523	
24852:	15	47	76	88	106	140	163	195	208	218	220	284	323	343	351	402	428	434	459	479	480	
24866:	47	351	
24873:	208	
24881:	88	
24885:	88	434	
24888:	88	
24907:	26	192	216	226	265	267	299	470	489	
24910:	237	360	
24919:	275	420	
24921:	458	
24927:	315	
24942:	119	
24977:	302	439	489	
24980:	311	463	
24981:	129	
24982:	15	17	32	33	37	48	62	80	113	120	163	190	201	226	229	250	258	259	269	284	296	297	301	302	311	320	325	330	343	369	372	377	407	421	424	426	454	463	473	480	489	496	517	521	
24991:	5	16	30	32	49	50	114	155	212	225	228	258	259	272	297	301	302	303	311	330	344	369	372	439	449	473	480	489	496	504	507	521	
24992:	344	439	507	
24993:	114	344	
24994:	439	
24995:	303	344	449	
25007:	160	
25010:	37	
25011:	32	49	94	108	117	139	204	227	235	330	332	333	343	351	354	372	390	424	434	523	
25022:	226	408	
25026:	4	
25029:	3	5	6	15	16	17	18	25	28	29	30	32	33	34	36	47	48	50	51	52	53	57	59	62	63	71	72	80	81	91	94	95	100	102	104	109	113	115	119	122	126	129	135	146	147	149	153	155	158	167	168	171	181	183	187	190	191	193	195	196	199	200	201	203	204	209	212	213	216	217	220	222	223	224	225	228	229	242	243	244	247	252	253	254	258	259	263	265	268	269	271	273	284	285	287	288	292	296	297	298	300	301	302	306	308	310	311	312	313	319	320	324	327	330	331	334	337	339	341	343	345	349	350	368	369	370	372	377	394	405	409	414	417	418	421	424	426	427	431	432	433	434	435	439	450	454	458	462	463	469	470	472	473	476	477	479	480	482	484	485	489	491	492	493	496	497	500	501	502	503	504	506	507	508	510	511	513	514	515	517	521	522	
25030:	252	458	
25031:	268	298	312	
25032:	34	52	59	91	102	183	259	296	405	418	435	476	484	485	493	
25033:	5	155	212	259	297	302	311	439	489	504	521	
25034:	149	167	199	217	273	288	298	306	312	454	491	
25074:	364	
25076:	177	297	
25078:	49	
25084:	59	
25087:	72	173	200	310	368	
25088:	173	299	
25090:	26	264	311	332	424	461	
25101:	311	470	
25106:	467	
25107:	287	
25111:	327	328	
25112:	106	144	192	193	204	318	320	372	414	467	521	523	
25115:	318	
25118:	299	
25119:	311	
25173:	276	
25215:	434	
25219:	397	
25220:	397	
25226:	227	306	
25234:	236	
25252:	185	
25351:	317	
25354:	381	
25361:	136	
25374:	235	
25375:	235	
25381:	331	521	
25390:	521	
25403:	204	254	269	331	343	496	
25445:	7	47	420	510	
25447:	72	362	475	
25451:	91	234	245	419	
25506:	375	
25510:	165	
25525:	5	113	135	143	221	283	470	
25549:	383	
25567:	38	60	219	328	491	
25568:	491	
25595:	295	464	
25598:	139	
25609:	35	
25616:	36	175	372	421	424	
25667:	208	
25681:	175	
25684:	247	
25735:	72	401	
25737:	239	362	401	
25775:	3	91	181	247	292	394	431	448	476	
25795:	14	119	
25803:	193	
25852:	516	
25853:	288	
25856:	72	87	95	171	200	217	308	310	311	312	337	349	368	370	434	
25865:	44	89	155	156	186	189	308	452	
25868:	135	307	
25869:	307	
25870:	95	126	247	373	
25879:	467	523	
25893:	207	
25908:	448	
25912:	406	
25925:	227	390	448	
25931:	104	119	
25934:	346	
25964:	163	
25973:	123	192	338	
25977:	11	33	59	67	84	91	95	116	224	234	301	313	367	371	398	405	409	501	502	
25978:	11	33	67	84	91	95	234	313	367	371	398	405	409	501	502	
25994:	173	
26011:	45	
26014:	385	
26046:	57	
26068:	22	
26103:	342	
26105:	12	
26114:	196	342	
26134:	385	
26150:	432	
26153:	32	94	116	117	139	187	248	330	333	385	390	398	404	429	430	461	467	507	
26160:	404	467	
26167:	117	139	248	333	461	
26183:	466	
26235:	96	
26236:	494	
26261:	494	
26263:	93	
26268:	404	
26278:	265	
26299:	221	
26300:	221	
26301:	273	
26306:	100	
26369:	105	
26381:	165	
26403:	165	216	
26432:	172	365	
26433:	149	166	
26434:	297	
26452:	283	
26473:	17	
26474:	17	
26527:	82	
26534:	461	
26558:	177	
26561:	177	
26566:	144	
26568:	219	
26584:	165	
26600:	315	
26609:	315	
26613:	45	
26630:	315	
26639:	365	
26640:	131	165	362	
26662:	234	
26676:	287	
26679:	181	409	
26681:	401	
26702:	182	261	458	
26712:	182	
26717:	14	114	
26724:	406	
26725:	83	
26730:	108	
26746:	488	
26773:	491	
26806:	36	
26832:	229	
26840:	109	362	
26853:	88	163	286	303	510	
26888:	500	
26897:	131	
26920:	136	
26946:	506	
26962:	149	
26963:	166	
26974:	276	
26994:	352	392	
27024:	310	
27029:	26	
27040:	434	
27052:	109	
27061:	19	45	
27076:	116	
27094:	359	
27097:	134	
27108:	382	
27127:	112	
27139:	72	342	401	
27146:	144	
27172:	39	
27174:	2	
27180:	252	
27189:	412	
27225:	383	393	
27227:	383	393	
27246:	24	494	
27269:	276	
27275:	15	25	47	91	152	200	203	208	212	248	277	282	284	302	303	344	367	382	386	394	398	419	436	439	474	479	480	501	
27276:	282	
27277:	367	
27302:	54	71	258	343	372	402	424	473	
27316:	459	
27336:	147	169	192	
27348:	19	45	
27353:	63	
27358:	360	
27361:	83	
27366:	96	288	350	361	
27387:	236	
27401:	466	
27402:	466	
27426:	26	
27434:	395	
27453:	436	
27455:	491	
27459:	76	
27469:	436	
27485:	77	436	
27489:	77	
27490:	436	
27500:	387	
27511:	227	
27512:	342	
27546:	442	
27562:	442	
27568:	377	
27569:	377	
27580:	62	517	
27617:	15	284	414	
27623:	276	315	
27637:	38	163	
27664:	199	
27665:	101	398	
27675:	114	135	176	225	235	271	296	297	303	343	344	379	390	428	439	457	468	488	
27680:	176	271	468	
27702:	265	410	486	510	
27705:	56	
27714:	414	492	
27715:	521	
27780:	263	
27781:	487	
27786:	72	264	
27796:	270	
27822:	346	
27837:	268	
27839:	443	
27868:	63	158	334	339	
27879:	73	127	133	420	466	
27891:	219	
27900:	305	316	
27920:	36	55	73	84	93	151	192	193	252	258	277	278	296	297	300	339	343	345	372	374	398	523	
27930:	29	148	163	164	200	243	318	417	428	431	483	489	506	
27935:	259	
27936:	44	54	89	155	156	184	186	189	256	259	279	291	297	303	318	344	367	371	381	385	429	430	436	448	449	452	507	518	
27941:	371	
27971:	361	
27983:	15	19	284	354	504	
27985:	82	249	352	
27987:	215	470	
28020:	415	
28026:	15	113	137	284	309	415	523	
28027:	309	
28030:	137	309	415	
28056:	24	
28061:	400	
28077:	77	101	206	321	383	459	495	
28082:	80	346	
28090:	346	
28091:	42	187	204	297	341	442	473	
28094:	475	
28098:	521	
28125:	461	
28178:	523	
28193:	237	442	523	
28213:	316	344	
28240:	163	
28248:	386	
28249:	15	284	
28283:	414	
28315:	24	
28386:	487	
28428:	506	
28458:	381	
28485:	148	
28515:	245	416	
28525:	216	
28528:	144	
28539:	58	174	194	205	216	364	383	408	414	
28542:	205	364	
28547:	174	
28549:	383	
28567:	1	15	20	24	77	106	109	110	134	144	157	159	193	206	215	216	224	226	260	265	267	284	293	297	300	302	340	361	365	371	402	458	459	469	477	489	497	502	
28572:	24	109	157	
28623:	236	
28630:	56	145	490	
28642:	73	125	127	326	360	420	439	
28659:	306	419	429	
28661:	208	265	356	379	505	515	
28665:	265	
28668:	4	5	6	10	15	16	25	30	32	33	36	37	42	45	47	48	51	54	55	62	63	71	73	82	84	94	95	111	118	125	147	158	175	180	187	190	193	195	203	204	223	225	228	233	242	249	258	260	261	269	277	284	297	300	301	303	313	320	330	331	339	340	341	343	345	358	367	369	372	377	407	410	414	421	424	426	463	469	473	479	484	496	497	502	504	505	506	514	517	523	
28670:	29	
28696:	280	352	
28700:	141	
28706:	24	
28743:	73	
28744:	73	
28748:	318	
28757:	374	
28778:	347	
28818:	109	
28836:	448	
28837:	448	
28846:	10	146	186	187	260	340	369	
28863:	22	82	88	180	376	419	441	
28864:	22	419	
28889:	265	
28922:	60	
28923:	475	
28949:	221	362	468	
28951:	292	
28953:	17	205	230	468	
29036:	92	
29071:	83	
29091:	256	291	346	
29140:	100	
29236:	13	135	
29269:	96	114	458	
29288:	390	
29302:	14	55	99	369	428	447	
29318:	201	
29324:	3	
29331:	88	140	428	
29334:	216	325	
29336:	38	318	
29347:	385	
29353:	219	
29355:	120	131	137	267	364	383	406	508	
29365:	280	
29402:	53	80	124	129	131	140	149	168	199	250	251	319	327	328	344	381	386	411	432	450	462	491	508	
29403:	124	327	
29433:	15	24	77	216	267	284	325	489	494	
29542:	486	
29618:	251	301	302	344	422	439	449	
29660:	73	
29661:	76	
29685:	342	
29686:	342	
29776:	197	
29778:	384	
29785:	448	
29809:	331	424	
29820:	474	
29827:	114	
29856:	106	210	
29922:	18	254	387	
29930:	523	
29962:	263	
29965:	182	
30006:	386	
30032:	72	252	
30038:	370	427	
30066:	131	
30067:	131	
30082:	232	264	509	
30183:	180	
30187:	35	
30196:	136	
30249:	165	
30250:	165	
30282:	165	
30290:	74	
30300:	74	
30359:	315	
30401:	14	201	233	370	
30408:	420	
30516:	105	
30517:	22	
30538:	140	
30541:	140	
30542:	140	
30553:	317	
30607:	315	
30745:	417	
30818:	58	96	113	163	164	173	174	197	205	214	226	234	243	268	287	312	325	348	365	371	387	399	423	458	459	494	
30831:	287	
30835:	213	
30960:	474	
30962:	474	
30963:	186	256	302	
30964:	302	
30978:	361	
31019:	15	32	42	48	50	55	63	88	102	111	146	193	195	203	215	224	225	242	244	284	301	302	303	313	320	330	331	336	351	377	405	410	421	424	436	455	469	477	479	480	484	514	515	520	
31020:	102	
31021:	15	32	42	48	55	111	146	203	215	225	242	244	284	302	303	330	377	410	421	436	479	514	520	
31022:	15	42	48	55	111	146	203	225	242	244	284	302	303	377	410	421	436	479	514	520	
31074:	24	26	30	41	94	113	135	143	150	178	245	307	342	357	361	388	423	464	478	494	
31094:	178	252	
31119:	11	
31123:	64	
31128:	7	197	458	
31147:	39	173	
31201:	92	100	419	
31217:	501	
31229:	370	
31231:	390	
31234:	139	
31258:	45	
31264:	238	
31300:	45	
31402:	90	
31406:	90	
31417:	119	
31424:	311	357	
31425:	3	57	72	167	171	196	200	209	247	310	337	417	427	431	462	476	482	508	
31430:	466	
31434:	503	
31438:	503	
31470:	3	28	29	57	91	95	126	171	200	209	308	337	370	394	417	425	427	431	434	462	482	
31479:	348	488	
31493:	234	
31506:	77	
31512:	342	
31545:	143	211	
31548:	211	
31570:	72	112	129	163	193	195	230	287	344	352	450	511	
31571:	112	287	
31576:	172	
31577:	172	
31596:	379	
31624:	173	
31641:	454	
31654:	64	
31664:	315	
31666:	453	
31671:	77	157	453	
31685:	408	
31730:	506	
31767:	268	
31768:	370	
31800:	192	
31804:	268	
31806:	453	
31817:	26	
31820:	100	
31823:	70	170	332	474	
31830:	3	129	417	
31849:	80	309	523	
31876:	229	
31881:	51	83	130	165	216	221	261	350	354	399	504	
31887:	3	
31888:	165	
31893:	236	
31911:	184	
31942:	462	
31944:	157	
31948:	3	54	89	93	176	240	256	337	347	394	398	417	482	495	
31957:	134	144	157	
31964:	359	
31965:	2	
31971:	118	344	468	523	
32013:	448	
32030:	443	
32042:	153	
32043:	11	
32048:	116	282	448	
32050:	117	
32056:	114	201	265	454	
32059:	3	28	29	91	95	103	119	124	126	150	167	168	171	181	196	200	201	217	247	308	310	324	337	368	417	427	429	434	476	491	
32062:	136	
32081:	175	
32091:	486	
32092:	135	287	367	405	491	
32110:	428	
32125:	7	50	53	124	129	187	285	325	371	426	486	509	
32135:	414	
32136:	72	193	248	331	337	343	369	411	414	523	
32137:	181	
32138:	181	
32141:	200	319	
32143:	319	
32145:	200	
32155:	72	181	
32156:	382	414	
32162:	292	
32171:	5	6	9	10	13	14	15	16	17	18	33	63	158	235	242	244	254	284	301	302	303	339	343	372	463	497	504	
32200:	390	
32202:	168	
32203:	168	
32214:	192	367	
32215:	192	367	
32217:	185	
32220:	523	
32224:	195	
32226:	187	
32239:	248	282	329	340	367	425	512	
32249:	74	264	
32262:	351	
32271:	124	
32277:	139	
32284:	157	
32287:	14	
32297:	467	
32304:	159	
32305:	159	
32342:	114	157	408	
32367:	135	
32373:	14	30	55	99	135	231	232	233	336	447	471	509	
32377:	157	
32383:	404	
32421:	14	311	513	
32425:	134	157	276	378	381	404	
32427:	381	
32482:	136	378	381	
32498:	67	113	
32514:	177	
32520:	343	
32526:	32	258	330	496	
32539:	73	127	
32559:	474	
32565:	127	
32620:	283	494	
32630:	36	
32644:	458	
32645:	267	306	458	
32659:	335	
32685:	401	
32686:	401	
32687:	383	
32739:	137	144	404	
32762:	495	
32765:	374	
32766:	126	
32769:	425	
32777:	88	
32790:	318	
32791:	318	
32792:	459	
32799:	49	332	424	
32814:	150	393	401	
32819:	100	146	163	167	193	224	248	277	282	341	371	386	414	467	480	
32849:	305	507	
32858:	187	260	
32897:	301	
32905:	329	
32906:	208	
32907:	317	
33025:	178	
33062:	342	
33078:	76	
33146:	406	
33196:	342	
33197:	342	
33216:	66	
33267:	217	
33302:	425	
33303:	168	425	
33313:	3	91	119	126	181	247	427	
33318:	109	226	509	
33382:	112	
33390:	366	
