3:	26	
24:	118	
32:	522	
44:	41	205	245	284	400	460	473	556	
65:	335	
72:	121	
75:	436	
95:	443	
120:	216	
149:	367	
187:	256	
205:	2	
234:	180	292	
266:	36	
336:	196	236	
339:	91	
350:	9	22	23	25	32	35	41	50	53	64	81	92	101	102	105	108	112	122	123	132	143	144	145	146	149	153	160	169	178	180	181	184	188	189	190	197	205	211	235	253	258	264	265	266	267	272	276	279	290	298	301	311	333	345	353	364	384	391	397	399	400	409	415	423	424	425	436	444	446	447	458	460	463	465	466	469	475	481	487	488	490	493	502	503	516	519	520	521	549	557	
354:	400	
375:	444	
380:	467	
382:	6	76	92	102	149	290	330	443	481	547	
405:	6	
406:	6	
423:	139	349	447	450	451	502	
425:	447	451	
430:	244	430	
434:	59	
450:	35	102	116	290	345	358	367	368	434	473	534	
492:	39	184	
592:	52	356	364	460	544	548	
593:	364	460	
594:	52	544	548	
604:	29	73	555	
630:	146	
632:	121	
633:	269	558	
634:	101	
641:	9	75	78	79	83	94	98	124	142	151	153	180	187	188	288	296	303	312	313	314	315	316	318	319	322	354	383	395	459	475	496	498	515	551	
642:	9	78	354	
643:	188	313	515	
680:	146	
690:	92	144	291	402	473	488	490	509	
699:	291	
701:	490	
732:	366	
779:	21	438	491	
784:	428	
794:	540	
807:	535	
813:	535	
834:	145	
835:	145	
849:	165	
851:	21	155	211	296	312	319	349	382	408	425	
869:	21	24	154	155	183	294	454	474	480	508	546	549	
875:	155	294	480	
877:	155	
948:	382	
1044:	427	
1047:	288	443	
1071:	328	
1073:	523	524	525	527	528	529	530	531	532	533	536	
1084:	526	
1096:	117	185	
1097:	15	58	72	132	152	173	176	198	279	561	
1127:	358	
1156:	78	223	
1171:	212	
1191:	325	
1196:	220	242	384	461	
1255:	108	
1270:	103	
1288:	195	
1306:	303	
1312:	36	102	253	333	446	467	487	490	493	518	
1315:	36	
1317:	36	
1327:	373	
1364:	442	
1404:	101	506	
1408:	358	362	431	502	
1409:	3	368	
1417:	486	
1488:	514	
1512:	41	
1520:	13	21	225	267	309	475	506	
1539:	430	
1540:	101	215	
1543:	27	82	326	517	
1554:	13	225	
1556:	22	291	311	425	516	
1576:	121	
1624:	26	391	549	
1637:	24	102	181	253	298	323	333	363	446	462	465	467	469	473	487	490	493	518	
1642:	24	298	363	446	465	469	473	490	
1646:	333	465	487	
1653:	24	31	41	50	146	180	269	292	333	335	398	409	446	465	468	470	487	493	520	
1656:	465	
1676:	26	349	
1711:	24	92	108	144	160	189	334	363	506	523	524	525	527	528	529	530	531	532	533	
1732:	197	257	416	
1741:	149	
1751:	443	
1792:	16	
1824:	24	180	303	356	364	
1826:	180	
1828:	356	364	
1846:	302	
1859:	251	382	520	
1868:	337	
1878:	284	
1891:	25	35	109	112	446	463	465	518	519	557	
1901:	162	442	444	506	
1902:	149	
1904:	363	428	
1907:	363	
1908:	428	
1910:	92	144	186	193	227	248	334	367	373	377	409	443	453	514	520	
1917:	374	
1923:	448	
1934:	367	
1939:	76	547	
1940:	76	547	
2024:	38	39	223	394	
2032:	75	288	312	315	515	
2040:	143	510	
2081:	259	
2085:	162	276	355	
2087:	363	
2088:	25	35	109	112	173	197	253	257	324	411	416	463	465	518	519	559	
2100:	109	112	463	518	519	
2130:	9	55	56	144	145	146	205	
2205:	430	
2226:	115	
2230:	263	
2231:	263	
2238:	363	
2242:	204	
2256:	435	
2267:	303	
2282:	5	120	149	355	435	
2297:	398	428	
2308:	102	
2361:	189	
2363:	125	206	239	242	
2366:	534	
2371:	406	
2378:	32	143	178	349	494	
2390:	3	9	32	146	186	244	291	382	402	430	
2396:	291	
2403:	75	79	83	89	98	142	191	313	314	316	318	319	322	371	414	515	551	
2419:	102	465	467	473	559	
2431:	424	
2448:	558	
2454:	88	211	
2458:	121	
2491:	364	
2492:	53	
2519:	105	194	355	472	
2528:	527	
2550:	411	
2554:	244	
2557:	141	
2560:	141	242	349	
2567:	141	
2570:	9	
2573:	443	
2581:	24	36	180	289	298	310	407	428	514	
2587:	527	534	
2601:	183	441	
2609:	146	
2617:	193	
2629:	292	
2645:	122	160	192	
2646:	160	192	
2658:	446	
2662:	189	
2685:	295	
2696:	376	
2700:	146	552	
2703:	146	
2730:	2	
2816:	53	102	103	116	121	139	158	175	179	219	249	257	273	324	349	360	387	393	402	422	435	450	465	469	473	480	494	559	
2835:	273	
2873:	27	94	125	465	
2879:	92	144	264	305	393	423	457	505	
2893:	514	
2896:	81	195	
2913:	362	
2921:	62	
2923:	448	
2924:	448	
2926:	529	
2936:	84	
2953:	146	
2956:	5	
2973:	374	
2989:	284	455	470	483	
2990:	284	
3056:	69	242	271	272	284	298	301	359	376	380	386	
3075:	443	
3087:	125	344	363	
3091:	142	
3115:	164	
3127:	41	303	
3128:	303	
3237:	15	21	23	32	38	43	46	55	58	64	67	72	83	90	92	95	101	105	115	118	124	141	144	173	176	177	195	196	215	236	241	250	258	264	265	266	267	273	276	290	302	305	311	312	341	345	355	356	365	378	383	391	393	402	410	415	420	423	425	440	443	453	456	457	459	464	468	475	481	496	505	520	559	
3243:	67	173	456	468	475	496	
3248:	378	
3249:	378	
3251:	38	
3301:	276	
3306:	264	265	
3321:	56	112	121	169	182	333	337	463	465	475	487	520	
3336:	13	225	
3358:	133	289	407	
3363:	323	
3364:	323	
3366:	438	
3381:	24	39	146	183	192	294	335	391	448	454	473	
3389:	13	225	
3396:	95	
3410:	27	82	289	326	424	517	
3420:	520	
3424:	3	155	185	223	285	366	386	412	484	561	
3425:	35	46	95	244	257	267	276	349	409	420	424	430	447	450	465	469	473	480	502	503	510	
3434:	8	22	29	74	146	245	258	269	270	291	431	432	441	443	447	449	451	460	488	502	503	509	510	513	521	526	
3436:	270	432	447	521	
3440:	141	
3442:	32	55	88	105	115	123	136	144	146	184	194	196	211	215	236	244	258	290	291	311	402	425	430	440	443	453	464	472	481	516	520	
3453:	549	
3454:	549	
3458:	26	
3467:	26	
3469:	374	
3476:	374	
3484:	143	
3491:	17	53	
3492:	9	26	27	56	88	92	101	102	103	108	122	137	144	145	146	160	183	205	211	215	244	253	267	290	302	324	400	424	429	436	481	483	
3515:	88	114	145	486	
3518:	407	
3530:	200	
3547:	186	284	
3552:	121	
3553:	121	
3576:	146	430	443	
3641:	502	
3647:	502	
3660:	168	470	
3731:	270	431	488	502	513	
3741:	21	24	37	52	54	59	64	78	84	132	141	153	166	212	268	286	315	318	355	359	361	395	414	448	464	473	482	495	514	549	
3750:	7	87	99	152	155	161	185	190	212	226	228	284	285	286	321	325	366	390	412	419	479	481	484	503	561	
3763:	414	
3766:	87	143	
3767:	143	
3776:	50	
3789:	9	
3801:	26	375	
3802:	26	
3810:	52	
3811:	275	483	
3812:	29	
3830:	366	412	484	
3885:	17	53	291	365	
3893:	139	
3894:	139	
3985:	411	
4073:	1	5	21	37	49	66	69	77	99	100	118	152	207	208	212	220	235	248	325	370	384	386	388	461	474	476	478	479	485	500	501	507	508	561	
4082:	81	
4101:	141	
4118:	209	
4124:	115	
4173:	326	448	517	
4251:	34	36	179	219	422	469	
4258:	26	
4262:	534	
4271:	204	
4273:	204	
4318:	183	
4334:	76	103	153	194	264	266	391	394	397	453	472	480	547	
4351:	56	152	273	500	
4358:	314	315	383	515	
4365:	159	353	
4367:	464	
4371:	38	
4405:	188	
4424:	526	
4443:	242	
4451:	37	
4453:	199	344	428	
4454:	428	
4456:	296	
4476:	303	452	
4542:	26	
4575:	9	48	81	143	216	260	354	
4597:	529	532	
4598:	529	532	
4622:	9	
4639:	239	
4645:	132	
4652:	375	
4666:	183	
4685:	123	
4686:	123	
4687:	101	
4693:	268	482	526	
4696:	8	450	451	460	526	
4741:	490	
4759:	247	
4765:	91	
4772:	145	193	
4778:	88	114	145	425	486	
4784:	88	114	145	486	
4800:	13	225	
4818:	189	262	267	272	481	500	
4853:	38	
4873:	503	
4880:	24	67	190	197	239	269	325	328	333	355	412	431	448	455	469	479	487	488	502	503	507	510	526	561	
4881:	190	479	503	507	
4886:	344	
4891:	50	118	268	284	313	328	378	444	470	482	507	
4895:	4	29	85	129	246	271	272	328	376	380	444	470	545	
4899:	246	328	545	
4902:	171	386	471	549	
4904:	171	471	
4905:	171	471	
4936:	171	191	193	242	316	373	380	471	
4953:	129	
5025:	116	143	
5027:	116	143	
5052:	368	
5192:	149	376	
5227:	6	149	
5236:	182	
5310:	98	118	
5315:	32	82	448	
5319:	149	
5325:	215	
5338:	444	
5366:	391	
5371:	241	
5387:	133	
5395:	192	
5427:	441	
5454:	428	
5484:	349	
5503:	160	
5641:	92	
5653:	127	146	349	546	
5658:	27	59	82	289	514	
5678:	256	469	
5680:	256	469	
5697:	95	
5703:	102	469	
5704:	102	469	
5722:	464	
5723:	443	
5726:	153	391	409	
5727:	153	
5728:	409	
5801:	188	246	313	317	454	
5802:	246	454	
5803:	246	454	
5819:	165	
5847:	144	448	
5850:	43	189	
5880:	315	515	
5895:	6	
5934:	242	291	330	349	
5952:	244	
5972:	122	
5991:	122	
6020:	416	
6021:	416	
6027:	21	45	78	159	275	298	355	367	444	476	561	
6056:	46	64	96	169	262	264	265	266	420	505	
6061:	251	
6062:	507	
6064:	559	
6065:	416	
6084:	165	
6130:	288	
6134:	19	
6158:	76	547	
6159:	76	547	
6239:	76	547	
6240:	76	547	
6277:	178	344	452	455	470	510	
6278:	178	
6279:	178	344	
6281:	55	108	145	253	349	427	
6323:	38	
6341:	286	
6366:	376	
6369:	7	37	155	161	286	306	
6411:	102	
6435:	102	181	333	445	458	465	467	469	473	487	511	
6436:	465	469	
6444:	102	181	333	465	467	469	473	487	
6452:	35	112	463	
6453:	35	112	463	
6463:	79	322	346	371	406	414	498	
6477:	354	
6497:	84	
6543:	464	
6568:	12	64	176	183	223	441	
6573:	125	239	
6600:	391	397	
6607:	143	
6618:	46	440	464	
6631:	17	53	291	365	440	
6641:	32	95	211	231	
6643:	32	231	
6686:	165	
6753:	36	84	143	146	193	376	414	448	
6764:	305	
6769:	448	
6770:	448	
6773:	416	
6777:	193	
6778:	335	
6789:	55	92	95	101	108	140	144	146	151	184	215	258	290	305	311	393	415	436	457	481	
6790:	36	276	416	
6798:	290	
6809:	50	189	322	
6811:	304	
6821:	428	
6822:	428	
6824:	314	
6836:	335	
6837:	84	193	249	373	376	380	414	
6842:	382	
6849:	13	225	
6850:	13	225	
6853:	514	
6856:	118	
6857:	269	
6906:	156	
6927:	530	
6939:	216	
6986:	46	64	90	96	129	169	194	258	262	264	265	266	291	341	402	420	423	440	443	453	464	472	505	556	
6988:	451	
6997:	17	
6998:	32	46	55	64	88	92	101	105	115	137	144	146	194	196	236	241	244	258	302	311	402	410	415	425	430	440	443	464	472	481	516	
6999:	526	
7002:	294	
7018:	139	
7036:	55	
7039:	92	108	137	144	146	
7040:	55	
7041:	101	115	123	146	153	186	211	241	395	402	425	443	516	556	
7042:	391	
7043:	186	393	409	443	
7047:	249	
7056:	102	469	473	559	
7057:	102	469	473	559	
7065:	141	
7076:	223	
7080:	409	
7087:	92	137	197	205	215	302	397	409	
7094:	137	215	302	
7096:	205	
7104:	285	
7106:	249	491	514	
7116:	92	116	144	181	182	209	279	294	304	335	363	411	435	470	
7118:	304	
7133:	557	
7151:	189	251	481	
7211:	162	
7214:	118	193	242	306	373	
7270:	451	
7276:	183	192	425	
7306:	400	560	
7329:	12	304	452	
7338:	12	435	
7352:	50	
7358:	50	
7502:	285	
7508:	24	180	292	
7513:	96	505	
7540:	35	
7549:	468	
7570:	514	
7571:	514	
7588:	108	
7600:	244	347	
7637:	284	
7684:	349	428	
7719:	35	
7720:	35	
7744:	36	
7751:	374	
7754:	428	
7778:	223	260	349	363	382	424	522	560	
7791:	260	
7818:	349	
7826:	75	292	
7827:	292	
7833:	15	43	72	74	103	117	154	183	192	243	268	270	353	363	444	455	460	482	507	
7834:	4	
7838:	132	314	383	
7839:	15	16	24	25	29	37	45	47	52	65	67	69	72	74	75	78	81	85	87	89	100	112	117	124	132	147	152	154	156	159	161	165	166	171	176	180	183	187	190	192	202	207	208	212	220	226	228	242	243	245	246	248	250	257	269	270	275	277	286	292	296	298	306	309	312	313	315	319	321	322	323	325	328	334	337	344	347	349	353	354	355	356	358	363	364	371	375	383	390	408	412	419	437	444	448	450	454	455	460	461	463	470	471	474	476	479	483	484	485	486	494	498	501	502	503	507	512	515	518	544	545	548	549	554	558	559	561	
7840:	67	171	192	353	471	
7841:	460	
7842:	183	192	243	292	323	363	437	454	545	
7843:	364	
7844:	72	75	85	183	192	323	363	544	
7845:	75	85	190	192	202	246	323	356	460	498	
7846:	483	
7853:	103	
7854:	354	
7858:	114	396	
7860:	303	
7861:	168	
7866:	455	
7882:	535	
7920:	246	
7932:	89	
7988:	59	141	520	
7993:	394	
7994:	143	
8002:	122	
8005:	272	
8013:	301	
8030:	17	22	291	
8031:	16	139	251	263	419	501	555	
8041:	182	
8048:	510	
8054:	407	
8055:	310	
8058:	29	
8183:	34	439	
8197:	31	143	160	204	400	
8199:	160	
8210:	58	
8216:	21	160	
8218:	228	243	
8230:	502	
8235:	523	524	525	527	528	529	530	531	532	533	
8331:	153	280	464	506	
8332:	153	464	506	
8357:	67	159	355	
8403:	15	67	72	159	171	176	245	246	322	323	353	355	371	460	471	498	507	545	
8410:	443	
8421:	37	
8432:	76	547	
8433:	76	547	
8454:	125	206	
8492:	304	
8523:	304	
8536:	358	
8537:	358	
8538:	279	
8540:	35	
8544:	35	
8564:	143	
8584:	38	
8634:	560	
8649:	448	
8671:	43	132	466	
8687:	184	
8703:	184	
8704:	542	
8709:	75	89	503	
8722:	465	
8759:	101	105	144	145	194	211	231	290	344	391	416	472	520	
8784:	448	
8785:	89	118	
8807:	431	451	460	503	
8808:	526	
8811:	56	
8812:	56	
8836:	133	
8844:	344	
8867:	400	
8906:	518	
8924:	253	
8953:	17	22	291	
8979:	244	
8988:	90	
9023:	23	
9035:	76	547	
9036:	76	547	
9037:	266	
9055:	76	547	
9056:	76	547	
9067:	244	
9093:	443	
9105:	254	
9129:	1	69	100	242	376	386	461	561	
9139:	535	
9147:	75	78	83	85	89	124	142	187	188	312	313	315	317	318	319	322	371	383	498	515	
9148:	313	
9153:	502	513	
9180:	359	
9193:	307	
9201:	107	
9202:	310	
9203:	291	304	443	
9204:	29	156	307	358	359	367	408	
9207:	284	
9237:	253	
9247:	335	
9297:	519	
9314:	47	52	64	73	432	555	
9318:	73	432	
9319:	29	364	544	
9330:	430	
9332:	31	92	95	140	144	215	311	481	
9333:	31	
9336:	6	47	149	245	431	432	460	555	
9338:	460	
9339:	149	555	
9341:	431	432	
9343:	47	
9346:	8	447	
9353:	37	83	98	124	142	153	188	246	313	316	317	318	319	322	344	383	498	
9357:	87	544	
9360:	38	304	
9368:	65	
9388:	452	
9390:	188	314	515	
9412:	455	510	
9414:	149	
9416:	149	
9424:	149	
9425:	149	
9426:	149	
9427:	149	
9431:	209	429	
9437:	366	412	
9445:	376	
9446:	376	
9453:	117	
9460:	197	
9461:	142	313	317	
9466:	92	101	105	115	144	146	194	196	236	241	305	311	393	402	415	421	425	440	443	453	457	464	472	481	
9467:	92	144	146	443	
9483:	516	
9502:	59	374	
9503:	59	374	
9504:	59	374	
9541:	8	39	47	59	84	118	150	152	155	156	161	223	230	245	268	269	270	277	325	355	359	374	394	395	396	408	419	424	425	427	431	432	441	442	447	448	449	450	451	482	488	501	502	503	504	509	513	514	521	522	523	524	525	526	527	528	529	530	531	532	533	535	536	538	539	541	542	549	558	561	563	
9545:	448	526	
9546:	39	558	
9547:	39	223	230	374	394	424	549	558	
9548:	442	
9550:	150	441	442	488	502	503	509	513	
9551:	535	
9554:	502	
9569:	258	
9570:	555	
9572:	555	
9573:	73	76	88	123	196	236	410	516	520	547	
9579:	244	
9589:	448	
9591:	120	180	279	298	372	452	470	546	
9593:	120	
9594:	120	279	372	
9597:	402	
9599:	92	108	144	146	215	290	436	
9610:	102	144	180	298	432	441	
9657:	209	
9658:	209	
9664:	258	
9668:	383	
9672:	101	
9678:	102	465	469	473	
9682:	272	
9710:	101	
9767:	13	225	
9787:	22	32	409	
9797:	244	276	400	
9806:	26	
9833:	13	225	
9841:	180	
9847:	31	92	144	276	290	302	436	
9873:	306	
9876:	284	
9921:	353	355	
9990:	558	
10044:	141	
10046:	526	
10048:	177	
10049:	108	264	334	372	428	490	
10052:	108	264	372	428	
10053:	108	264	372	428	
10056:	195	
10059:	467	
10061:	64	149	231	244	247	420	
10064:	123	
10098:	254	
10105:	13	225	
10110:	55	89	92	95	101	108	123	136	137	144	209	215	244	267	290	301	302	305	311	415	425	436	481	
10116:	154	
10127:	122	
10144:	12	38	304	
10150:	23	117	470	
10160:	82	
10172:	38	
10174:	38	
10179:	253	298	519	
10199:	450	
10202:	41	
10225:	470	
10242:	245	
10246:	165	
10254:	53	168	183	409	
10257:	53	168	
10277:	189	
10279:	189	
10297:	172	338	
10304:	50	
10316:	149	
10325:	39	59	70	82	139	223	230	359	
10333:	102	467	
10344:	428	
10345:	139	398	
10349:	88	114	145	211	425	452	454	
10356:	448	
10357:	448	
10358:	209	
10360:	244	376	486	555	
10410:	276	368	
10412:	276	
10446:	288	
10447:	141	
10523:	242	
10546:	376	380	
10552:	335	
10555:	244	
10575:	41	
10628:	81	
10632:	554	
10633:	76	547	
10634:	76	547	
10668:	145	
10669:	228	
10670:	228	
10673:	37	
10681:	223	
10689:	481	
10695:	368	
10715:	386	
10721:	92	137	144	215	302	311	436	
10737:	552	553	
10739:	198	
10749:	289	407	435	
10750:	248	
10770:	171	237	471	
10789:	250	
10805:	513	
10816:	81	89	118	133	177	195	250	289	407	434	554	
10819:	289	407	
10820:	434	
10821:	177	195	
10824:	490	
10861:	364	
10888:	367	
10900:	303	
10918:	432	
10924:	523	524	525	527	528	529	530	531	532	533	
10927:	303	
10938:	72	260	
10945:	292	
10947:	59	374	
10993:	88	
11000:	165	
11007:	117	155	161	561	
11018:	467	
11036:	336	
11065:	428	
11117:	354	
11144:	50	
11177:	120	235	260	279	349	
11181:	120	279	
11206:	211	
11275:	416	
11280:	416	
11336:	76	547	
11337:	76	547	
11355:	91	
11393:	36	38	59	102	197	333	446	465	469	487	511	518	
11404:	333	465	469	487	511	
11418:	324	
11433:	114	145	244	
11447:	244	
11460:	75	187	313	
11461:	83	
11564:	137	552	553	
11610:	13	23	24	32	41	64	74	102	112	117	176	178	180	189	225	228	268	298	323	335	344	354	355	363	390	393	398	409	420	423	432	446	447	451	463	465	469	473	482	490	493	502	561	
11628:	303	
11644:	45	50	
11660:	373	498	
11674:	150	
11680:	242	300	
11681:	300	
11694:	448	
11706:	15	143	183	192	195	363	400	
11811:	35	
11855:	23	
11881:	374	
11884:	193	
11890:	194	472	
11892:	349	
11893:	349	
11939:	258	448	
12021:	4	50	244	303	347	
12040:	50	
12051:	469	
12068:	244	
12074:	301	
12084:	103	517	
12091:	39	70	394	
12096:	176	
12120:	359	367	
12155:	32	36	347	402	
12202:	523	
12246:	195	
12259:	13	225	
12298:	486	
12303:	486	
12304:	41	143	
12344:	424	
12349:	103	
12360:	443	
12383:	438	491	
12384:	491	
12394:	24	180	310	354	
12404:	368	
12406:	24	
12407:	451	
12408:	24	120	180	
12413:	8	143	192	400	455	488	509	523	524	525	526	527	528	529	530	531	532	533	
12415:	455	
12422:	526	
12425:	526	
12429:	8	
12436:	373	378	535	536	539	563	
12460:	67	159	
12461:	67	159	
12462:	67	159	
12492:	101	
12501:	183	
12510:	194	472	
12547:	526	
12591:	216	
12607:	409	
12609:	191	220	316	386	388	390	419	475	488	515	
12618:	514	
12621:	29	70	153	186	194	391	472	
12626:	70	186	
12646:	84	
12650:	284	
12666:	386	
12672:	469	
12713:	172	406	
12755:	374	
12762:	52	65	74	117	228	243	275	303	356	364	451	460	544	548	
12763:	356	
12765:	186	194	361	412	472	480	495	
12766:	555	
12780:	358	
12783:	358	
12839:	526	
12840:	89	
12915:	286	386	408	
12946:	70	367	
12947:	151	505	
12950:	75	83	85	98	124	132	142	188	313	314	316	317	318	319	322	383	551	
12954:	62	259	
12958:	47	73	76	118	162	191	515	547	555	
12972:	129	
12974:	76	395	547	
12975:	76	547	
12976:	451	
12981:	70	338	367	406	
12982:	208	549	
13011:	103	
13034:	75	85	98	246	322	371	375	498	
13052:	19	118	338	
13104:	450	
13113:	69	100	117	118	161	202	207	235	242	286	296	370	376	384	385	386	399	474	476	479	485	508	
13136:	92	144	
13146:	205	
13165:	242	272	
13169:	139	
13178:	19	
13236:	223	
13237:	223	
13249:	363	
13270:	177	
13271:	211	
13273:	165	
13299:	29	
13300:	514	
13328:	168	216	452	470	
13359:	2	48	53	58	67	72	150	159	171	172	173	199	246	325	346	353	355	399	421	440	456	459	464	468	471	475	491	496	
13361:	464	
13362:	464	
13367:	67	355	
13369:	172	173	199	325	346	399	
13370:	171	173	471	
13386:	396	443	
13394:	470	
13411:	257	559	
13412:	411	559	
13423:	160	
13485:	205	
13490:	367	
13495:	38	
13497:	38	197	
13498:	38	
13513:	286	
13522:	24	31	70	92	108	116	180	292	298	344	
13525:	4	45	292	382	409	523	524	525	527	528	529	530	531	532	533	
13538:	45	
13555:	216	
13580:	394	
13582:	183	363	
13583:	511	
13588:	25	333	363	465	469	487	
13655:	356	
13658:	2	
13677:	116	552	553	
13678:	116	
13686:	173	292	557	
13701:	215	
13793:	14	
13800:	349	
13810:	102	
13888:	411	
13907:	31	382	553	
13916:	394	
13952:	364	
13982:	438	
14006:	523	524	525	527	528	529	530	531	532	533	
14055:	94	116	175	270	475	478	
14121:	143	335	
14144:	4	50	310	470	
14176:	504	
14182:	16	
14184:	181	
14198:	4	24	45	120	168	180	183	209	279	292	298	301	303	310	363	372	452	546	
14199:	180	292	
14201:	24	180	183	292	298	310	363	546	
14204:	24	
14229:	303	
14238:	76	547	
14245:	296	
14249:	534	
14295:	253	446	462	465	490	518	
14297:	36	445	467	
14299:	25	35	102	109	112	333	342	458	463	465	466	469	473	487	492	493	511	518	519	557	
14300:	298	
14301:	164	
14314:	473	
14333:	378	
14351:	428	
14357:	428	
14362:	121	
14367:	76	77	118	161	192	198	242	249	286	309	336	359	408	474	478	500	547	549	555	562	
14368:	242	408	
14369:	77	
14371:	514	
14382:	55	165	
14384:	165	
14386:	26	
14417:	160	
14449:	527	
14471:	31	292	
14476:	204	276	373	
14505:	146	359	514	
14522:	360	
14530:	272	
14539:	53	420	523	524	525	527	528	529	530	531	532	533	
14546:	523	524	525	527	528	529	530	531	532	533	
14570:	103	
14573:	24	180	187	292	354	
14577:	354	
14579:	24	180	292	
14586:	172	199	549	
14591:	143	
14592:	270	
14601:	62	116	484	
14629:	13	32	36	50	108	129	145	146	186	225	244	253	256	310	333	347	349	365	402	430	481	487	
14644:	129	
14659:	118	226	310	317	322	371	375	494	498	
14663:	338	367	549	
14670:	338	
14686:	493	
14692:	36	
14705:	467	
14714:	349	
14720:	45	70	89	118	146	191	228	250	286	309	310	373	391	408	515	549	
14728:	36	142	
14729:	36	
14737:	132	
14744:	557	
14779:	59	374	
14819:	200	
14852:	120	
14890:	446	450	523	524	525	527	528	529	530	531	532	533	535	536	539	563	
14891:	446	450	523	524	525	527	528	529	530	531	532	533	535	536	539	563	
14897:	8	451	526	
14902:	108	144	215	436	
14908:	535	
14939:	502	
14958:	8	24	102	192	239	269	270	298	349	368	431	432	441	447	449	451	488	502	503	509	511	513	521	522	526	546	
14973:	513	
14977:	8	509	521	
14978:	8	
14987:	4	
14992:	41	189	231	334	441	449	451	
14996:	237	
15018:	108	123	
15021:	55	62	92	115	146	153	223	265	276	
15044:	6	55	382	
15078:	24	139	180	192	228	310	349	363	470	
15087:	139	
15101:	4	303	310	452	470	
15114:	37	
15144:	160	355	
15177:	355	438	
15201:	451	
15203:	158	
15220:	53	
15241:	557	
15249:	84	
15253:	300	
15267:	103	481	
15274:	375	
15276:	120	
15280:	38	41	45	47	73	98	180	187	206	279	303	310	344	367	395	432	441	452	454	455	460	510	522	
15282:	454	
15283:	454	
15287:	41	98	510	
15288:	41	510	
15296:	363	
15305:	143	
15309:	143	
15319:	7	55	103	377	378	484	502	
15355:	8	29	52	65	117	143	171	243	268	269	270	294	344	395	397	431	432	441	442	447	448	449	450	451	454	455	460	470	471	482	483	488	502	503	507	509	510	512	513	521	523	524	525	526	527	528	529	530	531	532	533	544	545	
15356:	8	52	269	270	449	451	454	455	460	503	512	521	544	
15357:	268	270	482	
15358:	117	269	270	454	455	507	512	545	
15360:	268	455	482	
15391:	430	
15395:	137	302	
15400:	13	225	
15404:	13	22	32	136	146	186	225	244	290	302	402	430	443	
15438:	13	22	64	88	146	196	225	244	258	410	430	443	
15440:	258	
15443:	22	
15462:	410	
15470:	89	
15471:	409	
15473:	117	268	269	270	454	455	482	507	512	545	
15481:	17	32	37	47	53	54	64	76	88	90	105	146	153	162	186	196	241	291	330	365	391	393	394	395	396	397	398	402	421	425	440	443	448	453	480	506	547	556	
15482:	54	153	391	395	396	480	
15490:	400	
15502:	391	397	409	
15503:	153	402	443	
15507:	144	
15514:	409	
15519:	521	
15524:	526	
15548:	312	
15574:	408	
15575:	84	
15603:	115	
15604:	115	
15626:	160	378	
15637:	139	
15645:	467	
15646:	467	
15647:	139	
15659:	437	
15692:	41	129	244	249	
15693:	129	
15711:	173	481	
15718:	173	
15748:	161	
15775:	136	
15777:	533	
15798:	358	
15800:	91	
15832:	13	225	
15839:	65	
15840:	65	
15841:	151	
15873:	9	103	122	253	
15875:	26	36	65	149	180	197	284	286	325	336	361	470	491	495	555	
15881:	22	23	41	50	54	88	92	101	102	105	120	122	123	137	143	145	149	189	192	194	205	215	236	260	279	302	305	324	335	349	354	356	365	374	391	409	415	421	425	435	457	465	469	472	481	505	506	519	523	524	525	527	528	529	530	531	532	533	557	559	
15897:	354	
15899:	335	
15917:	38	304	460	
15937:	47	187	335	452	454	455	
15991:	102	469	473	
16038:	251	
16059:	115	
16086:	5	32	105	133	235	236	272	285	314	441	464	
16094:	285	
16100:	102	428	469	473	
16101:	22	
16121:	26	175	
16140:	464	
16163:	160	301	
16167:	122	
16183:	122	
16192:	67	355	
16238:	45	546	
16243:	89	118	
16250:	467	
16251:	6	24	102	123	146	153	264	265	290	305	393	420	423	441	442	457	490	505	520	521	
16277:	535	
16288:	526	
16319:	532	
16426:	528	
16429:	101	
16455:	294	
16464:	257	
16479:	56	
16493:	118	195	220	239	325	474	500	
16511:	382	
16525:	258	
16530:	526	
16659:	164	
16672:	143	260	
16674:	143	
16683:	50	
16708:	77	
16720:	8	37	47	64	162	188	196	228	248	442	444	460	480	512	
16725:	197	
16726:	197	
16746:	69	177	198	359	376	386	486	543	
16750:	69	359	386	543	
16822:	333	487	
16824:	514	
16849:	456	
16874:	193	
16912:	92	108	
16927:	15	53	72	159	176	323	371	454	
16929:	454	
16931:	454	
16932:	159	
16933:	15	72	176	323	371	
16951:	150	270	
16978:	526	
16979:	526	
17005:	146	443	
17019:	64	96	129	264	266	420	
17023:	514	
17024:	375	400	535	
17060:	6	
17104:	357	
17136:	251	
17154:	89	470	
17200:	88	244	
17203:	263	523	524	525	527	528	529	530	531	532	533	
17241:	75	515	
17246:	189	378	
17255:	383	
17258:	400	
17259:	400	
17260:	400	
17261:	143	400	
17330:	245	
17349:	165	
17387:	77	376	
17397:	150	527	532	
17398:	451	
17399:	118	349	373	
17407:	514	
17408:	150	
17413:	443	
17429:	247	335	
17445:	394	
17461:	133	
17464:	514	
17466:	481	
17476:	303	
17483:	382	
17485:	301	
17512:	432	
17514:	284	
17517:	91	
17519:	3	7	21	84	118	161	191	212	226	474	479	507	
17555:	228	243	
17556:	228	243	
17640:	244	291	365	430	
17641:	244	365	430	
17663:	36	291	349	374	
17680:	245	
17693:	22	146	
17810:	430	
17841:	524	
17854:	425	
17858:	347	
17877:	354	
17915:	205	
17941:	76	547	
17942:	76	547	
18079:	254	
18135:	26	
18162:	216	
18175:	24	26	303	363	454	
18182:	363	454	
18336:	493	
18413:	520	
18436:	31	70	160	
18437:	70	
18446:	296	
18526:	514	
18570:	205	
18657:	155	296	360	374	400	526	
18692:	374	
18733:	205	449	
18750:	140	258	443	
18766:	115	402	425	440	457	464	506	516	520	556	
18768:	76	105	115	153	194	196	236	241	258	305	311	361	391	393	396	402	415	440	443	453	457	464	472	481	495	506	547	
18772:	415	
18790:	230	
18829:	186	
18863:	428	
18897:	50	451	460	526	
18898:	50	
18925:	223	
18926:	223	
18940:	89	
18952:	284	
18954:	284	
18961:	13	59	66	171	181	192	225	249	272	273	364	460	471	476	
18973:	535	
19004:	358	441	
19022:	41	
19107:	258	
19132:	12	23	38	304	458	469	
19133:	12	38	304	
19157:	22	
19262:	98	151	
19269:	143	270	303	431	488	502	512	513	521	
19270:	431	521	
19304:	15	98	107	125	142	171	223	237	239	319	357	390	394	408	470	471	502	507	551	
19351:	144	
19413:	37	
19480:	467	
19492:	527	529	532	533	
19493:	451	
19500:	502	
19510:	7	50	89	155	161	185	226	235	248	249	285	286	306	366	390	412	484	507	549	
19517:	541	563	
19527:	205	
19528:	205	
19533:	314	
19541:	41	303	306	344	432	470	
19562:	356	
19589:	284	
19590:	284	
19591:	98	
19624:	125	
19647:	272	
19711:	149	
19748:	173	
19858:	8	328	
19879:	378	
19897:	432	
19909:	25	92	436	462	
19917:	239	
19918:	239	
19929:	19	29	94	171	173	245	307	362	432	435	448	468	471	486	526	
19930:	29	
19966:	29	460	
20008:	65	75	87	228	270	292	322	354	362	363	455	483	512	545	
20015:	535	
20017:	253	
20022:	386	
20073:	247	
20077:	245	442	526	
20082:	139	
20087:	336	
20093:	48	
20100:	246	
20101:	32	36	132	171	172	180	298	304	338	395	397	398	402	409	442	466	471	473	
20121:	76	79	84	85	88	89	98	118	142	172	191	193	199	242	272	288	338	346	359	386	397	399	406	414	480	506	547	
20123:	76	547	
20158:	47	
20166:	112	463	
20213:	557	
20214:	262	
20216:	183	192	494	534	
20226:	160	
20245:	467	
20257:	484	
20292:	76	547	
20328:	382	
20346:	12	
20404:	448	500	
20431:	374	
20462:	76	547	
20464:	76	547	
20473:	29	73	156	
20520:	81	
20527:	92	
20531:	102	253	446	465	467	469	473	490	493	
20544:	559	
20547:	559	
20610:	526	
20633:	347	
20653:	39	107	296	507	
20654:	125	
20655:	4	
20664:	367	
20679:	26	208	264	
20685:	26	
20705:	8	102	503	
20710:	8	
20733:	186	
20740:	526	
20752:	59	394	
20797:	557	
20798:	9	
20804:	143	303	411	
20833:	349	
20867:	8	
20885:	70	186	
20893:	276	481	
20895:	120	
20902:	22	266	
20926:	197	
20995:	102	253	303	465	467	469	473	
21003:	92	258	
21011:	514	
21018:	406	
21020:	205	
21038:	375	514	
21041:	188	313	
21046:	251	
21061:	425	
21063:	4	7	24	41	84	87	129	155	156	162	168	180	191	201	235	284	310	335	373	375	377	390	435	484	501	502	514	546	552	553	555	561	
21092:	17	32	90	153	196	231	253	291	330	336	365	393	395	396	402	421	425	440	464	
21098:	32	55	105	115	184	194	196	215	236	290	291	311	402	440	443	464	472	516	
21112:	200	
21118:	45	355	474	
21119:	56	59	67	92	169	189	237	286	330	354	355	440	481	523	524	525	527	528	529	530	531	532	533	
21135:	228	307	
21148:	165	
21254:	89	
21270:	45	103	187	
21302:	45	
21348:	7	8	171	198	212	250	268	270	273	303	373	378	431	447	448	449	450	451	460	471	482	502	503	521	549	558	
21355:	171	270	471	
21471:	72	92	176	425	453	456	553	
21483:	176	
21484:	176	
21501:	8	53	165	284	378	447	448	449	450	451	502	503	521	535	536	
21502:	8	284	378	451	
21503:	535	
21519:	53	
21520:	53	
21527:	205	324	491	
21558:	303	
21559:	303	
21564:	344	
21568:	76	270	359	406	436	547	
21574:	92	95	140	144	215	311	386	481	550	
21578:	6	
21587:	83	98	124	142	188	313	317	318	319	322	344	383	440	
21588:	188	313	
21601:	50	189	
21603:	50	
21607:	171	390	412	471	484	
21611:	36	428	
21616:	36	
21617:	98	
21618:	452	
21624:	36	
21653:	288	
21695:	149	
21723:	6	
21736:	146	
21776:	525	
21796:	526	
21812:	76	547	
21813:	76	547	
21832:	26	
21856:	223	
21860:	120	
21875:	39	59	70	82	223	230	359	
21876:	223	
21883:	119	176	378	382	434	
21905:	186	226	486	
21932:	27	82	394	514	
21933:	53	291	
21977:	315	515	
22011:	349	
22126:	275	304	520	
22139:	326	517	
22173:	336	
22182:	336	
22183:	336	
22202:	12	
22208:	90	114	136	145	211	258	
22211:	9	
22212:	59	190	394	444	
22213:	190	
22296:	183	
22302:	65	
22304:	168	
22310:	467	
22322:	1	21	66	69	84	100	118	151	172	173	199	201	207	208	220	242	248	325	338	346	359	376	384	388	399	406	414	456	461	468	475	478	496	500	549	562	
22323:	21	
22325:	199	
22327:	456	468	475	496	
22328:	172	
22329:	359	
22336:	408	549	
22338:	118	
22344:	191	
22345:	168	
22355:	347	
22361:	209	
22372:	56	
22393:	197	
22394:	197	
22404:	56	
22449:	205	
22466:	416	
22502:	22	32	103	149	216	256	397	425	443	
22585:	35	112	463	
22604:	306	
22620:	451	
22657:	13	225	
22732:	143	260	400	553	
22734:	260	400	
22739:	9	
22753:	470	
22756:	209	354	
22771:	29	118	121	177	349	359	367	398	
22772:	121	
22773:	121	
22776:	398	
22781:	121	
22782:	121	
22783:	19	23	26	29	117	132	168	198	245	269	292	294	298	303	361	398	409	424	442	486	495	523	524	525	527	528	529	530	531	532	533	546	
22786:	523	524	525	527	528	529	530	531	532	533	
22811:	26	
22828:	21	69	84	151	172	191	199	288	346	399	406	414	
22829:	151	
22830:	151	172	199	414	
22839:	337	501	
22841:	152	
22843:	480	
22855:	90	520	
22887:	114	
22897:	451	
22900:	443	
22903:	46	
22909:	141	
22910:	141	
22916:	141	
22927:	559	
22937:	324	
22981:	216	
22984:	335	
22997:	279	356	548	555	
22998:	279	356	
22999:	555	
23000:	107	125	239	
23009:	553	
23017:	251	
23032:	562	
23056:	96	186	
23073:	96	
23087:	81	
23094:	45	194	205	382	472	
23104:	205	
23187:	226	336	
23192:	31	70	
23196:	37	
23197:	156	
23240:	121	
23247:	21	438	491	
23339:	122	
23341:	460	
23348:	26	122	
23357:	256	
23362:	16	
23368:	48	71	75	124	146	162	187	284	288	296	315	316	383	433	439	515	
23376:	513	
23384:	382	
23386:	116	552	553	
23397:	435	
23453:	526	
23454:	526	
23458:	195	289	407	
23471:	143	
23478:	242	
23481:	303	367	
23504:	467	
23515:	1	
23517:	7	561	
23519:	16	190	277	325	412	
23521:	1	5	37	49	66	69	84	99	100	118	147	152	156	161	172	191	199	201	202	207	208	212	220	226	234	235	242	248	277	286	296	307	325	337	359	374	376	384	385	386	388	390	408	461	474	476	477	478	479	485	486	499	500	501	508	543	549	561	562	
23522:	66	99	100	201	207	208	226	234	388	461	476	477	479	499	561	562	
23531:	258	
23532:	514	
23541:	98	314	
23568:	77	271	272	360	370	380	
23571:	9	114	136	211	290	400	
23574:	290	
23577:	143	
23578:	223	
23592:	316	
23608:	22	105	115	194	196	236	241	258	302	402	453	464	472	516	
23624:	176	
23637:	39	
23674:	335	
23686:	146	
23713:	480	
23731:	197	
23733:	159	272	512	562	
23741:	559	
23797:	146	
23798:	257	453	
23803:	146	
23810:	31	75	125	192	206	226	347	364	543	
23828:	39	78	84	102	118	146	156	162	166	168	212	269	284	310	338	409	444	512	526	
23829:	84	212	
23837:	6	
23849:	266	526	
23875:	310	
23910:	13	22	122	225	420	481	
23939:	72	75	81	85	183	192	315	323	345	363	383	452	515	544	
23941:	81	383	
23943:	429	
23953:	292	
23955:	545	
23956:	58	
23970:	194	472	
23971:	194	443	472	
23972:	194	472	
23980:	416	
23985:	253	303	416	467	
23986:	416	
23987:	416	
23991:	425	
24011:	142	316	319	551	
24034:	510	
24056:	446	490	
24147:	70	
24167:	298	
24168:	284	
24169:	284	
24170:	35	120	151	253	518	
24173:	35	253	518	
24175:	151	
24216:	443	
24248:	35	112	463	519	557	
24279:	35	
24282:	132	
24285:	132	
24373:	9	
24386:	1	19	37	49	66	69	79	84	99	108	118	152	161	162	172	191	193	199	201	202	207	208	212	220	234	242	248	272	285	296	307	316	338	370	376	380	384	386	388	390	408	412	414	461	474	477	478	479	484	500	506	508	543	562	
24393:	1	49	66	69	201	207	208	234	376	384	386	388	390	408	461	474	477	478	479	500	508	543	562	
24394:	79	84	191	307	380	414	
24402:	141	
24431:	306	
24436:	143	483	534	
24437:	534	
24443:	36	56	160	
24465:	276	382	
24483:	133	
24485:	129	
24508:	470	
24511:	376	
24528:	443	
24536:	460	
24566:	269	270	432	451	488	503	509	521	
24576:	122	
24636:	72	88	141	245	256	277	359	415	443	444	450	454	460	474	480	520	556	
24641:	72	245	443	454	480	556	
24644:	277	
24646:	8	268	284	378	427	442	448	450	482	509	542	
24670:	257	
24681:	208	
24721:	323	523	524	525	527	528	529	530	531	532	533	
24723:	152	440	
24725:	22	
24752:	465	
24753:	94	
24755:	398	
24756:	23	
24777:	54	64	79	83	84	124	176	196	262	266	312	386	390	414	420	423	470	475	480	523	524	525	527	528	529	530	531	532	533	549	551	
24781:	75	78	98	124	142	187	314	315	318	319	322	371	383	481	498	515	551	
24782:	386	
24786:	27	82	142	326	394	424	514	517	
24803:	38	
24809:	166	248	549	
24810:	310	447	538	541	542	
24812:	447	538	541	542	
24825:	264	265	285	460	502	
24845:	1	4	7	12	26	35	41	45	46	47	48	52	53	69	71	72	75	78	87	92	94	99	101	102	105	108	115	117	118	123	132	139	141	146	148	153	154	155	161	169	175	176	179	180	184	192	194	196	199	204	219	228	236	241	243	250	253	263	264	266	267	270	272	277	280	284	286	290	292	294	304	305	325	330	342	349	353	355	357	358	359	364	365	366	372	374	378	380	384	391	399	400	402	409	410	415	416	422	423	424	428	430	436	440	441	442	443	446	449	453	457	458	459	462	464	466	468	472	473	475	480	481	484	488	490	491	492	500	502	503	505	507	516	517	518	519	520	521	544	546	555	562	
24846:	94	241	
24847:	71	
24852:	12	19	45	48	65	75	84	98	175	195	202	207	228	245	253	273	307	328	355	359	361	398	408	440	452	453	465	470	474	495	510	534	544	
24863:	195	
24866:	228	398	
24885:	65	75	175	
24907:	12	94	
24913:	39	
24919:	45	50	151	543	
24941:	216	244	256	
24943:	256	
24982:	47	
24991:	344	460	
25008:	544	
25011:	7	19	52	65	74	75	83	87	89	117	118	187	212	228	243	245	246	273	275	303	307	321	334	356	364	390	442	444	451	454	455	460	485	498	503	507	512	544	545	548	561	
25012:	89	507	548	
25015:	87	544	
25016:	19	
25017:	442	
25018:	442	
25021:	452	
25029:	47	116	146	303	344	553	
25033:	344	
25046:	76	84	310	547	
25049:	367	470	
25051:	428	
25053:	428	
25057:	428	
25058:	428	
25078:	460	
25090:	52	364	544	548	
25101:	250	
25112:	168	452	470	
25173:	411	446	490	518	
25187:	25	
25209:	249	
25226:	101	436	
25238:	443	
25254:	53	291	
25269:	258	330	464	
25374:	273	
25375:	273	
25381:	374	
25409:	409	
25445:	13	225	
25451:	13	21	225	267	309	475	506	
25517:	448	
25521:	338	406	
25529:	546	
25538:	49	
25571:	443	
25578:	443	
25586:	443	
25615:	204	
25616:	552	553	
25667:	72	159	165	176	515	
25668:	159	176	
25669:	159	176	
25670:	165	
25671:	515	
25681:	242	
25713:	542	
25715:	216	
25775:	334	
25777:	286	
25781:	173	
25821:	77	152	248	271	272	370	376	380	
25840:	180	292	
25864:	188	
25865:	344	
25876:	161	
25905:	449	506	
25906:	449	506	
25925:	334	
25934:	13	225	
25945:	114	
25977:	1	50	78	107	117	149	151	159	208	209	220	244	347	355	430	441	451	468	480	
25978:	1	50	149	151	159	208	209	244	347	430	441	451	468	480	
25998:	531	
26003:	65	160	303	535	
26046:	428	
26048:	428	
26096:	24	
26097:	117	
26113:	286	366	412	484	
26119:	72	
26126:	29	
26134:	483	
26138:	9	
26144:	416	
26153:	4	24	102	181	298	303	310	333	342	356	364	376	445	458	465	469	473	487	492	493	546	
26160:	181	333	465	469	473	487	493	
26164:	102	469	473	
26167:	24	298	546	
26189:	36	
26250:	47	
26269:	484	
26271:	17	291	330	
26278:	8	53	284	448	535	
26279:	8	
26311:	301	
26326:	7	
26329:	470	
26381:	452	
26387:	347	
26403:	545	
26415:	488	521	
26416:	521	
26504:	142	172	316	319	338	399	481	
26507:	481	
26534:	272	388	543	
26558:	317	353	355	
26567:	526	
26589:	416	
26606:	416	
26647:	382	
26725:	146	
26806:	470	
26828:	303	
26849:	501	
26853:	143	
26891:	428	
26925:	37	
26940:	448	
27066:	349	
27067:	349	
27068:	349	
27070:	333	487	
27071:	102	253	333	446	462	465	467	473	487	490	518	519	557	
27074:	36	445	467	
27075:	349	
27128:	277	
27169:	180	
27170:	180	
27174:	376	
27192:	406	
27252:	393	395	
27275:	24	102	144	180	363	430	473	
27295:	173	333	465	469	487	511	518	557	
27336:	2	
27379:	100	166	190	202	245	246	277	296	312	315	325	549	
27380:	296	312	
27381:	296	312	
27403:	465	
27459:	239	
27485:	347	
27511:	364	
27603:	408	
27617:	8	361	495	
27623:	411	
27627:	194	244	472	
27637:	122	382	
27660:	19	
27665:	45	192	209	243	245	310	512	
27668:	244	430	448	
27672:	502	
27675:	7	15	19	29	37	45	59	102	118	141	147	155	161	166	192	212	226	228	250	273	277	286	323	325	337	349	358	362	366	378	390	394	447	448	449	461	476	502	520	549	561	
27682:	378	
27692:	563	
27704:	162	360	
27714:	64	96	129	409	
27715:	46	64	90	96	129	141	169	186	194	258	262	264	265	266	291	341	402	420	423	440	443	453	464	472	505	556	
27736:	177	
27768:	193	
27786:	452	
27850:	188	
27869:	517	
27879:	103	168	209	375	377	414	517	
27887:	394	
27897:	223	284	
27898:	349	
27901:	102	244	
27919:	424	
27920:	24	82	102	103	117	123	146	180	223	245	349	397	424	442	443	444	448	450	451	467	468	469	473	480	502	526	546	
27930:	122	149	
27936:	4	21	45	50	81	122	143	178	183	189	205	245	303	310	314	344	363	383	452	470	
27938:	189	
27941:	183	363	
27943:	189	
27960:	443	
27979:	115	305	440	
27983:	24	173	292	357	443	
27987:	102	448	450	
28042:	382	
28053:	338	
28057:	98	
28058:	98	
28072:	164	311	376	443	
28073:	443	
28077:	12	26	36	146	473	
28085:	526	
28091:	29	41	245	391	555	
28097:	79	191	316	346	414	
28098:	21	79	84	191	307	310	380	414	502	
28110:	376	
28112:	376	
28117:	37	
28119:	520	
28137:	223	443	
28138:	425	
28155:	355	
28157:	58	
28178:	118	193	
28182:	118	
28193:	514	
28201:	84	
28213:	204	409	
28248:	145	
28279:	77	376	
28281:	271	
28283:	77	271	272	370	376	380	
28359:	25	
28423:	443	
28458:	303	
28481:	123	516	
28495:	121	
28515:	38	
28539:	24	243	275	355	409	459	
28567:	12	38	73	94	228	253	304	
28572:	12	94	
28589:	444	
28605:	253	
28616:	9	122	
28631:	378	
28632:	50	
28642:	102	103	112	196	266	268	269	270	409	420	463	482	521	523	524	525	526	527	528	529	530	531	532	533	558	
28645:	523	524	525	527	528	529	530	531	532	533	
28659:	409	
28661:	13	15	108	143	171	225	250	471	
28668:	8	24	29	37	41	47	50	102	112	175	180	249	268	270	292	307	330	349	391	431	432	441	446	447	449	450	451	458	463	465	473	482	488	490	502	503	509	510	511	521	526	546	555	
28685:	59	
28700:	53	
28727:	53	
28754:	103	
28796:	526	
28800:	55	92	101	108	137	140	144	184	215	258	267	290	302	305	311	415	436	481	
28816:	442	
28817:	442	
28845:	520	
28847:	146	231	
28848:	307	367	408	
28849:	4	237	277	367	549	561	
28851:	7	303	325	419	485	
28853:	21	
28855:	367	
28857:	156	367	
28863:	394	514	
28878:	514	
28951:	501	
28953:	334	
28996:	143	303	545	
29036:	520	
29091:	45	223	258	267	305	520	549	
29147:	286	
29148:	286	
29171:	386	
29183:	6	
29207:	361	495	
29210:	284	
29216:	95	
29226:	54	
29317:	32	54	76	105	153	186	231	241	336	391	394	396	440	443	453	480	547	556	
29324:	55	211	520	
29326:	32	53	64	88	215	231	291	396	402	425	443	453	464	480	
29331:	253	
29346:	160	
29355:	56	
29392:	376	
29402:	301	
29450:	286	
29476:	558	
29495:	244	276	430	
29512:	260	
29545:	231	244	
29610:	32	76	547	
29616:	194	472	
29618:	455	
29661:	160	
29679:	156	
29684:	129	
29731:	445	465	
29732:	465	
29734:	540	
29739:	9	102	112	253	446	458	463	465	467	490	518	557	
29758:	428	
29765:	139	
29796:	3	
29807:	165	
29820:	122	
29856:	374	
29906:	155	
29922:	432	
29932:	45	315	
30032:	349	
30059:	362	
30070:	37	
30102:	448	526	
30103:	448	526	
30149:	39	
30156:	253	
30183:	125	253	
30205:	137	
30238:	76	547	
30239:	76	547	
30265:	382	
30290:	363	
30340:	253	445	467	518	557	
30341:	467	
30342:	518	557	
30372:	102	469	473	
30374:	36	
30419:	139	
30438:	467	
30520:	35	102	109	112	253	333	446	458	463	465	467	469	473	487	490	493	518	519	557	
30522:	248	
30546:	247	
30608:	349	
30619:	150	171	173	456	459	468	471	475	496	549	
30620:	150	171	173	456	468	471	475	496	
30622:	468	
30641:	35	
30645:	102	465	467	469	473	493	
30734:	465	
30738:	467	
30743:	35	518	557	
30808:	494	
30818:	122	143	205	247	253	347	
30895:	9	
30948:	24	180	226	
31002:	200	
31019:	24	41	47	50	53	102	139	180	292	294	342	400	416	430	438	447	449	473	488	490	492	502	556	
31021:	41	47	53	102	139	292	342	400	416	430	449	473	490	492	502	
31022:	41	47	53	102	139	292	342	400	416	430	449	473	490	492	502	
31061:	172	399	406	
31074:	121	
31081:	15	
31119:	195	
31201:	310	
31207:	17	53	54	291	
31208:	165	
31222:	17	53	54	291	
31235:	22	
31240:	549	
31255:	376	
31256:	440	
31257:	440	
31262:	554	
31274:	247	
31276:	247	
31309:	38	
31310:	38	
31324:	514	
31357:	441	
31430:	478	
31436:	493	
31439:	538	
31441:	538	
31444:	465	
31479:	494	
31509:	253	
31550:	231	
31605:	537	
31606:	201	337	478	
31616:	303	354	
31633:	347	
31635:	347	
31671:	160	
31687:	152	306	444	
31758:	373	
31770:	290	
31776:	465	
31783:	102	465	469	473	
31788:	349	
31793:	467	
31794:	467	
31823:	75	79	83	85	124	142	156	187	188	246	296	303	313	314	315	316	318	319	322	356	383	507	515	551	
31829:	37	
31849:	132	333	409	487	
31854:	159	
31855:	15	72	176	323	371	
31873:	196	291	396	443	
31941:	451	526	
31957:	304	
31961:	9	
31971:	8	89	141	192	286	296	375	438	447	448	449	450	451	468	475	488	491	502	503	509	515	521	523	524	525	527	528	529	530	531	532	533	
31993:	438	
31998:	24	
32008:	101	
32017:	349	
32022:	475	
32031:	231	
32044:	146	
32056:	27	363	
32059:	6	105	149	440	464	
32062:	257	559	
32068:	77	376	
32069:	77	376	
32071:	114	
32079:	26	114	
32101:	526	
32106:	102	
32110:	22	88	115	137	145	146	290	425	443	516	520	
32125:	183	192	298	451	
32136:	29	50	253	502	
32171:	8	47	64	239	431	432	446	448	449	455	490	506	510	538	541	542	553	
32193:	455	512	
32204:	180	298	
32228:	85	192	454	470	545	
32231:	85	192	454	545	
32232:	85	192	454	545	
32235:	448	
32239:	101	165	
32240:	13	32	64	88	90	114	136	137	145	146	153	184	196	211	225	241	244	256	258	290	302	425	430	436	443	516	556	
32241:	32	88	114	145	
32242:	425	
32244:	177	
32253:	425	
32283:	21	
32297:	335	
32321:	358	
32342:	417	
32367:	146	
32421:	552	553	
32525:	554	
32539:	103	
32565:	43	
32602:	95	
32739:	251	481	
32740:	92	144	
32765:	31	103	
32799:	65	72	74	75	87	117	171	176	192	275	284	313	315	353	355	356	363	378	455	460	470	471	503	544	548	
32800:	503	
32803:	526	
32819:	279	311	335	
32888:	198	
32916:	160	
32918:	459	
32954:	244	
32955:	244	
32960:	448	
33085:	541	
33090:	541	
33110:	358	
33115:	279	
33116:	279	
33132:	160	
33144:	479	
33147:	260	303	
33158:	17	53	186	258	330	365	464	
33198:	17	53	291	365	440	
33199:	17	53	291	365	440	
33213:	535	
33315:	359	
33318:	435	475	
33338:	333	487	
33398:	254	
33399:	254	
33436:	519	
