14:	16	17	18	52	54	55	60	66	74	77	88	157	186	213	234	271	332	342	378	393	405	452	477	494	496	508	521	522	595	
20:	43	52	54	55	57	66	165	209	210	262	310	311	325	335	378	393	497	511	571	575	595	
25:	8	19	35	36	37	52	54	55	57	60	61	66	74	77	88	89	113	129	159	186	205	213	224	233	234	240	271	272	273	330	332	342	343	378	380	393	405	417	452	477	499	513	514	521	529	547	575	578	590	595	597	599	603	
26:	427	
31:	314	403	574	
38:	521	
44:	7	148	215	270	340	397	434	448	470	485	582	
61:	408	442	
67:	340	
73:	86	
76:	316	515	537	
83:	501	
91:	197	
106:	576	
127:	503	543	
170:	374	
192:	475	
196:	92	
205:	49	415	
249:	572	
251:	358	
254:	556	
264:	201	
270:	349	
294:	22	
302:	400	
311:	583	
325:	473	
340:	579	
341:	11	
343:	363	
346:	363	
350:	8	27	33	35	37	39	42	45	51	52	53	54	57	60	66	69	75	79	81	86	87	90	93	104	106	110	112	121	122	123	125	126	137	142	151	152	153	161	164	170	175	176	179	180	194	195	199	200	201	203	207	214	218	220	233	239	241	245	248	259	261	262	264	265	271	274	285	302	304	307	339	343	345	347	351	359	361	378	379	382	390	393	397	407	408	423	427	428	431	434	435	439	441	449	454	459	479	481	483	486	487	493	497	499	501	502	503	504	507	526	527	542	550	556	557	558	575	579	585	589	600	606	
367:	398	
375:	181	498	521	
377:	70	75	123	178	203	218	304	381	438	
382:	60	83	86	124	142	144	155	272	330	351	369	519	581	582	589	604	
391:	51	262	519	
393:	166	
396:	48	166	270	
397:	270	
400:	166	
405:	274	
406:	274	
415:	205	590	
421:	410	
422:	345	
423:	1	5	39	53	203	310	311	508	513	
434:	601	
438:	365	
450:	4	5	10	26	35	43	44	51	57	62	64	69	72	83	98	132	136	190	191	241	262	270	302	332	334	335	347	374	379	394	396	408	458	462	490	491	526	556	581	592	602	604	605	611	
457:	394	
459:	4	5	57	83	332	526	581	602	604	605	611	
460:	4	5	581	604	
462:	408	
471:	74	270	
477:	194	387	
478:	194	387	
488:	27	102	122	128	200	397	524	527	
489:	128	
492:	90	180	351	436	487	
506:	200	
512:	279	
525:	321	
536:	10	
538:	145	
540:	202	
592:	174	
593:	174	
628:	229	
636:	454	
641:	248	399	463	464	
642:	463	464	
680:	459	470	
690:	176	293	299	377	423	435	478	575	582	
695:	377	
701:	575	
735:	375	
740:	54	322	378	595	
741:	502	
742:	67	157	521	544	
743:	500	
758:	423	
770:	157	508	521	522	
771:	524	
781:	157	
782:	157	494	508	522	
787:	421	
790:	226	473	509	
791:	491	
792:	211	
797:	524	
807:	129	234	382	561	
813:	561	
816:	382	
821:	197	273	
823:	197	
825:	87	
834:	455	
851:	7	39	52	62	130	138	145	155	179	185	252	253	254	258	307	319	331	334	384	395	400	415	427	434	455	461	479	559	575	600	606	
869:	12	27	35	58	95	113	125	129	165	205	339	350	371	373	452	477	499	512	513	527	546	553	565	566	567	590	
874:	165	
875:	35	113	129	205	339	371	452	477	499	565	566	567	590	
877:	371	499	
878:	12	
881:	409	
910:	270	
932:	137	
995:	436	
1004:	101	138	
1016:	441	
1047:	133	
1064:	197	
1071:	100	426	486	
1072:	100	426	
1091:	296	353	
1092:	291	
1094:	549	570	
1096:	188	
1097:	365	448	606	611	
1098:	611	
1114:	300	
1119:	92	
1140:	307	
1142:	307	
1151:	298	
1155:	99	
1156:	372	433	485	486	
1195:	486	
1212:	582	
1216:	6	49	54	55	60	68	100	103	118	200	201	203	218	227	240	246	265	267	338	342	360	364	378	379	387	438	460	501	515	534	585	595	
1217:	6	49	68	103	218	227	265	364	387	438	585	
1218:	203	218	338	
1219:	360	438	
1220:	246	501	
1221:	267	336	
1222:	534	
1223:	52	575	
1224:	19	165	529	
1227:	540	
1228:	381	
1237:	87	
1259:	125	
1262:	70	105	396	
1270:	80	
1273:	115	217	
1281:	187	305	
1286:	264	
1291:	495	
1337:	19	499	513	529	547	
1352:	12	
1354:	605	
1359:	188	
1361:	12	
1377:	391	
1404:	87	115	254	402	410	
1419:	441	
1431:	594	
1443:	86	
1458:	556	
1472:	117	
1477:	87	
1509:	458	
1520:	8	197	233	298	320	
1537:	172	186	234	271	384	415	
1543:	587	
1563:	179	219	
1587:	463	464	
1591:	510	524	
1594:	374	
1597:	321	524	525	
1598:	313	
1604:	1	54	55	378	595	
1605:	1	
1608:	74	508	544	
1624:	429	
1625:	429	
1637:	37	112	148	401	457	469	
1642:	401	
1653:	12	50	62	96	107	112	115	143	147	181	199	257	267	268	314	326	339	389	394	396	442	452	467	469	559	606	
1655:	268	
1656:	389	
1676:	133	252	
1688:	252	
1689:	252	
1702:	54	246	255	361	378	394	434	487	595	606	
1710:	441	467	
1711:	48	79	92	100	104	123	132	146	151	152	155	201	207	218	254	264	265	266	282	300	301	361	375	379	385	387	398	399	401	426	434	436	454	455	479	589	596	
1728:	589	
1729:	146	266	
1730:	479	
1739:	146	
1755:	537	
1756:	537	
1763:	274	
1800:	244	486	
1829:	391	
1838:	81	146	194	264	486	
1846:	26	87	146	261	392	
1857:	142	
1859:	408	
1868:	170	180	
1874:	170	
1901:	27	527	
1904:	3	371	
1915:	394	
1917:	365	
1929:	387	408	
1932:	408	
1992:	225	
2024:	6	132	265	321	337	364	424	444	455	458	579	
2027:	132	265	424	
2048:	115	
2054:	48	151	345	427	
2056:	345	
2085:	55	152	582	
2087:	198	
2088:	6	9	10	48	68	70	100	103	117	130	141	166	171	178	180	220	236	239	270	294	326	364	381	408	415	429	433	434	438	589	
2090:	178	408	589	
2095:	220	239	
2130:	7	69	81	104	110	152	175	180	250	266	288	309	329	374	410	427	434	439	448	470	471	479	485	
2141:	309	
2147:	115	254	410	
2169:	168	543	
2170:	168	543	
2171:	168	543	
2185:	168	
2192:	504	
2197:	28	
2199:	310	311	
2209:	168	
2210:	168	
2211:	382	
2216:	54	194	246	378	495	595	
2229:	351	
2234:	184	
2239:	460	
2241:	152	495	
2250:	560	
2256:	84	155	163	282	293	298	308	374	429	433	438	588	
2259:	374	
2272:	180	
2282:	122	146	152	198	208	234	265	274	279	319	332	374	434	439	478	596	
2297:	84	107	115	284	326	396	428	429	444	588	
2316:	447	
2317:	171	457	
2331:	187	258	307	410	
2339:	297	466	
2342:	189	
2349:	180	
2356:	552	
2363:	99	488	
2366:	379	393	487	
2377:	175	463	464	
2378:	28	31	39	175	281	353	394	419	
2388:	49	
2390:	33	96	182	273	423	
2395:	33	182	423	
2414:	191	
2415:	70	
2433:	208	276	
2456:	101	138	356	
2460:	563	
2463:	14	428	456	
2466:	115	
2467:	55	56	321	393	
2468:	393	
2472:	393	
2475:	377	
2476:	377	
2480:	108	532	540	
2481:	540	
2489:	152	200	237	274	396	398	454	
2492:	2	4	6	8	12	13	15	17	18	22	23	25	28	33	34	36	37	38	39	40	44	45	46	49	52	54	55	57	58	59	60	61	62	64	66	67	68	83	88	90	100	103	115	120	144	164	185	186	192	194	199	200	201	203	205	207	213	218	224	227	233	234	246	249	254	257	260	262	263	265	268	271	272	273	282	308	312	321	332	335	337	338	345	346	361	362	376	377	378	379	380	387	393	401	405	408	426	428	438	444	452	460	477	483	487	490	494	495	496	497	498	499	500	501	502	503	504	505	506	507	508	509	510	511	512	513	514	515	516	517	518	519	520	522	524	525	526	530	531	532	533	534	535	536	537	538	539	540	541	542	543	545	546	547	561	563	564	565	566	567	575	577	583	584	585	586	587	588	589	590	591	592	593	594	595	596	597	598	601	606	
2493:	52	575	
2494:	54	246	378	595	
2495:	205	590	
2496:	68	90	103	115	164	194	201	227	254	265	345	401	426	438	
2497:	426	589	
2498:	426	
2501:	8	54	60	120	144	233	273	378	595	
2502:	52	54	57	60	205	262	272	378	380	393	495	575	590	595	
2503:	565	566	567	
2504:	120	335	
2505:	6	49	90	100	201	203	207	218	260	263	337	338	401	438	483	585	596	
2507:	379	483	
2508:	23	272	
2509:	194	361	387	
2510:	54	60	115	120	186	213	224	335	378	405	477	495	595	606	
2511:	200	246	361	401	
2512:	262	
2513:	22	52	55	66	495	500	514	520	561	563	575	593	
2516:	214	
2519:	20	165	189	241	253	313	329	340	418	458	
2523:	531	
2524:	540	
2564:	479	
2578:	175	
2591:	50	
2592:	50	
2604:	564	
2645:	132	166	422	454	455	
2646:	422	454	
2659:	237	
2683:	509	523	
2685:	295	352	594	
2700:	31	282	459	
2711:	229	
2734:	79	
2772:	49	
2787:	164	193	
2788:	164	193	
2800:	186	271	343	
2816:	5	9	17	25	26	27	28	31	36	39	46	93	116	117	120	155	161	166	197	200	227	230	241	255	256	267	268	356	371	374	385	401	417	421	423	435	442	455	469	490	505	508	513	524	527	557	581	591	600	602	604	611	
2825:	227	
2835:	435	
2840:	86	
2846:	290	
2855:	266	577	
2866:	411	
2873:	249	255	313	332	348	458	
2879:	93	114	142	253	
2881:	284	
2884:	435	
2885:	435	
2899:	463	464	
2902:	7	9	102	109	115	137	149	154	155	189	235	242	244	245	248	261	268	305	326	335	342	365	366	384	395	396	397	402	410	428	429	430	435	445	465	569	
2945:	272	
2952:	83	
2965:	118	340	
2968:	265	
2969:	132	
2978:	7	53	143	201	215	248	362	379	463	464	
2979:	143	
2981:	143	
2983:	7	68	71	103	104	194	203	218	253	254	265	282	283	302	337	364	381	387	401	438	455	585	610	
2984:	7	68	71	103	104	194	203	253	254	265	282	283	302	337	364	381	387	401	438	455	585	610	
2985:	7	104	218	253	254	395	
2986:	6	49	585	
2994:	316	537	
2996:	530	
3038:	183	
3056:	69	91	92	100	115	178	220	240	265	270	342	387	426	428	448	455	485	486	558	
3057:	486	
3061:	100	
3064:	92	265	486	
3084:	462	
3087:	98	
3091:	49	281	
3099:	69	207	328	431	448	455	485	
3115:	143	402	
3131:	365	
3154:	252	
3176:	98	
3182:	151	434	
3207:	237	
3213:	165	310	311	
3216:	198	203	294	529	
3219:	28	604	
3220:	28	
3222:	33	
3237:	82	88	100	107	165	170	171	204	215	237	243	272	276	293	340	399	405	406	434	449	452	455	468	489	579	589	607	
3274:	39	
3292:	163	
3303:	394	
3321:	38	39	42	48	115	122	124	130	132	170	171	178	207	259	273	276	304	348	377	383	409	429	434	435	462	470	478	489	
3324:	124	
3330:	298	603	
3340:	39	
3348:	115	
3360:	19	529	
3361:	19	529	
3375:	54	265	268	378	595	
3381:	8	55	125	175	178	205	233	298	314	371	462	558	590	591	601	
3389:	3	186	392	483	
3396:	176	
3397:	101	
3398:	214	
3410:	106	110	312	458	579	587	
3414:	81	
3415:	309	
3418:	299	
3420:	35	346	592	
3425:	18	27	28	33	37	46	57	59	93	120	122	155	221	241	308	393	462	473	477	490	500	510	522	527	547	577	
3434:	126	423	
3435:	423	
3451:	105	
3455:	252	
3469:	86	308	
3476:	308	
3484:	170	
3492:	22	48	68	69	71	79	81	83	86	90	99	100	103	104	106	110	127	146	150	151	152	163	164	172	177	179	180	192	193	194	196	200	207	219	220	227	232	239	246	250	253	254	255	258	259	260	261	263	265	266	270	272	275	278	279	281	284	290	296	305	312	313	329	335	338	347	348	349	361	368	369	370	382	395	426	427	428	431	434	437	438	439	444	446	449	453	454	457	465	470	471	479	483	485	486	487	488	554	555	572	573	579	582	583	585	591	596	600	606	
3501:	330	
3503:	69	317	448	
3529:	168	543	
3530:	556	
3540:	435	
3547:	365	
3561:	112	252	
3565:	232	
3567:	232	600	
3570:	232	600	
3572:	600	
3573:	80	600	
3583:	556	
3592:	93	301	
3613:	299	
3641:	154	
3642:	154	
3658:	437	
3662:	194	
3664:	472	
3677:	142	
3685:	301	
3687:	463	464	
3723:	100	
3728:	463	464	
3741:	9	35	43	53	54	67	95	105	165	313	320	324	371	378	385	386	397	405	452	457	481	489	492	496	497	499	501	502	503	504	507	595	608	
3746:	540	
3750:	582	
3766:	298	
3776:	118	
3791:	243	
3792:	243	
3812:	12	39	226	
3828:	123	
3829:	123	
3837:	50	
3841:	50	226	
3847:	123	
3848:	123	347	
3849:	123	
3893:	101	138	187	340	
3894:	187	340	
3895:	101	138	
3924:	25	52	404	498	575	611	
3925:	25	52	498	575	
3926:	498	
3950:	54	57	378	595	
3953:	298	
3959:	28	
3994:	564	
3995:	220	238	454	
3997:	491	
4022:	416	
4023:	37	129	168	494	498	522	529	543	547	602	611	
4071:	382	
4088:	382	
4098:	554	
4173:	55	214	253	
4195:	245	529	
4196:	529	
4197:	529	
4207:	335	
4208:	265	
4219:	203	
4228:	260	
4251:	21	256	324	
4253:	339	371	
4254:	163	436	
4304:	48	335	
4311:	50	
4326:	254	462	
4327:	254	462	
4334:	8	35	43	83	120	200	232	233	272	294	327	330	581	598	604	607	
4358:	5	
4371:	92	
4381:	59	192	314	580	613	
4382:	59	192	314	580	613	
4389:	165	310	311	
4403:	431	
4415:	501	
4418:	507	538	
4430:	60	504	515	539	
4432:	501	534	
4443:	146	175	392	
4505:	283	
4506:	283	
4537:	192	
4538:	314	
4547:	81	
4561:	69	187	
4575:	86	181	309	473	
4584:	79	188	596	
4585:	188	
4620:	583	
4622:	20	194	360	
4628:	49	
4665:	454	
4668:	582	
4672:	25	
4693:	10	
4725:	192	
4742:	236	337	
4751:	172	
4772:	71	253	364	
4774:	180	543	
4775:	180	543	
4778:	49	284	
4800:	436	
4807:	33	176	182	419	460	533	
4812:	391	463	464	
4814:	176	463	464	
4818:	86	345	400	
4829:	152	179	188	264	427	454	582	
4849:	392	
4850:	259	
4853:	92	
4857:	134	227	424	484	
4860:	167	200	466	467	
4864:	155	189	319	338	479	
4865:	189	
4874:	1	62	192	
4875:	201	
4880:	1	24	26	46	62	169	480	490	508	511	513	515	530	531	532	537	538	539	
4888:	479	
4891:	63	
4901:	201	
4902:	87	309	
4915:	237	279	280	482	
4919:	482	
4920:	482	
4922:	596	
4947:	236	
4948:	236	
4968:	168	
4974:	573	
4983:	589	
5025:	126	
5080:	200	
5089:	140	
5112:	421	
5123:	326	
5124:	326	
5135:	73	107	269	
5186:	470	
5227:	124	274	383	493	
5236:	142	
5249:	161	
5251:	439	
5281:	544	
5282:	602	
5290:	600	
5303:	340	
5315:	125	205	299	590	
5317:	125	
5324:	380	
5376:	284	
5454:	29	54	156	175	207	211	216	228	378	421	428	435	457	462	595	
5464:	434	
5465:	272	
5477:	245	
5491:	309	554	
5507:	142	180	207	218	254	410	428	
5513:	438	
5519:	8	233	
5536:	50	
5538:	564	
5539:	98	
5571:	112	148	279	364	
5574:	345	
5606:	122	
5614:	596	
5616:	18	
5627:	458	
5634:	151	
5653:	15	27	57	137	346	495	508	513	527	556	
5658:	10	81	89	106	110	192	249	312	313	332	348	444	458	577	591	
5710:	296	353	
5724:	544	
5725:	479	
5731:	86	
5747:	566	
5751:	335	
5752:	335	
5776:	49	
5782:	491	
5792:	114	
5809:	530	
5811:	109	
5847:	169	182	205	213	291	416	590	
5850:	80	
5891:	301	
5901:	265	
5918:	155	400	
5920:	70	79	220	266	276	345	427	438	439	486	
5921:	276	427	
5923:	100	
5934:	12	83	95	496	582	599	
5937:	496	
5972:	554	
5991:	554	
5993:	108	
6008:	363	
6011:	264	
6027:	35	43	51	262	500	
6042:	582	
6058:	6	
6061:	187	
6069:	191	
6104:	166	
6115:	335	
6116:	335	
6119:	98	
6126:	28	
6135:	203	429	
6140:	79	
6142:	108	189	207	573	
6154:	203	265	
6182:	70	
6187:	438	
6202:	347	
6214:	192	197	
6215:	192	197	
6237:	345	
6239:	203	
6277:	126	441	
6279:	441	
6281:	39	115	140	164	246	305	361	375	379	384	394	428	471	487	
6286:	561	
6305:	434	
6310:	6	49	218	229	585	
6323:	92	
6374:	363	
6382:	254	
6394:	192	556	
6419:	509	523	
6435:	582	
6490:	62	68	70	103	105	146	194	200	227	290	316	337	360	364	370	396	438	439	460	515	537	585	
6492:	68	70	103	146	194	227	290	337	360	364	438	439	585	
6551:	183	
6558:	448	
6563:	444	
6568:	27	110	161	332	383	434	458	462	513	527	543	
6569:	110	
6572:	161	
6573:	99	
6584:	399	
6592:	577	605	
6596:	220	239	
6609:	305	
6611:	90	188	266	363	375	458	
6612:	363	
6633:	365	
6634:	365	
6641:	2	
6643:	2	
6646:	99	
6695:	340	
6701:	471	
6722:	441	
6730:	93	
6753:	582	
6759:	485	
6773:	525	
6778:	304	379	
6781:	330	
6789:	326	
6790:	330	523	
6811:	364	
6819:	191	
6836:	385	
6840:	519	
6843:	385	
6852:	554	
6873:	330	
6874:	470	
6875:	470	
6876:	533	
6912:	106	
6930:	531	
6932:	533	
6934:	364	
6938:	182	
6940:	507	538	
6943:	179	
6979:	175	479	
6988:	393	
6990:	531	
6995:	541	
6996:	135	393	
7013:	541	
7018:	356	
7019:	187	356	
7056:	582	
7057:	582	
7063:	423	
7064:	423	
7087:	75	90	115	117	142	158	161	163	175	184	258	270	282	283	296	329	434	438	449	453	489	589	
7094:	117	161	489	
7096:	184	
7104:	375	
7106:	385	
7116:	6	7	20	75	104	114	131	132	142	148	151	171	178	201	203	207	214	218	253	254	269	294	298	304	307	309	336	342	351	375	379	381	390	392	397	398	462	478	542	585	
7118:	298	
7121:	375	
7128:	298	
7133:	266	
7137:	302	
7151:	146	152	239	266	395	554	556	
7153:	365	
7158:	95	
7162:	310	311	
7163:	165	511	
7173:	374	
7251:	130	146	254	337	361	364	
7252:	273	
7276:	26	399	
7295:	26	
7300:	26	
7306:	26	99	259	335	410	415	582	
7309:	410	
7310:	259	
7323:	415	
7329:	201	218	302	310	311	328	338	560	585	
7334:	48	69	
7338:	116	237	374	385	397	455	
7342:	198	585	
7367:	500	
7369:	218	253	364	
7370:	582	
7384:	104	254	
7457:	41	
7476:	433	
7478:	235	
7508:	7	46	68	71	90	99	103	104	115	137	146	164	177	184	194	201	203	227	253	254	265	267	270	282	283	302	337	345	351	364	381	387	390	398	401	426	438	455	483	487	585	610	
7509:	146	
7510:	71	143	337	364	398	
7538:	415	
7542:	252	
7543:	556	
7573:	90	115	314	340	428	
7574:	428	
7585:	203	
7586:	487	
7588:	93	164	180	214	307	351	408	
7617:	335	
7628:	181	
7637:	121	365	
7640:	16	
7644:	377	
7652:	436	
7679:	54	322	378	595	
7682:	22	524	525	
7684:	54	259	362	376	378	398	521	524	594	595	
7685:	54	362	376	378	595	
7715:	54	378	524	
7717:	524	
7723:	375	
7729:	117	
7752:	59	314	
7765:	523	
7778:	25	27	39	57	59	60	117	132	142	160	163	199	214	225	226	227	248	251	304	310	311	312	319	375	379	394	430	448	462	480	505	509	512	523	526	527	538	539	569	573	577	
7793:	60	
7794:	214	
7798:	509	523	569	
7800:	25	57	59	60	505	512	526	
7806:	524	
7807:	524	
7833:	80	232	600	
7839:	3	5	9	18	35	38	39	43	52	54	55	57	60	62	83	96	108	121	143	155	163	166	210	215	257	308	312	371	378	397	402	441	452	494	496	497	500	501	502	503	504	507	508	513	515	523	525	526	529	532	547	565	566	567	575	595	611	
7845:	312	
7853:	181	
7858:	182	198	200	556	
7866:	525	
7891:	219	
7987:	405	
7988:	221	
7993:	10	
7994:	142	251	457	
7997:	266	365	
8002:	115	334	395	495	594	
8013:	141	348	
8015:	387	
8031:	105	356	412	
8041:	100	118	265	382	387	408	
8045:	382	
8051:	252	
8086:	161	479	
8090:	361	
8091:	603	
8099:	115	214	361	397	
8106:	596	
8109:	441	
8125:	11	
8135:	121	
8144:	219	
8148:	207	
8163:	293	
8164:	293	
8183:	21	97	324	424	
8197:	84	115	153	175	189	200	248	250	259	281	296	319	321	329	334	353	359	362	367	382	384	388	410	420	428	445	457	460	461	462	470	569	
8198:	334	461	
8199:	175	388	
8201:	321	
8202:	115	175	
8214:	274	
8216:	175	264	388	398	408	410	
8224:	108	182	423	
8235:	105	226	470	491	511	
8269:	470	
8271:	69	
8304:	100	194	265	361	387	408	
8307:	100	408	
8310:	194	387	408	
8311:	470	
8324:	335	
8333:	540	
8335:	537	
8342:	409	
8368:	544	
8369:	53	
8371:	429	
8403:	192	452	
8441:	591	
8444:	259	424	
8453:	556	
8492:	298	
8503:	488	
8523:	298	
8531:	50	243	
8538:	399	
8555:	42	97	98	123	188	201	207	264	286	328	401	407	542	
8591:	42	97	98	265	407	465	542	
8598:	192	
8619:	613	
8620:	613	
8628:	563	
8634:	170	
8637:	281	
8638:	170	348	
8645:	151	347	
8646:	151	347	
8660:	197	
8661:	197	
8671:	115	200	319	418	459	487	
8696:	19	
8698:	514	
8701:	584	
8720:	411	
8724:	144	310	311	335	511	571	
8725:	310	311	335	511	571	
8727:	459	
8731:	87	115	200	
8732:	115	
8746:	11	
8748:	188	
8759:	26	105	167	168	236	393	394	473	519	543	
8760:	168	
8761:	236	519	543	
8780:	191	
8784:	291	
8797:	1	495	
8801:	66	234	
8802:	138	
8806:	392	
8857:	118	
8867:	95	335	531	534	536	537	540	564	
8897:	189	
8907:	206	272	314	561	
8974:	63	
8979:	151	347	
8999:	41	
9001:	41	
9011:	22	
9023:	560	
9042:	232	
9043:	232	
9050:	281	
9087:	7	
9105:	182	422	
9106:	29	167	176	182	344	389	394	419	422	423	428	460	463	464	533	557	
9118:	188	
9124:	347	
9155:	97	
9163:	152	
9176:	470	
9201:	562	
9204:	39	
9211:	537	
9217:	284	
9218:	3	284	
9219:	3	
9229:	131	304	
9231:	83	93	335	
9234:	284	
9237:	91	269	
9247:	385	
9264:	54	322	378	595	
9269:	37	
9281:	2	3	
9283:	2	3	
9297:	2	3	54	55	57	60	74	140	322	378	397	452	540	594	595	
9298:	2	3	57	60	74	397	452	
9300:	594	
9301:	2	
9312:	10	
9314:	24	30	
9316:	24	
9318:	30	
9331:	67	240	500	
9336:	24	30	31	126	172	214	298	300	301	359	393	441	493	
9341:	24	30	31	126	300	441	493	
9345:	55	502	541	
9353:	441	
9356:	67	157	521	544	
9360:	126	298	
9367:	500	510	524	
9384:	392	
9406:	473	
9424:	31	
9427:	31	
9431:	174	385	
9435:	217	
9451:	564	
9465:	500	
9470:	54	322	378	595	
9475:	37	60	61	205	452	513	521	529	547	590	597	
9477:	452	
9478:	540	
9500:	198	504	
9501:	198	
9502:	10	185	
9503:	10	185	
9504:	185	
9506:	165	191	519	543	
9507:	165	519	543	
9508:	191	
9512:	420	
9527:	71	
9541:	10	12	39	106	110	114	118	125	126	155	192	205	249	255	257	265	291	308	313	332	334	346	348	379	380	385	405	444	455	458	495	576	577	584	590	591	594	598	601	
9543:	455	
9546:	118	346	444	458	591	598	
9547:	10	106	110	114	192	249	255	265	308	313	332	348	584	
9550:	334	601	
9551:	405	
9591:	399	478	
9599:	92	383	
9609:	309	
9610:	55	87	330	487	582	594	
9626:	153	414	
9629:	81	
9647:	501	
9652:	523	
9658:	441	467	
9662:	441	
9701:	577	
9704:	544	
9706:	508	
9707:	543	
9708:	507	515	
9711:	504	
9714:	500	
9727:	37	113	522	529	
9728:	37	74	129	477	529	547	
9750:	558	
9766:	175	259	483	
9786:	454	
9797:	69	87	90	195	281	296	353	367	438	462	
9800:	87	
9806:	471	483	
9819:	558	
9827:	283	
9841:	353	362	367	421	462	
9876:	573	
9937:	589	
9962:	130	434	
9996:	255	
9997:	564	
10029:	525	
10047:	500	
10049:	14	18	19	23	27	38	48	54	58	67	75	124	132	157	166	169	205	207	211	228	245	276	293	298	299	301	310	311	313	321	322	331	346	377	378	393	416	421	450	451	491	492	496	508	512	513	514	520	522	527	529	546	577	582	584	588	590	595	598	600	601	613	
10051:	613	
10052:	18	19	23	38	67	124	132	157	166	169	205	207	211	228	245	276	293	298	299	301	310	311	313	321	322	346	377	393	416	421	450	451	491	492	520	577	590	600	601	
10053:	18	19	23	38	67	124	132	157	166	169	205	207	211	228	245	276	293	298	299	301	310	311	321	322	346	377	393	416	421	450	451	491	492	520	577	590	600	601	
10060:	554	
10061:	18	54	67	132	185	236	258	269	290	299	316	331	332	348	367	378	384	392	393	457	466	492	561	577	581	584	588	595	598	602	604	605	606	608	611	
10068:	48	
10071:	549	
10075:	153	558	
10077:	227	
10100:	533	
10110:	232	383	
10144:	560	
10150:	33	169	
10165:	278	
10172:	203	471	582	585	
10174:	582	
10177:	192	314	
10178:	192	314	
10179:	266	375	396	479	579	
10189:	340	364	
10225:	72	
10254:	69	99	152	186	239	264	266	279	309	332	346	351	361	363	364	399	405	592	
10257:	186	405	
10261:	118	340	451	
10263:	145	255	
10277:	161	606	
10302:	382	
10325:	110	187	192	249	313	340	348	444	458	
10344:	421	
10345:	15	126	165	285	326	452	
10349:	298	596	
10358:	130	
10360:	11	130	207	340	
10363:	130	
10380:	133	337	
10385:	130	218	253	302	364	381	434	449	
10450:	427	
10456:	596	
10474:	525	
10483:	139	
10540:	167	
10544:	298	
10551:	120	607	
10575:	434	
10584:	79	
10585:	79	
10629:	536	
10633:	120	525	
10635:	120	525	
10639:	164	
10659:	337	
10680:	93	
10681:	68	69	103	253	438	
10685:	363	
10709:	10	600	
10711:	503	543	
10717:	87	
10721:	467	
10731:	372	
10734:	410	
10742:	168	519	543	
10749:	39	308	382	
10753:	187	
10764:	511	
10770:	50	105	
10774:	529	
10780:	249	
10789:	556	
10816:	174	
10829:	550	
10850:	244	
10853:	367	533	
10862:	69	
10864:	367	423	533	
10866:	367	
10874:	504	529	539	
10877:	59	192	314	580	613	
10880:	165	497	511	
10910:	540	
10918:	269	
10921:	511	
10925:	490	
10926:	314	
10936:	330	
10938:	360	
10939:	298	
10941:	198	203	294	529	
10942:	198	203	294	529	
10944:	37	
10947:	10	185	
10949:	93	
10953:	152	
11018:	435	
11049:	270	
11050:	160	
11072:	252	
11081:	252	305	
11086:	160	
11106:	533	
11113:	83	
11115:	252	
11137:	71	100	118	188	191	193	253	309	395	479	483	583	
11139:	27	527	
11141:	27	316	527	
11144:	48	454	479	
11146:	454	
11177:	175	286	399	419	483	
11181:	175	399	
11185:	483	
11195:	400	459	
11206:	146	264	
11211:	110	
11215:	110	
11255:	150	164	218	239	254	361	387	408	
11260:	408	
11261:	361	
11275:	146	284	439	486	
11278:	284	
11284:	284	
11294:	220	275	437	
11304:	276	
11328:	511	512	515	
11359:	516	
11377:	33	
11378:	33	
11393:	86	92	155	237	255	266	582	583	
11433:	50	153	558	
11447:	487	
11452:	264	
11453:	496	508	
11454:	168	
11455:	168	
11457:	107	
11463:	107	264	
11466:	107	
11487:	359	
11500:	537	
11506:	97	188	203	207	264	328	583	
11507:	207	
11509:	344	
11521:	344	350	
11552:	509	523	
11562:	37	129	529	547	
11563:	37	129	529	547	
11564:	31	53	215	286	
11569:	264	
11591:	554	
11610:	26	28	33	39	86	107	125	143	147	148	153	155	165	197	199	205	208	210	221	241	244	257	268	281	302	313	314	379	389	390	393	394	396	400	401	405	418	424	429	442	469	477	478	495	511	543	577	579	590	
11613:	357	
11636:	91	
11644:	582	
11647:	582	
11649:	479	
11679:	204	
11680:	69	87	426	
11681:	69	87	426	
11706:	148	188	264	321	
11710:	321	
11711:	188	
11735:	167	199	221	265	344	
11745:	321	593	
11751:	593	
11758:	252	
11774:	83	
11804:	596	
11814:	310	311	
11815:	264	
11825:	165	
11842:	203	
11855:	560	
11859:	536	
11862:	564	
11880:	142	251	
11881:	187	433	
11891:	118	305	
11901:	538	
11902:	164	239	
11909:	463	464	
11942:	239	
11956:	6	
11957:	158	
11965:	165	519	543	
11981:	525	
11995:	541	
11997:	33	
12021:	142	150	
12040:	142	
12051:	39	112	227	270	287	309	314	361	374	398	408	555	
12059:	275	
12063:	274	
12074:	382	
12081:	107	
12084:	80	120	144	197	232	330	599	600	
12087:	2	3	
12089:	108	
12091:	81	308	332	348	444	577	586	588	598	
12107:	20	
12115:	168	543	
12128:	219	
12155:	96	
12165:	564	
12166:	500	
12170:	508	
12174:	291	
12175:	226	406	
12178:	406	
12179:	543	
12182:	33	533	
12186:	534	
12193:	564	
12204:	538	
12206:	501	534	
12213:	500	
12214:	28	
12241:	213	
12243:	100	
12270:	361	
12274:	286	
12285:	603	
12296:	467	
12300:	423	
12304:	175	309	
12306:	175	
12318:	232	371	515	
12319:	232	
12323:	126	300	
12350:	582	
12360:	8	54	57	60	83	89	120	144	192	197	233	273	314	330	378	579	595	600	
12362:	197	
12364:	197	
12368:	273	
12371:	80	596	
12378:	332	
12390:	503	519	543	
12394:	284	
12399:	28	87	142	155	365	397	
12400:	28	87	155	365	397	
12413:	405	596	
12433:	116	
12436:	371	474	
12456:	246	504	
12472:	541	
12475:	533	
12481:	161	
12483:	533	
12499:	86	
12505:	522	
12538:	200	
12546:	168	503	519	543	
12558:	164	
12560:	310	311	
12576:	517	
12582:	11	
12584:	384	
12585:	11	
12609:	320	
12611:	423	
12621:	31	459	
12622:	31	459	
12679:	19	
12680:	192	
12682:	3	494	529	532	
12709:	444	
12726:	83	
12736:	163	
12750:	436	
12762:	85	281	
12787:	6	337	
12788:	170	348	377	
12789:	142	
12791:	305	
12792:	37	129	168	494	529	543	547	
12801:	54	362	376	378	595	
12809:	39	
12816:	456	
12833:	454	462	
12845:	293	
12860:	22	524	525	
12893:	247	
12895:	453	
12911:	319	
12920:	553	
12958:	12	
12970:	391	
12976:	474	
13020:	502	541	
13023:	279	
13045:	25	51	52	55	59	60	61	83	186	205	314	393	505	512	526	575	590	597	607	
13106:	573	
13113:	69	91	428	
13137:	115	
13155:	334	
13160:	98	
13169:	436	
13176:	533	540	
13179:	265	
13188:	226	
13191:	169	492	
13201:	25	
13202:	473	
13206:	375	
13240:	42	97	244	246	542	
13241:	42	97	98	123	188	201	207	264	286	328	401	407	542	
13242:	42	97	98	265	407	465	542	
13249:	125	594	
13260:	130	434	
13261:	130	434	
13265:	251	457	
13303:	219	
13326:	152	483	
13344:	48	
13347:	596	
13356:	493	
13359:	12	79	86	141	197	408	459	478	495	
13365:	478	
13383:	457	
13390:	153	
13403:	264	583	
13404:	264	
13423:	334	584	
13428:	49	
13447:	434	
13454:	567	
13455:	121	196	279	280	479	482	555	
13482:	382	
13484:	168	
13495:	103	434	
13496:	240	
13497:	92	
13498:	92	123	
13514:	434	
13519:	167	176	
13520:	264	
13522:	24	50	62	96	105	175	181	195	241	286	386	400	402	412	444	456	468	469	556	564	
13525:	20	37	81	86	105	124	137	152	164	194	198	200	210	227	264	267	329	382	384	400	434	479	486	496	508	
13526:	81	194	
13531:	384	
13534:	227	
13553:	542	
13580:	444	586	
13588:	12	104	142	281	349	395	582	
13592:	349	
13613:	463	464	
13621:	391	
13628:	188	
13629:	188	
13630:	112	471	
13632:	582	
13651:	203	218	483	
13664:	589	
13665:	589	
13668:	31	
13677:	126	300	459	
13686:	9	93	100	117	121	155	270	326	436	
13717:	495	
13740:	577	
13755:	53	248	334	359	421	
13756:	53	334	359	421	
13763:	325	571	
13765:	325	571	
13767:	563	
13768:	310	311	
13774:	503	543	
13775:	596	
13776:	596	
13778:	10	168	192	
13779:	10	
13781:	188	264	
13782:	264	
13784:	115	
13785:	503	519	543	
13804:	188	
13832:	264	
13841:	130	434	455	470	
13857:	170	
13860:	11	
13868:	33	
13871:	344	350	
13872:	419	
13873:	344	
13874:	344	404	
13875:	222	420	428	460	483	533	
13881:	98	
13893:	243	424	
13899:	26	93	163	203	241	285	286	
13907:	175	200	248	392	
13916:	8	83	233	
13930:	49	
13935:	104	253	254	282	302	364	381	585	
13937:	79	
13939:	160	
14006:	17	37	217	418	494	508	
14018:	86	
14031:	541	
14046:	34	54	102	203	341	378	379	408	438	502	515	532	541	589	595	
14047:	408	589	
14048:	341	
14049:	502	
14050:	102	
14055:	25	294	493	
14065:	330	
14067:	430	
14080:	97	98	156	244	365	
14118:	229	
14121:	75	
14130:	213	234	
14176:	9	13	18	28	33	46	58	59	60	186	545	546	547	
14182:	532	
14198:	232	244	365	385	399	478	542	
14202:	399	
14209:	399	
14225:	121	
14226:	573	
14229:	121	196	279	280	358	365	446	479	482	548	555	
14231:	121	196	279	280	479	482	555	
14268:	270	
14295:	582	
14303:	365	
14344:	39	180	
14367:	55	
14382:	274	283	
14396:	600	
14406:	473	
14412:	382	
14417:	10	27	28	87	95	115	128	137	153	167	175	182	195	198	214	221	222	230	281	285	345	388	389	394	397	420	423	463	464	466	527	557	
14430:	115	
14441:	198	389	
14442:	466	
14447:	382	
14449:	421	
14457:	200	
14458:	321	
14459:	87	
14471:	14	105	153	182	221	230	349	388	389	414	423	463	464	466	467	481	556	558	588	
14472:	15	157	200	214	248	329	351	362	384	445	460	462	466	483	500	
14473:	157	
14476:	39	87	153	175	200	385	420	470	
14477:	175	
14486:	153	420	
14490:	200	
14503:	307	
14520:	217	
14522:	495	
14539:	8	17	18	22	25	26	36	37	38	48	55	67	75	83	144	197	217	233	418	452	494	496	508	513	522	529	532	547	551	592	598	
14546:	17	37	217	418	494	508	
14549:	8	144	233	
14570:	232	
14573:	12	495	
14587:	351	
14592:	124	493	
14601:	183	
14607:	479	
14619:	177	
14629:	12	39	45	95	96	115	155	215	281	353	365	394	428	469	487	559	582	
14631:	487	
14632:	487	
14644:	394	
14658:	591	
14659:	37	55	120	215	
14699:	367	
14701:	168	
14704:	165	
14720:	198	320	
14726:	298	
14735:	12	
14750:	339	
14779:	185	
14783:	191	
14787:	203	
14795:	19	
14796:	19	
14802:	62	70	74	105	186	234	271	316	360	396	515	537	
14803:	62	70	74	105	186	234	271	316	360	396	515	537	
14805:	93	
14809:	308	
14829:	319	
14831:	531	
14841:	385	
14868:	402	
14874:	439	
14885:	294	
14890:	3	5	27	37	57	459	494	520	521	522	523	524	525	526	527	528	529	530	531	532	533	534	535	536	537	538	539	540	541	542	543	544	564	565	566	567	
14891:	3	5	27	37	57	494	520	521	522	523	524	525	526	527	528	529	530	531	532	533	534	535	536	537	538	539	540	541	542	543	544	564	565	566	567	
14894:	126	393	
14912:	462	469	
14919:	327	
14947:	155	
14958:	1	3	4	5	8	9	12	18	27	35	39	41	43	51	52	54	55	57	59	60	62	76	105	120	121	137	153	155	157	165	166	198	205	210	233	262	272	308	310	311	321	344	350	371	378	379	380	393	397	401	414	425	452	457	463	464	480	490	494	495	497	498	499	500	501	502	503	504	505	506	507	512	521	523	525	526	527	532	542	547	557	575	590	591	595	607	611	
14963:	480	
14967:	39	490	521	
14973:	41	591	
14975:	321	
14976:	198	
14977:	137	166	397	
14978:	39	308	
14989:	138	
14992:	40	44	54	64	161	165	166	175	200	205	378	508	513	523	524	540	590	595	611	
15005:	454	
15006:	83	
15015:	10	
15018:	142	197	227	351	361	418	487	493	554	589	
15021:	7	30	53	96	126	192	215	274	294	301	331	441	
15022:	83	
15028:	43	165	310	311	335	511	
15029:	43	165	310	311	335	511	
15030:	43	335	
15033:	219	
15044:	26	46	125	227	365	382	558	
15046:	541	
15052:	104	361	387	398	408	589	
15065:	118	
15078:	27	28	84	93	97	101	110	112	117	118	125	138	142	161	163	171	185	187	230	268	307	308	317	340	356	379	385	406	409	429	436	451	457	527	
15084:	356	
15085:	110	
15087:	117	161	307	356	385	406	
15091:	93	161	406	436	
15098:	304	
15101:	65	93	98	110	112	117	148	158	163	244	264	307	365	406	409	436	451	
15102:	264	
15105:	110	117	158	163	307	409	436	
15108:	163	
15112:	118	
15113:	323	
15117:	118	
15135:	573	
15139:	357	573	
15142:	489	
15144:	187	197	207	293	308	393	436	444	
15146:	252	
15182:	363	
15183:	363	
15184:	363	
15185:	363	
15205:	434	
15206:	495	
15214:	99	
15216:	99	
15222:	386	
15253:	385	
15256:	301	
15261:	220	
15263:	220	
15264:	39	
15267:	122	231	
15276:	53	
15280:	7	24	26	30	31	99	111	126	163	298	300	324	334	375	379	385	395	
15281:	31	126	
15287:	111	
15288:	324	
15294:	39	
15296:	197	444	592	
15319:	82	169	273	308	345	532	
15351:	359	
15354:	168	
15355:	19	24	28	33	55	105	106	169	314	505	516	517	518	522	529	530	531	537	538	540	565	566	567	576	
15416:	37	60	496	508	522	529	547	
15471:	326	
15496:	70	337	
15499:	244	
15507:	54	228	377	378	595	
15510:	385	415	
15513:	569	
15520:	488	
15530:	96	
15533:	172	
15534:	172	
15550:	151	
15606:	53	168	248	467	
15607:	53	248	467	
15608:	168	
15611:	538	
15637:	117	142	187	305	340	
15641:	424	
15642:	96	
15643:	288	
15647:	117	161	187	293	307	356	385	406	
15649:	415	
15654:	142	
15668:	60	515	531	
15711:	48	
15724:	306	
15749:	178	
15755:	124	
15771:	183	
15791:	600	
15794:	276	
15798:	1	18	547	
15823:	301	459	
15839:	392	
15854:	248	
15873:	69	71	79	86	100	104	110	127	146	150	151	152	163	164	177	179	193	194	196	207	219	220	227	239	246	254	255	259	260	261	263	265	266	275	278	279	284	290	305	313	329	335	338	361	368	369	370	382	395	426	427	428	431	434	437	439	444	446	449	453	465	470	471	479	485	486	487	488	554	555	572	573	582	583	596	
15875:	87	112	116	255	320	412	429	612	
15881:	1	8	55	83	84	87	93	99	104	110	115	117	121	134	142	144	146	148	151	152	153	161	163	164	167	180	187	191	200	203	208	227	233	239	254	258	270	273	279	298	304	307	309	319	332	335	351	353	361	374	399	410	415	424	436	444	470	478	483	484	486	489	554	594	
15884:	200	
15885:	163	200	258	
15891:	134	227	424	484	
15892:	227	
15897:	208	
15910:	115	
15911:	203	
15917:	24	175	240	298	304	328	342	422	483	585	
15920:	298	
15937:	24	53	123	126	171	240	269	385	
15951:	151	347	
15952:	151	347	
15965:	163	
15984:	69	
15993:	118	
16001:	187	
16016:	131	
16041:	63	
16058:	264	
16062:	180	187	
16086:	291	294	396	591	599	
16099:	367	
16100:	334	
16103:	536	
16108:	507	
16110:	530	
16114:	538	
16121:	392	
16126:	180	218	
16148:	252	
16163:	93	175	254	259	314	319	353	362	394	397	410	428	460	462	
16167:	146	
16172:	146	
16200:	93	409	
16211:	427	
16219:	121	446	572	
16237:	79	
16238:	230	586	
16240:	108	471	
16251:	18	27	33	39	106	124	170	272	274	330	365	367	394	421	435	466	500	515	527	543	600	
16266:	171	
16272:	523	
16273:	330	
16280:	564	
16281:	503	519	543	
16282:	541	
16287:	203	269	294	342	
16289:	490	530	
16292:	540	
16293:	533	
16298:	182	
16305:	509	
16307:	501	534	
16310:	508	
16312:	530	
16313:	330	
16317:	500	
16319:	331	
16329:	33	533	
16339:	130	152	194	434	
16352:	187	
16355:	536	
16358:	513	
16369:	508	
16400:	500	
16402:	540	
16403:	540	
16406:	540	
16411:	182	557	
16415:	564	
16424:	428	
16430:	533	
16445:	4	5	581	604	
16456:	49	381	
16458:	6	49	
16472:	266	
16487:	283	
16488:	220	454	479	
16502:	173	289	
16507:	596	
16513:	490	515	530	
16514:	19	499	513	529	547	
16532:	252	
16542:	531	
16559:	160	
16582:	151	
16616:	33	108	
16631:	297	
16655:	33	533	
16659:	540	
16672:	83	160	486	
16679:	146	
16683:	2	90	
16689:	109	
16691:	124	
16720:	57	137	221	
16722:	589	
16746:	39	168	
16752:	168	
16762:	483	
16767:	283	
16783:	589	
16789:	116	
16799:	86	
16852:	33	222	262	344	404	
16855:	235	
16877:	529	
16878:	529	
16887:	382	
16903:	204	
16920:	188	
16924:	62	105	227	360	396	
16925:	227	360	
16938:	540	
16940:	130	239	449	
16942:	168	
16966:	523	
16976:	28	
16977:	537	
16992:	344	
17007:	512	
17008:	168	310	311	497	
17009:	168	310	311	497	
17024:	189	
17064:	427	479	
17076:	146	
17103:	153	
17104:	52	54	57	378	509	523	575	595	
17106:	523	
17109:	226	473	
17110:	50	153	414	523	558	
17119:	120	
17131:	364	
17136:	317	
17137:	317	
17138:	191	
17166:	219	364	
17180:	432	
17182:	541	
17203:	45	175	
17232:	179	
17243:	181	
17246:	284	
17247:	20	164	333	
17276:	63	
17282:	335	
17284:	335	
17288:	245	
17292:	323	
17302:	79	427	
17318:	297	
17336:	61	74	186	192	205	234	271	405	498	505	512	526	590	597	613	
17348:	27	28	527	
17351:	568	
17359:	224	332	526	
17376:	83	602	
17377:	330	
17381:	545	
17397:	291	
17399:	611	
17429:	91	178	201	269	276	302	328	331	580	
17433:	310	311	419	
17438:	226	
17480:	367	
17485:	419	533	559	
17486:	33	100	176	182	200	367	419	423	428	483	533	
17487:	367	
17488:	422	
17489:	167	169	176	182	222	344	416	533	
17491:	367	
17506:	420	
17521:	541	
17531:	467	
17554:	604	
17559:	410	
17569:	32	37	45	59	67	76	120	128	137	143	157	169	210	230	234	240	334	335	344	345	371	379	396	397	400	402	404	405	425	435	451	452	457	483	487	492	510	532	598	603	
17570:	240	
17572:	137	379	396	
17573:	487	
17578:	200	362	
17581:	200	
17587:	500	
17610:	168	
17621:	92	
17623:	92	
17657:	486	
17663:	421	
17693:	396	421	
17698:	421	
17700:	100	
17710:	176	
17720:	328	
17728:	152	
17729:	485	
17765:	35	
17770:	427	
17774:	427	
17843:	141	413	
17853:	150	
17858:	152	396	
17877:	284	
17940:	507	
17941:	284	
17948:	239	
17995:	96	
17996:	248	
18011:	439	
18047:	361	
18066:	381	
18088:	165	497	511	
18089:	165	497	511	
18106:	98	
18107:	98	
18128:	540	
18131:	337	
18133:	391	
18147:	490	
18148:	490	
18149:	490	
18154:	541	
18175:	9	135	136	154	155	166	279	296	310	311	325	326	353	365	495	596	
18182:	9	
18183:	155	
18186:	9	155	
18187:	9	
18191:	155	
18195:	9	
18198:	155	326	
18199:	155	326	
18217:	543	
18231:	541	
18241:	596	
18243:	160	
18255:	188	244	264	
18256:	188	264	
18260:	164	
18417:	39	
18420:	168	503	519	543	
18431:	98	
18464:	203	
18465:	83	
18511:	81	
18516:	441	
18538:	331	
18543:	33	533	
18544:	390	
18546:	344	
18556:	22	525	
18565:	132	538	
18566:	239	383	408	
18567:	132	
18568:	132	
18612:	383	
18653:	169	
18657:	42	97	98	115	122	155	244	246	286	308	314	332	338	351	365	410	487	495	542	584	606	
18661:	304	
18662:	467	
18684:	364	381	
18701:	63	
18716:	146	
18727:	43	
18774:	347	
18815:	49	
18816:	181	
18830:	402	
18841:	104	282	364	
18850:	438	
18868:	110	
18874:	340	
18890:	530	
18900:	160	340	433	
18915:	485	
18932:	243	573	
18934:	573	
18939:	424	
18940:	387	596	
18948:	6	
18951:	573	
18961:	389	508	513	523	532	
18963:	122	195	241	402	
18967:	573	
18975:	242	
18977:	33	533	
18985:	152	
18986:	152	
18995:	95	
19004:	1	18	547	588	
19021:	183	
19022:	118	266	314	319	385	594	
19030:	266	314	
19032:	166	
19042:	166	
19054:	152	
19119:	382	
19127:	26	
19132:	92	324	560	
19133:	560	
19135:	69	387	485	486	
19176:	131	
19220:	96	264	400	442	468	469	
19221:	469	
19229:	469	
19230:	468	
19238:	252	
19252:	434	
19254:	434	
19257:	118	293	433	
19259:	168	503	519	543	
19262:	11	
19276:	600	
19289:	69	185	387	401	448	455	485	486	573	
19290:	69	455	
19296:	98	
19304:	43	50	79	105	106	113	155	210	217	226	246	257	324	332	334	346	412	418	458	478	491	577	584	
19307:	577	
19311:	79	
19320:	53	55	200	239	268	383	408	460	507	515	532	538	
19321:	239	383	408	
19323:	383	
19330:	431	
19331:	455	573	
19332:	455	573	
19336:	97	356	542	
19345:	19	35	37	499	513	529	
19346:	252	
19347:	252	
19351:	213	291	
19402:	391	
19406:	454	460	564	
19407:	454	
19408:	454	
19414:	220	289	373	454	550	
19415:	220	454	
19416:	69	265	387	426	
19417:	410	
19422:	189	
19423:	189	
19426:	141	374	413	460	564	
19427:	141	374	413	
19428:	374	
19434:	249	
19445:	66	234	519	
19448:	554	
19516:	537	
19523:	384	
19527:	384	
19539:	402	
19541:	30	126	298	385	393	
19545:	99	
19550:	383	
19554:	168	503	519	543	
19556:	184	
19562:	396	
19576:	63	
19577:	63	
19603:	407	
19604:	407	
19610:	8	19	35	37	60	77	233	452	499	513	529	547	
19616:	69	485	
19639:	194	
19698:	97	
19707:	363	
19763:	49	
19764:	49	
19780:	319	
19794:	284	
19795:	284	
19810:	101	
19849:	470	
19882:	434	
19884:	382	
19895:	19	35	37	499	513	529	
19897:	582	
19909:	41	48	68	103	124	131	158	191	208	276	293	296	304	307	347	353	363	383	392	434	449	470	589	
19910:	347	
19929:	324	458	523	598	
19937:	194	387	
19960:	549	
19962:	507	538	
19966:	39	55	512	
20008:	169	611	
20010:	298	
20082:	97	268	
20101:	96	105	115	122	143	167	199	200	201	221	222	241	257	268	285	339	374	380	389	397	404	456	469	523	542	557	558	
20159:	128	
20163:	126	
20174:	155	
20186:	435	
20187:	334	359	
20189:	334	359	
20198:	291	
20224:	412	
20230:	178	294	
20232:	577	
20268:	264	
20269:	264	
20298:	448	
20299:	448	
20301:	69	
20336:	394	
20346:	9	208	338	381	429	
20367:	9	208	
20369:	353	420	
20374:	600	
20389:	232	600	
20390:	600	
20404:	1	101	161	244	266	434	583	
20421:	183	
20436:	339	
20441:	407	
20448:	72	
20451:	109	
20456:	266	
20457:	266	
20458:	471	
20459:	471	
20470:	109	
20519:	176	
20521:	600	
20531:	582	
20547:	582	
20560:	502	541	
20565:	530	
20570:	501	534	
20572:	508	
20581:	531	
20595:	508	
20597:	169	
20598:	500	
20599:	291	
20601:	530	
20602:	501	534	
20604:	448	
20615:	531	
20645:	69	79	92	265	448	455	485	486	556	
20646:	448	
20653:	181	255	332	588	592	598	606	
20658:	185	255	332	412	444	556	
20666:	12	43	571	
20668:	500	
20672:	39	79	264	
20679:	227	
20692:	164	
20705:	39	257	293	
20721:	573	
20729:	194	226	427	
20738:	344	
20740:	1	80	113	129	159	232	495	500	515	592	
20744:	500	
20745:	113	129	159	232	
20746:	495	
20748:	265	
20749:	264	
20752:	81	249	312	348	444	
20802:	495	
20804:	582	
20838:	192	
20841:	451	
20842:	27	84	171	229	527	
20844:	105	137	
20845:	6	49	68	103	194	218	227	265	360	364	387	438	585	
20846:	5	17	18	36	37	59	83	120	217	272	491	494	508	513	522	525	529	611	
20848:	26	27	28	75	84	160	194	225	229	230	252	265	305	361	387	408	426	429	457	527	589	
20851:	316	
20852:	396	
20853:	27	160	527	
20854:	198	203	218	294	338	390	
20855:	144	217	224	599	609	
20856:	83	137	499	508	513	547	611	
20857:	240	342	
20859:	146	171	227	290	
20860:	6	49	68	103	194	265	387	401	438	
20862:	485	
20867:	83	168	186	192	206	224	245	261	314	316	330	341	445	580	
20869:	240	342	580	613	
20870:	5	25	51	59	246	272	490	501	502	503	543	602	607	
20871:	500	
20872:	18	51	137	198	245	314	343	496	508	580	596	
20873:	160	
20876:	5	8	17	18	35	36	83	102	120	233	240	245	272	342	494	508	513	522	529	580	581	604	608	
20877:	198	390	580	
20878:	157	164	408	
20893:	152	279	308	395	418	
20895:	283	
20897:	178	
20898:	462	
20902:	175	
20918:	191	
20921:	538	
20924:	14	53	108	176	214	248	309	319	349	362	382	418	460	461	462	466	467	481	
20971:	470	
20993:	105	
21004:	33	533	
21020:	79	146	151	152	184	188	194	207	219	220	237	264	266	270	345	363	375	408	426	427	431	434	439	448	449	454	482	483	485	486	554	582	583	589	
21022:	266	345	
21023:	266	345	
21024:	264	
21046:	118	187	
21063:	12	45	79	112	115	130	208	286	315	320	340	381	385	394	395	418	441	459	467	478	490	500	594	
21064:	467	
21066:	79	
21069:	130	
21073:	130	
21089:	563	
21112:	6	42	49	70	75	79	90	97	98	100	123	146	155	171	188	198	201	203	207	218	229	255	260	263	264	270	286	290	304	328	337	338	370	401	407	426	438	454	457	483	542	585	596	
21113:	90	264	454	
21114:	585	
21118:	399	
21119:	8	146	180	208	227	233	397	418	491	583	
21136:	166	571	
21145:	531	
21150:	539	
21154:	46	55	203	246	268	504	515	532	539	589	
21155:	589	
21156:	246	504	
21169:	281	
21177:	492	506	544	
21200:	22	524	525	
21209:	525	
21210:	564	
21216:	424	
21236:	69	237	279	280	302	381	482	
21240:	279	
21243:	237	279	280	482	
21254:	321	
21270:	79	99	141	153	184	293	345	348	393	414	455	582	
21272:	153	414	
21283:	99	582	
21305:	393	
21348:	82	85	116	399	405	
21354:	399	
21359:	82	
21362:	116	
21424:	434	
21429:	434	
21471:	79	264	592	
21475:	264	
21501:	82	159	205	365	405	452	561	582	590	
21502:	82	405	
21503:	561	
21516:	405	
21521:	205	590	
21527:	48	79	100	101	141	184	236	250	253	255	265	284	309	338	347	363	367	372	406	408	409	413	422	433	438	471	
21532:	79	
21568:	463	464	
21573:	38	108	
21583:	541	
21591:	23	74	157	508	521	522	
21595:	524	
21682:	463	464	
21695:	31	301	
21736:	30	126	331	349	460	
21746:	216	
21747:	97	
21749:	168	
21756:	340	
21772:	80	
21774:	600	
21798:	582	
21799:	429	
21802:	274	
21846:	249	471	
21850:	198	
21860:	80	
21875:	110	192	249	313	348	444	458	
21883:	371	474	
21900:	596	
21905:	165	222	579	
21919:	99	
21932:	81	110	192	312	332	348	387	444	458	579	587	599	
21944:	59	314	342	512	580	
21952:	431	
21955:	365	
21977:	126	
21981:	391	
21991:	73	
22016:	92	463	464	556	
22030:	434	
22067:	504	539	
22089:	83	
22094:	1	
22126:	98	
22134:	181	
22135:	579	
22139:	3	4	5	17	18	19	22	25	28	35	36	37	38	43	51	54	57	60	67	74	77	88	89	113	120	129	159	167	169	182	186	205	210	213	224	232	234	262	268	271	291	312	321	343	344	378	380	405	416	445	452	477	492	494	496	497	498	499	500	501	502	503	504	506	507	508	510	512	513	514	522	525	526	528	529	547	590	592	595	599	604	607	608	609	612	
22190:	409	
22198:	187	302	
22202:	187	302	
22212:	184	185	192	212	249	250	317	348	444	458	584	
22223:	582	
22224:	39	
22226:	315	
22252:	249	313	
22276:	98	
22286:	97	207	328	
22293:	151	347	
22299:	485	
22300:	304	379	
22302:	155	426	
22313:	397	
22336:	221	232	
22361:	130	
22458:	252	
22494:	151	164	184	237	265	351	375	434	470	479	485	554	
22502:	394	419	
22539:	79	
22543:	79	
22544:	79	
22559:	200	
22567:	427	
22611:	49	
22612:	49	
22643:	152	375	
22732:	385	
22739:	229	284	
22768:	393	418	
22771:	39	90	
22783:	9	12	13	27	34	57	95	112	119	137	155	165	199	204	222	246	265	273	314	380	397	459	527	
22832:	600	
22850:	93	
22853:	318	
22878:	249	
22892:	141	236	433	
22894:	335	
22920:	192	197	
22932:	52	197	575	
22941:	252	
22982:	52	
22984:	248	362	382	399	462	
22994:	340	
23000:	243	488	
23002:	315	
23003:	315	
23011:	69	
23019:	298	
23055:	543	
23056:	146	152	156	167	301	454	
23059:	146	
23079:	49	
23094:	86	151	308	309	424	434	444	470	471	495	
23110:	151	444	
23111:	151	444	
23116:	69	127	
23123:	459	
23125:	459	
23129:	19	37	60	513	529	547	
23131:	227	
23137:	602	
23138:	602	
23159:	168	503	543	
23160:	543	
23163:	365	
23166:	540	
23173:	488	
23192:	556	
23193:	176	
23212:	531	
23228:	492	525	608	611	
23234:	92	
23247:	48	86	130	434	438	
23248:	130	434	
23256:	125	
23280:	43	165	310	311	335	511	
23286:	540	
23304:	227	
23316:	515	
23319:	540	
23322:	168	503	519	543	
23339:	554	
23345:	222	420	483	533	
23346:	222	420	483	533	
23348:	138	554	
23358:	220	
23362:	382	
23368:	115	329	424	
23375:	203	
23376:	24	
23384:	105	
23407:	106	
23411:	478	
23412:	222	
23428:	581	604	
23435:	86	
23436:	86	
23441:	272	
23442:	89	144	273	330	
23443:	5	37	57	401	521	523	526	528	529	530	531	532	533	534	535	536	537	538	539	540	541	544	564	565	566	567	
23444:	5	37	57	521	523	526	528	529	530	531	532	533	534	535	536	537	538	539	540	541	544	564	565	566	567	
23447:	381	
23450:	365	
23460:	573	
23475:	298	
23496:	327	
23571:	115	142	239	246	351	361	400	410	487	606	
23576:	323	
23578:	375	
23602:	367	
23609:	558	
23637:	78	115	142	146	152	227	261	329	395	398	453	454	462	
23640:	152	398	454	
23655:	227	
23656:	227	
23674:	264	
23689:	157	
23691:	273	
23692:	6	8	18	19	34	35	38	49	54	57	66	67	68	81	83	88	103	113	120	144	157	194	203	205	218	224	233	240	246	262	265	268	271	272	273	312	330	342	378	379	380	387	393	401	408	438	460	477	494	496	508	521	522	589	590	595	609	
23693:	387	408	589	
23694:	240	342	
23695:	6	49	68	103	194	265	387	401	438	
23697:	157	
23698:	18	38	67	496	
23699:	246	272	
23700:	240	342	
23702:	157	
23703:	19	
23731:	385	
23733:	418	
23803:	561	612	
23810:	155	298	335	560	
23826:	48	
23828:	9	210	304	313	371	405	515	519	592	603	611	
23829:	313	405	
23830:	371	515	
23846:	105	
23849:	39	308	
23870:	336	
23904:	79	254	
23910:	17	22	25	36	145	227	254	321	579	
23930:	47	
24025:	237	
24029:	203	265	
24035:	347	449	
24061:	110	348	
24066:	238	
24080:	497	
24136:	470	
24139:	152	375	
24151:	445	
24155:	540	
24156:	540	
24160:	492	506	544	
24165:	462	469	
24170:	580	
24172:	580	
24197:	419	
24215:	191	
24221:	130	434	
24226:	168	543	
24227:	168	503	519	543	
24283:	266	
24322:	93	117	161	163	241	244	356	406	542	
24325:	229	
24326:	84	229	230	457	
24327:	466	
24329:	422	
24335:	93	
24357:	274	
24377:	155	
24386:	26	105	221	417	
24401:	380	
24407:	305	382	415	582	
24411:	415	
24429:	26	217	448	487	589	
24430:	26	
24441:	463	464	
24443:	115	151	152	259	266	269	279	390	431	454	462	579	582	
24446:	582	
24458:	155	254	266	284	
24459:	155	
24462:	254	
24465:	180	181	194	207	227	250	268	270	309	351	375	469	486	
24470:	195	
24477:	93	
24478:	93	
24497:	596	
24529:	412	419	
24540:	304	600	
24549:	522	
24572:	331	
24573:	165	
24578:	489	
24591:	518	
24596:	192	
24597:	192	
24598:	168	503	543	
24601:	301	
24604:	517	
24623:	497	
24624:	168	
24636:	7	33	52	54	57	81	148	176	205	218	222	254	274	344	364	378	393	397	448	462	470	479	489	497	501	502	503	504	507	515	531	532	533	534	535	536	537	538	539	540	541	564	575	582	590	595	
24641:	148	176	205	397	448	479	582	590	
24646:	213	291	
24662:	22	524	525	
24681:	112	235	244	
24690:	85	
24696:	387	
24753:	48	155	269	407	
24755:	285	
24777:	43	561	
24786:	10	78	80	81	85	87	106	185	312	348	444	458	577	584	587	591	599	600	
24790:	192	
24796:	374	
24810:	4	12	17	22	25	36	45	52	66	496	497	498	499	500	501	502	503	504	505	506	507	563	576	
24812:	576	
24814:	145	
24825:	39	205	385	402	590	
24826:	119	
24830:	34	52	54	55	57	64	83	115	120	168	186	198	200	201	203	205	218	234	236	246	262	271	338	361	378	387	390	408	445	460	503	515	519	543	575	589	590	595	
24831:	361	387	408	589	
24832:	198	203	218	338	390	
24834:	168	445	
24835:	246	503	543	
24836:	198	390	
24845:	7	8	9	10	16	18	19	23	26	27	35	38	43	45	48	51	52	53	54	66	67	75	86	87	93	96	99	105	108	109	113	121	123	124	126	128	132	148	155	157	159	161	165	166	169	170	176	185	192	195	200	204	205	207	211	213	221	224	227	228	232	233	245	255	256	262	271	272	276	284	286	292	293	298	299	301	309	310	311	316	320	321	322	338	339	343	344	346	349	350	356	371	374	377	378	379	393	395	397	401	402	409	416	418	421	423	424	429	433	435	450	451	452	458	481	483	489	491	492	497	499	501	502	503	504	507	514	520	522	527	529	550	556	557	558	575	577	579	581	590	595	600	601	602	604	611	
24852:	33	39	75	86	153	161	175	192	208	252	273	298	309	324	326	336	405	418	452	483	543	561	580	591	
24859:	309	
24866:	33	
24870:	39	
24876:	192	
24881:	86	
24888:	161	
24903:	39	
24907:	201	269	298	
24910:	99	
24919:	309	324	
24922:	504	539	
24923:	516	
24933:	168	543	
24942:	335	
24948:	310	311	
24950:	168	543	
24977:	470	
24982:	276	
25011:	10	85	108	155	165	174	493	
25029:	124	126	172	300	385	441	459	470	493	
25034:	470	
25035:	27	28	527	
25037:	34	70	105	120	360	
25039:	34	120	
25069:	74	
25075:	470	
25082:	168	503	519	543	
25104:	276	
25112:	187	340	385	495	
25122:	39	54	246	378	495	595	
25134:	252	
25146:	530	
25148:	10	54	55	100	128	137	198	199	200	201	203	218	240	246	265	268	294	338	342	378	379	387	397	408	438	456	460	490	515	530	532	589	595	
25149:	10	54	55	100	128	137	198	199	200	201	203	218	240	246	265	268	294	338	342	378	379	387	397	408	438	456	460	490	515	530	532	589	595	
25150:	387	408	589	
25151:	203	218	294	338	
25152:	246	490	
25155:	137	294	
25156:	294	
25173:	582	
25182:	179	
25219:	239	363	364	
25220:	239	363	364	
25226:	175	463	464	
25242:	182	
25244:	354	
25255:	450	
25263:	106	
25264:	106	
25276:	49	
25277:	49	
25294:	421	
25298:	421	
25301:	125	421	
25317:	269	342	
25322:	610	
25351:	79	
25371:	523	
25374:	165	
25381:	27	76	153	245	257	281	339	371	425	451	508	527	
25389:	27	508	527	
25403:	286	
25413:	19	
25445:	11	214	316	371	396	424	
25447:	324	362	487	
25448:	487	
25451:	8	197	233	298	320	
25457:	11	18	22	25	27	38	51	54	66	67	157	192	234	343	378	397	491	492	494	496	498	506	508	520	522	525	527	544	595	608	612	
25469:	116	340	
25511:	276	
25526:	391	
25530:	537	
25532:	540	
25536:	540	
25538:	108	283	
25539:	248	334	359	362	
25540:	248	334	359	362	
25567:	110	151	254	444	555	
25570:	110	
25578:	12	
25626:	90	
25644:	450	
25661:	91	97	98	147	
25662:	98	147	
25667:	54	378	595	
25680:	462	
25681:	441	
25692:	203	
25705:	536	
25722:	284	
25777:	217	227	463	464	
25793:	449	
25834:	483	
25842:	108	
25846:	148	
25885:	265	
25905:	508	509	510	511	512	513	514	515	516	517	518	519	
25906:	508	509	510	511	512	513	514	515	519	
25924:	359	
25934:	6	232	
25966:	112	139	148	268	355	375	
25967:	148	
25977:	18	28	45	115	200	257	284	356	361	394	419	470	487	496	508	554	557	606	
25978:	18	28	115	200	257	284	356	361	394	419	470	487	496	508	554	557	606	
25990:	254	
25995:	248	
25997:	165	310	311	325	511	
25999:	525	
26008:	95	221	
26014:	7	100	108	221	281	334	359	421	460	
26032:	540	
26033:	189	
26036:	175	
26038:	181	
26039:	344	
26046:	181	
26072:	181	
26074:	323	
26077:	402	
26094:	483	
26110:	354	
26111:	192	197	
26114:	274	
26124:	204	
26125:	204	
26138:	284	
26153:	108	232	284	334	582	
26156:	108	
26160:	582	
26164:	334	
26167:	232	
26203:	508	
26209:	268	
26245:	132	
26247:	132	
26258:	175	
26278:	159	205	291	405	590	
26280:	159	
26308:	53	421	
26309:	421	
26344:	69	118	
26357:	70	105	337	357	
26369:	357	507	564	
26370:	564	
26393:	1	5	
26394:	266	
26395:	266	
26415:	1	61	499	500	597	
26416:	1	
26438:	252	
26460:	490	
26461:	490	
26477:	521	544	
26504:	98	
26523:	364	381	
26526:	364	
26554:	25	51	52	55	59	60	61	74	83	186	205	213	271	314	343	393	405	505	512	526	575	590	597	612	
26566:	126	
26568:	346	592	
26581:	525	
26596:	99	
26632:	245	
26635:	101	138	
26636:	408	
26650:	96	
26653:	286	
26730:	10	249	
26738:	543	
26768:	538	
26771:	497	511	
26774:	309	
26775:	305	
26821:	538	
26832:	487	
26840:	31	561	
26851:	361	
26853:	86	142	161	
26872:	168	
26884:	70	
26923:	530	
26932:	10	
26933:	114	
26944:	130	382	434	449	
26954:	130	434	
26973:	369	
26989:	582	
26990:	582	
27032:	541	
27045:	363	
27055:	541	
27071:	582	
27150:	220	
27212:	183	
27275:	48	148	197	385	397	398	401	426	466	
27277:	466	
27286:	264	
27293:	93	
27295:	9	155	401	408	
27309:	161	436	
27310:	436	
27311:	110	117	158	163	307	409	436	
27312:	117	163	
27313:	163	
27316:	328	
27317:	112	139	148	268	355	375	
27325:	53	95	334	
27336:	24	
27351:	298	
27356:	1	
27357:	1	
27418:	573	
27438:	28	157	334	
27439:	157	
27459:	26	42	46	53	137	184	203	270	285	328	402	407	426	489	542	580	
27460:	137	
27469:	382	
27485:	155	326	368	385	
27527:	459	
27579:	12	
27603:	205	590	
27627:	142	
27630:	142	
27631:	50	137	379	396	473	
27637:	115	
27658:	39	
27664:	405	
27668:	55	241	337	598	
27675:	2	3	4	5	10	14	18	19	27	33	35	38	43	51	54	55	57	59	60	62	66	67	74	76	77	85	87	95	96	105	113	122	128	129	137	143	153	167	169	182	186	192	197	206	210	213	215	221	222	224	230	234	241	249	262	271	285	291	325	344	349	350	371	378	389	397	400	402	404	416	420	423	425	435	452	456	463	464	466	468	469	477	481	492	494	496	497	500	501	502	503	504	506	507	508	512	513	514	515	525	526	527	529	547	556	557	558	595	611	
27680:	105	182	221	349	389	466	481	
27683:	59	526	
27685:	221	389	
27689:	339	
27690:	339	
27702:	227	351	
27740:	323	
27746:	447	
27752:	330	
27753:	513	529	547	
27765:	306	
27781:	391	
27786:	7	53	65	244	248	392	418	
27792:	522	
27794:	345	
27795:	345	
27799:	558	
27824:	171	429	
27826:	101	118	307	
27832:	141	236	293	433	
27839:	422	
27840:	307	
27843:	307	
27853:	90	108	168	218	240	250	254	329	353	364	398	410	471	483	491	
27854:	218	254	364	
27859:	168	
27873:	345	
27874:	345	
27879:	232	289	400	456	459	599	600	
27882:	596	
27888:	321	519	
27909:	398	
27910:	398	
27913:	501	
27914:	523	
27920:	12	14	27	35	38	39	42	43	50	52	57	67	80	83	96	107	112	137	143	148	155	165	169	181	192	199	210	232	241	244	267	268	325	326	344	355	357	385	386	388	397	402	404	435	445	452	458	469	472	473	495	496	508	513	527	542	575	600	
27930:	69	124	127	164	184	193	194	239	253	264	270	313	383	398	401	408	448	449	455	485	486	554	573	
27931:	448	
27934:	69	118	194	248	265	270	361	387	401	415	448	455	
27936:	104	142	160	164	175	194	227	239	264	270	309	361	408	434	441	448	583	589	
27941:	160	
27954:	362	398	
27955:	398	
27983:	9	42	155	203	
27987:	39	155	198	320	508	513	
28011:	296	
28039:	87	
28060:	507	
28077:	163	284	304	307	436	471	
28079:	284	
28082:	132	
28088:	79	
28119:	463	464	
28151:	62	70	74	105	146	186	234	271	316	360	396	515	537	
28166:	168	543	
28167:	168	543	
28193:	500	
28198:	87	
28201:	473	
28213:	53	248	296	353	359	428	
28230:	463	464	
28248:	463	464	
28255:	302	
28269:	530	
28277:	97	
28285:	504	
28287:	530	
28290:	509	
28291:	540	
28296:	473	
28343:	118	
28348:	385	
28356:	512	
28387:	570	
28388:	203	
28390:	576	
28391:	576	
28405:	207	
28415:	165	
28416:	203	
28470:	26	495	
28479:	334	
28485:	81	281	
28494:	86	
28539:	146	152	266	304	328	364	375	398	408	427	439	454	479	486	589	
28540:	439	
28542:	304	364	
28548:	146	
28563:	197	273	
28567:	116	175	188	203	264	298	320	324	325	331	338	385	407	582	
28574:	264	
28575:	188	
28583:	155	
28585:	178	
28616:	375	582	
28620:	375	
28625:	168	503	519	543	
28627:	359	
28638:	81	
28642:	8	18	25	34	76	83	120	137	153	155	167	198	210	215	233	257	270	272	308	320	339	347	350	371	379	389	423	425	452	496	522	532	557	558	565	566	567	600	607	
28645:	25	120	155	496	
28655:	248	
28659:	248	309	588	
28661:	7	14	87	95	115	199	200	227	389	402	466	553	558	
28667:	553	
28668:	4	7	26	27	31	40	42	44	45	46	55	64	75	83	95	117	122	125	126	128	137	163	165	166	169	197	210	230	241	257	267	272	286	312	321	324	374	379	380	393	397	402	418	466	493	495	498	500	505	506	508	513	527	532	543	557	577	588	591	594	605	607	611	
28670:	142	
28675:	81	255	
28685:	10	185	444	458	478	
28689:	192	
28690:	192	
28696:	8	233	379	380	581	604	
28700:	1	3	8	18	26	27	33	34	43	51	54	55	57	59	60	62	84	102	105	113	115	120	186	200	213	222	224	233	234	246	257	268	272	330	335	339	365	371	378	393	396	397	405	457	477	495	496	497	499	500	505	511	512	515	523	527	530	532	547	592	595	598	606	607	612	
28703:	508	513	
28707:	5	330	515	
28711:	335	
28714:	168	310	311	497	
28715:	168	310	311	497	
28717:	525	
28722:	8	120	233	494	508	513	525	592	
28727:	2	3	4	8	17	18	19	22	25	36	37	38	43	54	67	83	120	210	233	236	378	452	490	494	496	498	508	513	522	529	547	571	595	608	611	612	
28728:	210	236	612	
28735:	43	58	165	210	296	310	311	325	335	353	480	497	511	535	546	571	575	
28736:	310	311	480	
28737:	325	
28739:	210	310	311	
28743:	232	332	600	
28744:	232	332	600	
28745:	303	435	
28748:	146	
28749:	458	
28772:	83	348	
28773:	491	
28787:	564	
28788:	533	
28793:	541	
28795:	541	
28810:	90	
28816:	27	527	
28817:	27	527	
28843:	325	571	
28849:	246	351	487	
28854:	356	
28859:	55	491	524	525	
28860:	55	
28861:	52	83	89	120	273	330	380	393	575	
28863:	5	8	11	25	34	51	52	53	54	57	59	60	66	74	77	81	83	88	89	90	120	144	159	186	192	197	203	206	211	213	217	218	224	233	234	240	245	246	262	268	271	272	273	312	314	330	332	342	343	348	378	379	380	387	393	405	432	440	444	460	477	491	492	500	505	506	510	512	516	517	518	524	525	526	528	561	575	579	580	586	587	589	595	602	607	608	609	611	
28864:	89	
28865:	387	589	
28866:	8	60	83	197	233	273	314	330	
28867:	314	505	516	517	518	
28869:	83	186	192	206	245	330	580	
28870:	11	
28871:	5	25	51	59	246	272	602	607	
28872:	51	59	246	272	607	
28873:	500	
28874:	51	
28875:	240	245	342	
28876:	580	
28881:	222	420	428	460	483	533	
28882:	222	420	428	460	483	533	
28884:	6	44	45	46	49	68	71	103	104	218	253	254	268	282	302	364	381	585	
28891:	495	547	
28910:	68	103	387	426	438	
28923:	122	
28931:	356	
28938:	507	
28940:	90	
28944:	479	
28945:	479	
28947:	395	
28949:	456	
28951:	118	309	
28958:	323	
28965:	155	326	
28966:	9	
28973:	148	155	326	478	
28975:	326	478	
28981:	118	310	311	340	480	
28982:	165	
28984:	155	
28988:	155	
28990:	365	
28992:	43	210	
28996:	181	
29001:	155	
29006:	264	
29010:	100	
29018:	335	
29025:	165	210	
29027:	264	
29029:	43	210	310	311	
29037:	485	
29061:	19	
29062:	19	
29075:	454	
29084:	91	203	220	388	
29091:	83	153	309	558	
29136:	470	
29156:	99	558	
29159:	463	464	
29163:	463	464	
29165:	463	464	
29169:	434	
29174:	180	
29229:	533	
29239:	511	571	
29242:	168	503	519	543	
29246:	168	
29247:	269	342	
29263:	354	
29277:	554	
29288:	456	
29291:	310	311	497	511	
29300:	60	299	
29302:	1	2	3	26	28	29	42	46	53	62	80	94	97	98	99	100	105	112	115	143	146	148	160	173	192	199	200	201	203	218	240	246	248	261	262	264	265	268	269	289	299	310	311	337	342	351	361	384	387	401	407	408	410	417	459	460	465	487	500	542	585	589	606	
29303:	1	2	3	246	299	351	487	
29304:	264	
29305:	1	62	192	
29306:	99	146	387	401	
29307:	2	387	589	
29308:	240	269	342	585	
29309:	585	
29310:	201	
29316:	99	203	269	
29319:	240	
29324:	274	
29331:	6	86	197	462	
29334:	298	
29345:	565	566	567	
29355:	118	191	302	
29365:	611	
29371:	221	
29372:	98	
29397:	298	
29398:	298	
29402:	104	259	381	462	585	
29405:	168	543	
29409:	565	
29415:	573	
29423:	196	
29436:	339	
29463:	203	
29475:	600	
29477:	65	
29541:	141	413	
29655:	383	489	
29660:	600	
29661:	281	351	471	
29682:	428	
29684:	394	
29695:	79	92	181	
29696:	92	
29709:	335	
29711:	508	
29713:	198	
29728:	165	
29741:	348	
29742:	348	
29754:	540	
29766:	502	515	
29777:	503	519	543	
29780:	543	
29790:	123	556	
29794:	540	
29798:	60	515	531	
29800:	534	
29805:	534	
29809:	359	
29820:	79	91	132	148	166	279	290	337	454	
29827:	469	
29849:	116	118	170	281	
29856:	10	93	118	170	185	208	218	323	335	385	409	415	451	
29921:	207	
29922:	30	
29963:	549	
29981:	48	
29986:	367	
29992:	538	
30032:	1	
30053:	173	
30059:	212	
30082:	418	
30131:	280	
30141:	142	
30149:	458	
30181:	177	
30183:	106	
30195:	278	
30225:	10	280	458	579	
30236:	227	
30237:	3	452	
30257:	284	
30290:	183	
30396:	214	
30403:	152	
30410:	195	469	
30411:	400	469	
30412:	469	
30413:	285	
30414:	195	285	
30415:	122	400	
30416:	96	195	
30418:	402	
30419:	96	187	195	264	386	400	402	431	442	468	469	
30421:	96	386	442	468	469	
30434:	582	
30461:	439	
30469:	485	
30472:	219	
30475:	191	
30488:	219	334	363	
30489:	363	
30490:	334	
30557:	268	
30558:	268	
30574:	51	262	
30584:	90	
30621:	326	
30668:	81	
30672:	266	
30673:	81	
30675:	90	188	266	375	
30686:	266	
30687:	266	
30689:	179	
30727:	435	
30755:	246	
30759:	160	
30760:	160	
30808:	592	
30818:	6	68	81	83	103	115	123	151	164	184	189	207	218	237	239	253	254	264	270	347	351	363	375	387	433	434	438	449	457	470	471	479	482	483	487	556	582	585	
30822:	184	
30825:	81	
30827:	375	
30832:	123	
30835:	191	
30849:	363	
30850:	363	
30891:	281	
30893:	270	335	490	
30894:	270	335	490	
30906:	79	
30968:	321	
30991:	298	
30998:	162	
31007:	306	
31015:	196	
31019:	7	45	52	54	66	72	75	108	126	137	144	148	155	167	246	257	272	314	316	321	350	374	378	379	393	397	400	401	423	435	443	444	445	455	457	468	489	508	513	552	557	575	594	595	
31020:	455	
31021:	45	52	54	66	75	108	126	148	155	167	272	316	350	374	378	379	393	397	401	423	457	489	557	575	595	
31022:	45	52	54	66	75	108	126	148	155	316	350	374	378	379	393	397	401	423	489	557	575	595	
31031:	22	141	169	236	307	335	372	406	413	433	
31032:	236	433	
31040:	168	
31048:	454	
31058:	3	
31123:	200	500	
31138:	296	353	
31158:	97	
31198:	152	
31200:	188	
31212:	430	
31252:	335	
31265:	582	
31273:	503	519	543	
31286:	314	613	
31287:	314	613	
31295:	132	
31296:	132	
31308:	269	342	
31309:	168	284	424	
31310:	284	
31313:	497	511	
31330:	226	
31335:	540	
31348:	402	
31349:	402	
31352:	167	182	557	
31353:	502	541	
31356:	544	
31360:	544	
31361:	182	557	
31367:	552	
31370:	402	
31376:	531	
31380:	530	
31468:	370	
31472:	541	
31473:	544	
31499:	596	
31506:	160	
31517:	303	
31519:	37	
31536:	149	
31564:	221	
31570:	81	142	202	219	247	277	281	313	398	408	479	495	
31571:	479	
31587:	95	
31606:	3	5	234	494	525	603	
31613:	582	
31644:	141	374	413	
31659:	8	233	599	
31671:	75	582	
31673:	75	
31678:	74	
31688:	237	
31713:	359	
31737:	513	
31756:	54	115	168	244	378	428	460	524	595	
31763:	436	
31790:	108	
31814:	399	
31815:	399	
31816:	152	
31849:	8	125	233	434	
31876:	160	479	
31909:	6	
31910:	269	298	
31930:	540	
31934:	529	
31945:	511	
31953:	564	
31959:	500	
31971:	14	95	182	248	257	339	371	441	466	481	557	
32029:	470	
32048:	20	248	334	
32056:	191	302	330	424	512	
32059:	33	53	115	161	200	261	262	332	351	361	428	434	462	470	487	532	577	
32092:	175	441	
32107:	41	
32110:	144	197	380	602	
32123:	611	
32125:	20	80	91	144	152	199	244	379	
32128:	72	
32136:	284	365	410	554	
32141:	329	
32142:	329	
32154:	281	
32155:	462	
32169:	449	
32171:	4	22	24	26	27	28	30	31	33	37	39	40	42	45	46	52	53	55	62	66	88	155	271	308	320	330	460	490	493	495	500	506	508	509	511	513	514	519	520	521	523	527	542	543	561	563	571	575	576	593	
32204:	163	
32214:	324	
32215:	324	
32219:	169	
32226:	101	138	172	
32228:	101	117	142	160	305	340	
32229:	117	305	340	
32235:	5	37	57	245	521	523	526	528	529	530	531	532	533	534	535	536	537	538	539	540	541	544	564	565	566	567	
32239:	583	
32251:	169	
32259:	250	
32271:	178	
32282:	539	
32297:	92	181	
32310:	573	
32316:	573	
32326:	190	
32329:	465	
32342:	99	385	459	
32355:	99	
32367:	459	
32373:	441	
32384:	188	
32391:	116	335	385	
32409:	99	
32421:	31	418	459	
32425:	298	337	385	582	
32440:	96	469	
32442:	95	
32479:	2	
32499:	284	
32539:	600	
32545:	19	513	
32560:	496	508	
32563:	60	
32566:	45	46	268	563	
32567:	563	
32568:	45	46	268	
32569:	500	
32576:	534	
32582:	165	497	511	
32583:	541	
32589:	165	310	311	325	511	
32601:	534	
32611:	42	97	98	
32615:	307	
32619:	175	
32622:	353	
32626:	406	
32630:	489	
32657:	472	
32658:	472	
32659:	355	
32662:	101	
32671:	180	
32694:	106	
32728:	363	
32739:	556	
32745:	596	
32746:	261	
32747:	20	26	27	28	54	55	57	75	84	131	149	160	164	171	186	205	225	228	229	230	231	235	242	252	255	261	304	305	333	378	393	429	451	457	460	476	527	590	595	
32748:	27	28	75	131	160	171	228	229	230	242	261	304	305	429	527	
32749:	160	252	261	451	457	
32750:	28	75	160	225	230	252	429	457	
32762:	436	
32765:	63	473	600	
32777:	434	
32790:	486	
32791:	486	
32799:	74	128	129	159	192	234	271	343	405	525	526	
32801:	214	382	
32808:	366	
32810:	323	
32811:	26	
32819:	26	261	319	335	375	
32827:	48	
32863:	252	
32871:	220	
32900:	28	
32902:	502	541	
32915:	372	556	
32929:	118	
32930:	469	
32934:	96	386	442	468	469	
32941:	96	469	
32957:	524	525	
32963:	402	
32964:	504	
32966:	530	
32982:	96	
32985:	96	
32991:	96	
33015:	483	
33032:	435	
33033:	435	
33034:	435	
33041:	264	
33085:	165	310	311	
33086:	165	310	311	
33087:	165	310	311	
33118:	60	529	
33121:	529	
33132:	412	
33134:	412	
33154:	330	
33181:	540	
33182:	540	
33201:	180	255	522	
33205:	255	
33216:	7	397	
33220:	582	
33234:	105	396	
33237:	509	
33264:	274	
33265:	274	
33268:	274	
33269:	274	
33295:	79	
33296:	79	
33303:	493	
33318:	28	31	234	
33382:	160	
33383:	160	
