14:	216	
25:	216	
30:	203	
32:	130	291	400	
44:	90	150	151	157	168	241	322	331	432	444	471	496	
49:	419	
59:	194	
60:	194	
63:	364	
68:	132	322	
92:	310	
181:	241	
191:	434	
204:	203	
233:	167	354	
260:	472	
270:	207	431	
287:	619	
302:	312	
324:	278	
350:	6	16	31	37	38	45	58	110	141	142	148	178	190	230	270	284	286	292	297	300	306	307	327	333	344	353	369	387	431	454	461	467	471	511	560	622	
354:	471	
375:	216	
382:	121	127	134	142	211	409	496	
391:	121	361	422	551	619	
396:	190	606	
413:	203	
423:	17	18	19	27	126	202	222	227	233	236	237	238	240	242	251	288	289	291	340	361	377	384	385	387	403	422	448	458	459	478	480	492	496	503	552	593	607	
425:	340	
426:	240	
434:	188	383	394	588	
435:	394	588	
443:	166	
449:	166	
450:	1	5	40	71	110	132	176	207	219	237	238	263	294	351	364	374	445	458	459	478	495	507	614	
451:	263	445	
458:	364	
486:	307	
487:	307	
492:	90	237	238	241	284	288	289	401	429	
507:	4	62	598	
552:	225	227	
556:	120	546	
591:	490	
604:	40	137	513	
619:	313	
633:	550	
641:	27	311	353	456	
642:	456	
646:	601	
648:	476	
658:	307	
663:	559	
670:	145	150	157	185	210	282	317	401	403	408	497	
672:	497	
673:	282	
674:	185	
675:	401	
680:	16	
690:	11	134	241	263	320	429	492	512	
694:	320	
724:	14	
726:	351	614	
755:	284	373	383	463	553	
772:	419	
786:	512	
799:	618	
807:	1	149	217	225	429	531	613	616	
808:	149	
811:	616	
813:	1	531	
825:	529	
828:	529	
834:	29	110	387	503	
835:	29	110	387	503	
845:	131	
851:	18	19	91	101	118	133	150	178	180	252	253	320	329	336	342	351	361	407	433	458	459	463	503	547	560	588	589	599	601	614	
869:	4	6	60	76	82	126	164	169	200	207	219	236	286	320	351	354	451	458	459	553	598	603	609	614	624	
870:	354	
874:	207	
875:	6	164	207	553	
878:	219	458	459	
879:	126	236	284	513	
880:	70	126	225	236	373	
949:	530	
994:	618	
1006:	333	
1028:	151	
1045:	496	568	
1066:	515	
1073:	461	522	532	534	540	552	563	567	595	
1086:	13	145	150	157	269	297	317	320	401	407	416	448	478	496	515	622	
1087:	496	
1096:	49	313	468	
1097:	4	394	598	603	619	
1120:	297	622	
1129:	371	
1140:	52	
1156:	361	
1281:	253	419	
1291:	174	441	
1296:	441	
1312:	217	263	421	613	
1315:	421	
1327:	444	
1336:	441	
1351:	307	
1404:	220	240	367	467	
1408:	11	40	97	110	155	200	202	219	361	369	374	387	422	455	458	459	478	609	624	
1413:	16	
1415:	523	
1421:	421	
1431:	28	273	307	345	433	623	
1438:	28	486	
1471:	152	478	
1491:	89	
1495:	217	613	
1512:	137	306	
1520:	1	4	62	95	126	127	131	137	167	236	241	277	315	321	342	345	351	354	363	407	429	458	459	507	552	598	603	614	625	
1522:	507	
1552:	568	
1616:	82	
1617:	82	
1618:	82	
1624:	23	29	65	74	113	187	188	203	273	276	299	312	363	433	448	623	
1626:	23	
1630:	1	
1637:	102	142	273	
1646:	102	
1653:	1	14	28	121	142	211	230	273	276	295	371	381	421	448	496	609	612	623	624	
1676:	253	323	375	621	
1702:	101	220	239	273	282	340	387	390	503	530	609	624	
1708:	239	530	
1711:	127	139	148	190	240	273	295	354	446	471	472	532	534	540	606	
1721:	472	
1736:	511	
1744:	127	
1745:	127	
1767:	95	
1773:	96	607	
1774:	96	607	
1791:	471	
1793:	552	
1800:	148	255	291	345	
1811:	364	
1817:	8	18	145	237	238	251	265	288	289	295	337	374	375	458	459	
1837:	517	
1838:	83	
1846:	1	381	383	606	
1859:	39	
1867:	371	
1868:	8	14	23	31	64	141	142	173	185	211	222	276	295	299	305	321	345	424	499	526	
1874:	64	142	173	295	299	305	321	424	
1878:	230	287	
1893:	150	401	512	
1895:	351	614	
1896:	351	573	614	
1901:	4	74	433	598	
1904:	14	110	307	336	422	444	461	495	503	589	625	
1906:	336	461	589	
1912:	151	
1915:	311	
1916:	305	461	565	
1917:	317	421	480	
1991:	45	
1993:	150	
2005:	320	452	
2024:	164	
2040:	512	
2085:	40	133	158	364	369	
2088:	194	252	
2100:	252	
2108:	237	238	288	289	
2130:	1	29	110	120	127	134	137	139	142	148	178	240	277	286	295	387	395	416	421	467	499	503	504	560	602	606	
2138:	1	110	
2144:	286	
2145:	286	
2147:	240	467	
2241:	149	167	503	
2242:	273	300	560	
2256:	194	227	310	419	
2282:	158	167	321	354	422	446	448	454	
2284:	167	
2297:	345	405	
2308:	237	238	
2316:	98	151	366	
2331:	38	
2363:	77	
2366:	14	44	210	217	227	239	240	241	253	267	307	308	315	317	336	351	401	411	449	461	467	526	529	589	607	612	613	614	
2367:	14	
2368:	14	
2369:	14	467	
2378:	7	14	19	69	71	126	127	222	225	236	241	253	256	345	367	369	378	390	429	431	458	459	461	492	619	
2380:	461	
2383:	461	
2390:	27	336	491	503	589	
2392:	336	491	589	
2398:	449	
2409:	142	
2467:	37	216	609	624	
2489:	241	
2492:	17	18	37	40	100	104	120	137	145	180	188	200	202	216	217	227	231	251	295	323	333	351	375	379	401	428	448	458	459	480	507	526	603	607	608	609	613	614	619	624	
2502:	40	333	
2506:	231	
2510:	40	
2513:	216	379	
2519:	7	241	272	354	448	623	
2601:	152	263	461	
2609:	131	
2632:	283	
2645:	126	236	295	611	
2646:	126	236	
2681:	575	
2685:	31	278	345	
2686:	278	
2689:	496	
2700:	16	
2790:	64	
2816:	11	14	27	28	29	31	34	60	64	65	73	82	100	113	134	137	139	141	142	145	150	158	161	165	173	174	176	182	185	187	190	194	200	210	211	219	222	227	233	237	238	242	245	255	268	269	273	276	278	280	288	289	292	293	294	295	297	298	299	306	307	312	317	320	321	329	331	334	339	344	345	348	351	353	360	363	371	377	378	379	387	395	403	411	415	421	424	428	429	432	449	454	464	467	472	476	477	482	486	491	499	503	505	507	512	530	583	599	601	606	609	610	614	620	622	623	624	
2821:	387	
2824:	307	
2826:	174	
2829:	176	255	299	331	360	482	512	
2830:	269	
2835:	29	73	142	245	294	298	482	486	530	583	606	620	
2837:	60	134	200	331	424	
2839:	601	
2873:	58	
2879:	283	
2902:	306	336	589	
2926:	591	
2927:	476	
2941:	142	
2959:	567	572	
3002:	444	
3046:	82	
3050:	185	
3091:	344	
3115:	367	
3127:	253	
3160:	217	613	621	
3161:	217	613	
3162:	217	613	
3176:	471	
3184:	351	614	
3237:	28	249	295	405	414	436	
3248:	414	
3249:	414	
3269:	282	
3270:	520	
3271:	497	
3273:	220	
3274:	503	
3276:	217	613	
3279:	211	
3281:	240	
3283:	240	
3321:	131	133	137	211	219	249	292	320	336	350	364	369	374	401	429	452	458	459	467	493	495	515	517	589	610	
3327:	452	
3347:	222	
3375:	241	
3381:	6	11	14	104	126	200	207	219	236	263	302	354	415	426	428	434	458	459	476	531	603	609	624	
3396:	118	387	
3410:	84	
3412:	434	
3424:	550	
3425:	11	17	18	29	58	94	95	96	97	113	120	121	200	202	211	227	230	237	238	288	289	299	307	345	348	420	428	491	499	609	624	
3434:	4	37	231	323	333	448	598	
3436:	37	333	
3440:	327	407	601	
3442:	575	
3450:	8	
3456:	203	
3458:	31	141	187	266	337	
3467:	141	
3469:	137	
3471:	210	306	336	589	
3472:	210	306	336	589	
3478:	241	
3483:	216	241	379	
3484:	69	369	431	511	
3487:	297	337	374	622	
3488:	297	337	374	622	
3492:	38	45	73	90	110	160	207	210	237	238	240	244	249	260	272	283	288	289	300	328	343	346	351	367	369	387	431	439	442	471	476	512	560	600	612	614	616	
3501:	336	589	
3515:	150	187	203	308	376	401	448	512	608	
3533:	83	
3541:	461	
3547:	230	331	503	504	
3549:	625	
3608:	351	614	
3609:	351	614	
3611:	497	
3613:	11	
3621:	264	
3622:	45	205	
3626:	618	
3627:	618	
3633:	455	
3660:	353	
3664:	463	
3731:	37	
3741:	7	11	29	110	126	137	158	164	165	179	200	207	230	231	236	239	277	278	287	295	307	312	315	333	345	350	353	371	421	454	476	601	609	610	612	624	
3801:	307	
3802:	307	
3812:	17	19	100	104	120	126	188	210	217	236	329	333	351	403	458	459	504	507	613	614	
3865:	193	295	
3893:	496	
3908:	241	
3915:	379	
3936:	346	
4021:	283	503	
4173:	322	354	
4175:	6	
4227:	302	
4251:	280	339	
4254:	143	
4263:	115	
4264:	396	
4266:	105	336	343	445	566	589	600	616	
4300:	14	113	
4304:	237	238	288	289	512	
4314:	217	613	
4329:	185	
4334:	110	141	409	455	
4347:	82	237	238	284	288	289	373	374	383	415	463	478	513	
4351:	4	145	150	158	222	276	278	312	345	363	421	432	454	467	513	598	
4392:	252	
4393:	320	
4394:	185	282	
4409:	219	
4435:	313	
4443:	110	207	444	467	496	503	
4448:	444	
4453:	220	
4545:	151	
4547:	364	
4575:	240	286	300	308	439	449	560	
4611:	530	
4627:	601	
4658:	249	
4672:	13	
4673:	13	
4693:	361	
4694:	449	
4701:	231	
4715:	449	
4718:	256	
4772:	139	463	499	
4778:	150	187	203	308	376	401	448	512	608	
4784:	150	187	203	308	376	401	448	512	608	
4802:	137	217	613	
4818:	150	353	415	
4864:	620	
4873:	176	395	
4874:	241	
4880:	52	110	126	139	166	194	236	255	312	350	472	504	
4888:	141	
4891:	137	217	401	416	429	504	613	
4936:	444	
5023:	491	
5099:	96	
5100:	96	
5101:	329	
5108:	104	
5114:	529	
5117:	315	
5118:	390	
5125:	189	
5131:	529	
5133:	480	529	
5138:	434	
5142:	331	415	496	
5143:	13	168	174	200	211	219	222	237	238	288	289	331	429	495	601	
5145:	222	237	238	288	289	331	
5147:	416	
5157:	58	327	
5173:	58	
5192:	16	288	289	369	448	
5193:	16	
5206:	85	
5215:	16	211	
5227:	23	375	
5229:	82	
5236:	336	351	515	589	614	
5240:	429	
5270:	420	
5286:	185	
5315:	11	60	263	281	302	354	445	458	459	603	
5318:	281	
5338:	10	429	
5343:	267	
5351:	517	
5366:	132	133	
5407:	260	
5424:	375	
5425:	263	
5428:	344	
5435:	13	233	242	340	377	
5452:	157	
5453:	157	
5454:	198	347	449	493	
5491:	429	
5507:	240	343	364	401	429	467	503	515	600	
5590:	317	
5602:	336	589	615	
5604:	336	589	
5605:	401	590	591	
5614:	560	
5631:	394	588	
5641:	1	
5653:	29	137	145	187	188	203	207	211	217	230	274	277	297	312	342	351	353	403	421	428	476	509	522	607	609	612	613	614	622	624	
5658:	179	260	
5698:	52	
5703:	227	
5704:	227	
5798:	190	
5801:	216	419	
5824:	90	160	164	216	426	
5825:	90	
5826:	164	
5827:	90	160	164	
5829:	216	426	
5830:	54	
5831:	134	178	
5847:	27	157	164	167	216	230	239	241	354	370	379	426	517	
5850:	364	617	
5885:	1	369	431	
5890:	277	
5918:	306	
5920:	45	471	472	
5934:	120	336	491	589	
5980:	273	
6010:	100	
6027:	17	18	126	145	149	188	200	210	236	327	429	503	611	612	
6095:	222	
6100:	306	
6104:	164	
6111:	13	
6118:	610	
6136:	575	
6220:	132	
6254:	496	
6280:	45	
6281:	74	101	121	142	168	202	211	219	220	255	279	282	283	297	311	328	345	390	429	458	459	495	496	498	622	
6284:	369	
6285:	284	
6320:	367	
6334:	219	458	459	
6356:	141	
6425:	98	
6450:	340	
6489:	338	
6504:	461	
6518:	310	
6561:	599	
6568:	132	225	327	
6606:	337	433	
6691:	241	
6692:	241	
6717:	15	364	
6745:	14	
6753:	263	590	591	
6754:	263	
6759:	395	
6763:	77	
6766:	364	
6775:	98	
6776:	98	
6783:	247	491	499	
6798:	211	
6804:	361	529	
6809:	65	
6811:	336	395	589	
6826:	131	
6828:	340	
6830:	340	
6870:	10	
6872:	581	
6883:	303	
6896:	354	
6922:	265	
6926:	534	585	
6936:	145	
6988:	29	284	311	336	354	461	528	552	589	607	
6989:	518	
7005:	509	532	
7012:	59	
7028:	429	
7030:	340	
7033:	227	
7041:	575	
7083:	60	
7087:	69	249	387	416	604	
7106:	384	385	
7116:	14	58	62	69	121	187	283	311	321	336	364	369	387	390	395	407	429	431	446	472	503	589	
7117:	364	
7119:	431	
7127:	387	
7128:	395	
7148:	142	387	
7149:	142	
7151:	52	110	118	451	471	531	607	
7173:	257	
7233:	423	
7239:	575	
7242:	568	
7244:	568	
7251:	244	
7253:	64	
7270:	37	
7272:	186	
7273:	186	
7276:	110	239	320	498	502	503	623	
7294:	623	
7306:	11	134	140	182	211	321	345	346	371	419	429	472	606	
7308:	606	
7317:	140	182	419	606	
7318:	371	
7320:	606	
7329:	575	
7333:	421	
7334:	433	
7336:	110	
7337:	110	
7338:	29	113	173	446	
7340:	503	
7343:	371	
7345:	11	170	211	364	433	503	
7369:	139	
7370:	110	207	502	
7380:	366	
7384:	342	
7393:	307	623	
7438:	323	
7459:	216	
7461:	145	
7488:	160	
7508:	164	244	471	
7521:	568	
7522:	568	
7555:	342	343	600	
7581:	433	
7585:	321	
7588:	327	620	
7593:	278	
7640:	5	
7648:	351	614	
7649:	351	614	
7650:	18	230	383	407	
7658:	137	157	187	203	211	315	317	378	401	448	601	608	
7659:	137	157	187	203	211	315	317	378	401	448	601	608	
7662:	137	157	211	315	317	378	601	
7663:	187	203	401	448	608	
7684:	219	220	241	287	320	351	374	416	429	451	458	459	502	614	
7728:	333	
7737:	178	
7744:	147	419	
7750:	431	
7756:	512	
7763:	568	
7778:	11	17	18	19	37	126	139	155	211	216	227	230	236	291	320	351	379	383	401	403	407	458	459	492	503	599	601	607	614	618	619	
7791:	320	
7797:	227	618	
7799:	503	
7805:	85	
7818:	102	131	441	461	583	612	
7826:	478	
7833:	147	210	306	343	401	403	600	
7839:	4	11	18	19	23	29	40	100	126	127	137	145	147	188	194	211	217	227	233	236	242	251	265	284	291	333	336	340	351	361	375	377	383	384	385	458	459	480	492	503	526	550	589	598	607	611	613	614	618	
7842:	217	613	
7860:	526	
7920:	82	
7922:	371	
7937:	340	
7994:	60	211	276	307	503	511	
7997:	62	
8002:	7	27	62	97	137	143	145	161	164	202	210	219	237	238	247	282	285	287	288	289	315	317	321	332	333	345	371	395	401	415	426	448	449	454	458	459	464	474	515	601	623	
8006:	5	8	23	31	187	394	546	
8017:	216	345	456	513	
8018:	513	
8031:	97	113	137	161	202	219	251	255	269	287	293	294	333	351	449	458	459	481	495	504	573	601	614	620	
8034:	97	202	
8157:	496	
8159:	467	
8166:	121	240	
8167:	168	
8169:	602	
8175:	350	
8178:	495	
8183:	15	241	286	300	421	
8187:	222	237	238	288	289	331	513	
8197:	61	148	150	217	292	513	613	618	
8216:	148	178	
8219:	601	
8235:	532	534	540	
8246:	189	476	511	
8469:	390	
8518:	621	
8528:	150	157	185	225	415	429	
8540:	476	
8577:	297	622	
8597:	14	
8603:	145	149	237	238	265	288	289	291	415	599	
8607:	340	345	
8630:	351	614	
8671:	10	65	94	131	185	194	239	351	364	601	614	
8673:	185	
8674:	185	
8686:	173	
8731:	14	31	143	292	295	432	616	
8747:	452	
8763:	151	
8771:	350	
8795:	610	
8796:	170	
8797:	174	587	
8804:	374	375	
8805:	374	375	
8820:	476	
8895:	531	
8956:	375	
8969:	517	
8991:	78	
8992:	78	
8999:	5	8	23	31	143	173	317	345	351	448	606	614	
9001:	5	
9010:	608	
9028:	239	
9042:	90	
9045:	512	
9136:	149	
9139:	14	531	
9140:	531	
9141:	531	
9153:	37	340	
9154:	340	
9201:	431	
9204:	19	37	100	126	236	403	480	
9236:	241	
9237:	471	
9247:	422	
9250:	621	
9251:	621	
9297:	351	458	459	480	614	
9314:	4	295	598	
9336:	40	52	100	171	211	256	291	401	507	513	623	
9354:	241	
9368:	239	
9398:	83	
9408:	560	
9514:	276	
9541:	4	10	17	29	37	40	60	100	104	120	137	145	150	167	174	180	188	200	210	217	222	227	230	231	233	242	260	263	291	295	310	323	333	334	340	344	345	351	361	363	377	383	384	385	401	428	433	448	449	480	482	499	503	504	507	513	517	532	534	540	567	590	591	598	601	603	607	609	613	614	619	624	625	
9544:	310	
9545:	37	40	
9547:	260	310	
9552:	237	238	288	289	
9557:	4	598	
9579:	34	422	
9591:	270	
9593:	270	
9594:	270	
9609:	14	274	429	
9610:	7	14	29	62	69	101	126	131	132	133	134	139	145	149	157	167	168	170	173	176	189	210	211	225	236	237	238	239	241	253	262	263	265	272	281	282	283	285	287	288	289	291	297	302	307	333	336	342	343	345	351	354	361	363	369	370	395	414	415	426	429	448	449	472	474	491	503	504	512	515	517	589	599	600	607	610	611	614	622	
9613:	133	
9616:	82	
9626:	441	
9635:	211	610	
9650:	583	
9735:	421	
9754:	162	556	
9772:	421	
9787:	58	217	327	613	
9791:	327	
9796:	58	
9797:	297	622	
9806:	297	507	529	622	
9827:	461	496	
9838:	529	
9841:	1	14	110	606	
9861:	203	
9901:	387	
9917:	118	387	
9938:	75	
9948:	170	
9991:	568	
10017:	617	
10026:	139	
10027:	139	
10049:	13	44	121	137	139	155	163	180	194	203	216	231	239	253	266	269	304	315	318	329	336	370	379	426	452	495	502	517	531	589	611	615	619	
10052:	13	44	121	137	139	155	163	180	216	231	239	266	304	318	329	336	370	379	426	452	495	502	517	531	589	611	615	
10053:	13	44	121	137	139	155	163	180	216	231	239	266	304	318	329	336	379	426	452	495	502	517	531	589	611	615	
10061:	134	163	194	239	243	336	379	451	589	618	
10107:	91	621	
10126:	194	
10179:	263	
10182:	83	
10199:	371	609	624	
10246:	143	
10254:	90	249	304	321	345	
10257:	304	
10272:	141	
10273:	141	
10277:	14	137	145	157	176	210	211	220	233	240	242	269	282	283	303	317	331	333	336	377	401	403	407	416	448	495	496	498	503	512	515	589	
10285:	240	
10288:	14	
10291:	145	157	210	269	317	333	401	403	407	416	448	512	515	
10297:	507	
10325:	179	260	409	
10333:	178	
10345:	49	54	60	173	217	255	274	277	342	613	
10349:	31	34	64	148	158	178	210	222	265	307	369	401	422	449	476	504	
10358:	34	240	346	
10360:	610	
10375:	241	
10377:	65	
10388:	34	244	345	351	614	
10400:	299	
10402:	178	321	345	
10424:	452	
10426:	210	512	
10433:	137	354	465	
10437:	23	276	
10445:	350	
10549:	150	
10572:	142	451	
10575:	110	220	279	306	455	491	
10578:	185	203	
10579:	491	
10590:	446	
10668:	29	110	387	503	
10692:	37	
10749:	11	17	18	19	34	40	126	155	180	200	216	219	236	241	428	458	459	476	501	609	624	
10751:	421	
10777:	239	
10816:	4	334	361	405	598	
10823:	350	
10832:	455	
10833:	455	
10837:	164	
10853:	342	
10871:	340	345	
10924:	532	534	540	
10972:	465	
10993:	178	
10997:	345	
11043:	274	
11078:	407	
11107:	1	
11126:	590	
11137:	176	209	260	265	269	273	
11144:	278	451	
11150:	278	
11151:	278	
11177:	23	152	220	263	300	350	390	461	496	
11181:	300	
11189:	152	263	461	
11195:	239	515	
11211:	135	
11255:	58	90	464	
11265:	90	
11305:	210	
11383:	92	
11392:	361	
11393:	134	141	178	190	306	348	
11399:	134	
11404:	348	
11410:	137	145	150	157	210	269	317	403	408	448	512	515	619	
11413:	137	210	269	512	515	
11415:	137	210	269	512	515	
11418:	143	247	454	495	
11421:	265	
11423:	121	403	495	
11460:	37	
11564:	142	
11610:	1	7	11	14	17	29	52	58	97	113	127	132	134	141	142	143	148	161	168	185	190	202	203	217	225	237	238	241	253	274	276	288	289	306	307	329	333	336	345	351	353	363	378	415	421	422	429	433	444	446	454	472	476	481	495	589	606	613	614	
11624:	241	
11630:	331	
11644:	14	287	300	503	
11647:	14	287	503	
11652:	529	618	
11662:	461	
11696:	401	
11706:	14	133	166	203	240	252	321	345	364	394	499	502	561	
11720:	240	
11733:	252	
11745:	14	17	45	72	91	104	115	149	157	163	166	167	170	175	205	209	220	230	239	243	244	252	253	257	274	290	304	308	312	316	323	343	370	379	411	414	448	449	465	466	518	520	522	600	616	
11747:	170	343	449	600	
11748:	91	115	166	167	175	220	239	244	252	257	290	312	343	449	600	
11749:	72	
11750:	244	
11751:	149	253	518	
11761:	45	72	73	101	145	157	166	167	220	239	241	243	290	312	423	438	449	465	516	522	
11762:	72	220	
11763:	241	
11764:	72	243	312	423	438	
11765:	157	465	
11829:	205	
11831:	83	
11855:	446	
11967:	251	384	385	458	459	
11998:	1	
12003:	64	279	321	369	503	
12021:	58	
12026:	58	
12051:	137	143	230	241	273	286	300	351	387	390	401	421	495	496	498	515	560	614	
12074:	278	351	614	
12120:	37	
12142:	29	
12175:	515	
12178:	515	
12183:	415	
12231:	421	
12253:	351	614	
12254:	351	614	
12263:	110	
12287:	38	
12299:	429	
12304:	121	240	333	336	351	431	512	515	589	614	
12356:	467	
12360:	351	614	
12388:	62	
12399:	4	7	14	29	62	95	210	211	262	285	287	306	363	364	387	415	454	495	598	601	623	
12400:	4	7	14	29	62	95	210	211	262	285	287	306	363	387	415	454	495	598	601	623	
12401:	364	
12405:	471	
12408:	270	
12409:	272	
12413:	14	37	165	167	220	240	241	272	304	343	345	426	428	439	448	471	532	534	540	600	
12414:	240	439	
12415:	241	
12418:	448	
12421:	272	
12427:	304	426	
12428:	272	433	
12433:	272	414	
12436:	127	
12496:	211	219	
12589:	78	
12621:	513	575	
12638:	65	
12654:	453	
12655:	453	
12672:	145	180	474	608	
12681:	82	
12695:	526	
12714:	13	14	127	217	583	613	
12757:	82	
12765:	495	
12788:	263	
12793:	241	
12796:	290	343	449	600	
12801:	241	
12804:	364	
12809:	301	342	463	
12811:	284	
12816:	350	
12819:	461	
12820:	461	
12822:	320	502	
12958:	4	137	361	598	
13031:	151	
13053:	353	
13067:	453	
13088:	348	
13104:	37	
13105:	407	
13113:	297	622	
13136:	515	
13155:	292	297	622	
13168:	375	
13169:	375	
13188:	310	
13194:	431	
13197:	431	
13206:	141	190	310	
13238:	14	
13249:	5	8	11	29	31	34	60	62	64	74	113	120	137	143	145	150	157	158	173	174	180	185	187	200	210	222	237	238	251	255	256	265	273	291	295	299	307	312	321	337	340	342	344	345	351	363	373	374	375	383	401	414	419	424	433	449	458	459	476	486	491	499	504	513	526	609	614	623	624	
13250:	273	
13256:	5	64	299	307	321	424	
13258:	344	
13260:	60	110	345	
13264:	307	
13265:	60	211	276	307	511	
13273:	173	
13284:	11	
13287:	307	
13289:	312	
13359:	13	145	157	170	210	241	269	274	304	403	429	504	507	559	607	623	
13426:	350	
13440:	244	
13480:	491	
13503:	13	
13522:	283	
13525:	62	127	139	141	142	190	210	211	270	331	348	472	512	532	534	540	556	611	
13538:	472	512	
13581:	607	
13582:	58	327	
13588:	60	161	222	371	476	495	496	511	
13592:	476	511	
13668:	16	
13677:	4	361	598	
13684:	143	157	170	185	203	210	211	308	317	336	342	364	401	429	464	589	608	
13685:	170	336	589	
13686:	139	141	194	240	252	306	472	
13689:	252	
13692:	14	133	157	174	203	297	336	461	464	474	589	608	622	
13693:	174	464	
13694:	297	622	
13701:	118	
13708:	364	
13711:	364	
13714:	11	13	44	139	145	176	269	336	408	416	452	515	589	610	
13717:	14	95	131	185	210	343	351	364	429	448	493	561	600	607	611	614	
13721:	139	599	
13723:	460	
13725:	460	
13841:	150	182	240	283	387	395	495	503	
13843:	182	240	495	
13846:	273	
13849:	336	472	498	589	
13862:	552	
13881:	421	
13899:	27	164	216	381	421	517	
13907:	34	58	178	220	263	327	444	503	
14006:	336	532	534	540	589	
14013:	194	
14055:	27	97	364	
14087:	164	
14158:	190	
14168:	307	
14176:	4	546	550	567	572	598	
14179:	29	
14198:	217	270	361	363	414	613	623	
14264:	553	
14322:	190	
14323:	503	
14338:	185	188	202	211	219	233	237	238	242	256	288	289	340	377	415	520	
14339:	219	415	
14344:	137	150	170	182	210	220	240	249	269	308	322	323	332	333	401	403	407	416	496	503	504	512	515	
14346:	332	
14347:	496	
14349:	458	459	
14351:	85	282	360	371	
14354:	282	
14362:	110	139	176	220	348	371	503	
14364:	139	348	
14365:	619	
14366:	340	384	385	
14367:	15	253	444	482	526	612	
14368:	482	
14386:	58	
14392:	572	
14417:	45	83	297	622	
14449:	83	129	297	622	
14450:	129	
14458:	583	
14459:	297	622	
14476:	1	4	5	8	19	29	44	58	65	85	100	120	126	145	148	150	157	158	174	180	202	211	217	236	255	265	287	291	292	295	296	297	298	322	327	331	351	360	363	369	375	390	401	458	459	491	492	494	503	504	513	526	598	601	611	612	613	614	618	622	623	
14482:	298	
14486:	292	
14492:	297	298	622	
14496:	583	
14522:	101	203	210	287	299	336	429	464	491	526	589	608	611	612	
14523:	299	
14539:	283	336	351	532	534	540	589	614	
14546:	336	532	534	540	589	
14573:	29	34	148	180	274	291	300	401	422	482	503	507	
14580:	482	
14601:	38	
14615:	434	
14619:	340	361	601	
14629:	19	78	100	126	161	166	185	200	211	217	227	233	236	242	256	263	274	282	283	291	295	301	311	342	351	361	367	369	371	377	403	407	491	492	495	496	498	503	526	601	603	613	614	
14630:	371	
14631:	282	
14634:	491	
14635:	233	242	377	
14648:	434	
14649:	434	
14650:	434	
14654:	354	
14658:	18	251	401	458	459	608	619	
14659:	29	38	126	211	236	607	611	
14663:	623	
14683:	277	
14688:	131	265	282	407	420	436	612	
14692:	145	210	323	350	364	620	
14694:	350	
14704:	207	
14707:	327	
14715:	83	
14716:	83	
14720:	83	327	348	
14728:	149	253	256	
14731:	132	
14732:	10	
14735:	219	458	459	
14738:	441	
14746:	29	
14820:	109	
14830:	266	
14831:	13	71	97	202	213	214	219	226	233	237	238	242	251	256	285	288	289	314	340	374	377	384	385	415	441	458	459	468	478	513	514	562	
14832:	441	
14835:	13	97	202	213	214	219	237	238	288	289	374	415	458	459	478	513	
14836:	71	97	202	213	214	219	226	233	237	238	242	251	256	285	288	289	314	340	374	377	384	385	415	458	459	468	478	514	562	
14837:	13	233	242	340	377	
14852:	270	
14863:	474	
14866:	307	
14870:	10	342	608	
14887:	527	528	
14888:	527	
14890:	7	19	27	532	534	540	551	552	568	603	
14891:	7	19	27	532	534	540	551	552	568	603	
14894:	311	
14919:	82	85	434	
14920:	575	
14922:	85	
14923:	476	
14924:	139	
14929:	82	
14930:	82	
14937:	512	
14947:	139	306	
14958:	5	6	7	8	10	11	13	14	16	17	18	19	23	28	29	31	37	40	52	59	62	64	69	70	71	78	83	84	93	94	95	96	97	99	100	104	110	111	115	120	126	127	131	137	139	143	145	148	149	150	152	155	157	158	161	162	163	165	166	167	168	170	173	174	176	180	182	185	187	188	189	193	200	202	203	210	211	213	214	216	217	219	220	222	225	227	230	231	232	233	236	237	238	239	241	242	247	250	251	252	253	256	263	264	265	269	273	274	276	281	282	283	284	285	287	288	289	291	293	295	297	298	299	301	304	305	307	308	311	312	315	317	320	321	322	323	329	331	333	334	336	340	342	343	344	345	350	351	353	354	360	361	363	364	369	370	371	373	374	375	377	378	383	384	385	401	403	407	408	414	415	416	424	428	429	431	432	444	448	449	454	455	456	458	459	461	463	464	465	467	474	476	477	478	480	481	482	491	492	499	501	502	503	504	507	512	513	515	517	522	526	529	547	553	565	588	589	599	600	601	604	605	606	607	608	609	610	611	612	613	614	615	618	619	620	621	622	624	625	
14959:	461	
14960:	99	241	297	298	320	461	502	622	
14961:	115	
14962:	137	157	187	203	211	269	315	317	378	401	407	448	601	608	
14963:	312	504	
14964:	29	284	
14965:	152	364	
14966:	220	331	401	
14967:	29	110	126	236	247	333	351	491	608	614	
14968:	340	
14969:	504	
14970:	284	373	383	463	553	
14971:	148	
14972:	284	615	
14973:	5	13	18	23	29	31	37	40	64	70	78	96	111	120	126	168	176	193	200	203	210	225	232	236	247	264	269	281	282	284	293	297	298	308	312	321	322	331	333	334	342	361	363	371	373	378	383	401	407	415	424	455	461	463	464	467	477	481	482	491	499	512	515	526	601	605	606	609	618	620	622	624	
14974:	239	241	323	334	401	501	
14977:	17	37	52	64	97	126	139	150	202	203	236	241	250	264	307	344	354	465	474	482	499	517	610	
14978:	17	216	230	253	304	
14980:	453	
14992:	104	230	263	345	354	371	452	511	621	
15018:	277	
15038:	307	367	
15040:	176	220	
15041:	176	220	
15044:	4	38	62	121	126	165	179	230	233	236	242	321	340	343	345	360	371	377	449	503	598	600	
15078:	4	8	23	29	31	34	40	45	60	100	113	120	137	141	143	145	148	157	158	166	174	187	210	211	217	222	230	233	237	238	242	253	256	265	274	276	287	288	289	291	294	295	312	322	323	340	345	351	360	361	363	371	373	374	375	377	384	385	401	403	408	422	432	433	448	449	491	495	498	503	504	513	515	526	598	601	613	614	618	621	623	
15144:	60	174	203	216	287	315	394	408	429	433	441	474	
15147:	185	
15177:	45	304	354	376	449	508	
15182:	167	354	
15206:	10	44	96	137	143	145	157	170	174	176	185	203	210	211	217	265	281	315	317	336	342	351	364	375	403	408	429	452	464	467	491	515	589	599	608	610	613	614	619	
15207:	44	145	176	336	408	452	515	589	
15222:	350	
15251:	177	375	492	587	
15252:	177	492	
15264:	17	19	100	110	126	231	236	250	263	403	445	480	492	529	603	607	609	623	624	
15267:	69	181	217	311	367	552	613	
15276:	370	
15280:	7	18	40	100	137	148	150	167	256	272	291	340	345	361	381	384	385	401	403	422	477	482	499	503	609	624	
15285:	422	
15287:	422	
15288:	381	
15292:	95	174	416	491	608	
15293:	416	
15294:	17	18	19	100	126	145	157	203	217	236	251	322	340	351	361	403	458	459	492	599	607	613	614	
15295:	29	
15300:	512	
15305:	422	
15314:	131	378	
15315:	13	211	401	415	503	611	
15319:	31	104	387	456	461	612	
15355:	4	37	167	241	272	361	381	383	422	449	504	532	534	540	598	625	
15356:	361	
15372:	328	
15481:	52	575	
15500:	69	
15564:	407	
15574:	531	
15577:	96	145	157	176	185	210	265	287	317	364	403	474	491	527	611	
15585:	12	111	155	157	185	211	329	392	
15586:	155	
15594:	152	
15626:	306	444	531	
15627:	531	
15637:	23	45	
15647:	610	
15692:	205	
15711:	45	
15748:	350	
15798:	334	360	455	
15815:	170	
15819:	211	219	
15820:	211	219	
15835:	405	
15843:	166	
15849:	467	
15861:	45	166	449	
15873:	45	73	90	160	210	237	238	288	289	328	346	369	439	442	471	612	616	
15875:	83	325	
15881:	7	11	29	34	38	58	60	62	90	94	95	126	127	134	137	148	158	161	164	165	167	168	176	178	203	216	222	227	230	236	237	238	239	241	244	247	274	277	278	279	282	286	287	288	289	293	300	304	306	312	317	321	327	329	331	345	348	354	378	381	387	390	403	421	428	429	431	446	448	449	471	472	491	496	499	503	511	532	534	540	599	601	602	606	
15885:	244	
15890:	306	429	
15897:	203	274	329	378	
15906:	279	
15937:	4	34	598	
15957:	149	
15960:	85	
15965:	58	131	169	296	320	327	451	556	
15969:	58	169	327	
15975:	511	
16060:	161	180	203	247	269	293	312	
16062:	403	
16086:	620	
16118:	239	
16126:	185	211	240	282	408	619	
16127:	185	211	408	619	
16163:	127	237	238	239	241	288	289	297	307	327	367	369	449	476	622	
16167:	348	472	
16238:	10	14	83	110	128	142	174	186	203	207	248	279	282	311	320	327	336	429	451	464	495	502	561	589	607	
16239:	83	186	279	282	320	495	502	
16251:	13	14	17	29	58	94	96	97	104	134	137	166	168	174	176	178	185	189	202	210	211	217	219	227	247	287	297	306	312	315	322	327	333	336	342	343	351	371	374	379	395	401	414	448	458	459	472	476	478	492	495	511	512	589	600	610	613	614	622	
16254:	13	29	134	137	315	333	351	371	614	
16258:	178	452	503	
16278:	551	
16306:	575	
16339:	178	
16349:	145	
16393:	225	
16544:	340	
16593:	176	283	
16672:	142	320	
16720:	97	137	187	202	203	216	231	255	297	340	395	449	517	620	622	
16721:	395	
16746:	7	19	45	126	236	244	297	336	589	622	
16774:	141	
16775:	297	622	
16779:	151	
16780:	151	
16848:	14	
16876:	531	
16890:	222	225	
16891:	222	
16912:	110	240	283	300	
16935:	419	
16951:	565	
16956:	565	
16981:	540	
16991:	230	
17012:	331	
17024:	28	517	531	
17027:	623	
17064:	142	
17179:	361	
17194:	361	433	601	
17200:	5	157	173	307	
17203:	390	532	534	540	
17241:	421	
17246:	239	
17293:	366	
17302:	128	
17312:	178	
17397:	534	540	
17399:	23	
17408:	517	
17432:	625	
17460:	89	
17479:	211	
17485:	237	238	
17486:	5	
17493:	143	
17494:	137	
17541:	608	
17652:	403	
17660:	150	401	512	
17663:	227	340	478	601	
17676:	297	622	
17677:	407	
17680:	29	145	165	166	189	210	230	231	255	263	265	274	378	407	495	607	608	611	619	
17693:	625	
17852:	54	
17858:	387	
18006:	590	
18056:	463	
18057:	240	
18101:	143	
18106:	421	568	
18107:	421	
18115:	331	
18119:	12	78	282	
18120:	12	
18122:	290	
18123:	317	
18124:	291	
18126:	295	610	
18175:	4	10	11	29	31	34	62	74	89	100	120	137	139	145	148	157	158	174	180	189	194	202	210	217	222	237	238	251	253	255	265	274	276	288	289	291	304	306	312	321	323	342	344	345	351	363	374	375	383	401	428	449	458	459	491	503	504	507	513	598	601	609	613	614	623	624	
18186:	139	306	
18187:	139	
18195:	139	321	
18201:	139	344	
18267:	340	
18282:	170	
18283:	170	
18290:	170	
18295:	110	
18323:	273	
18336:	147	
18367:	273	
18382:	104	230	342	361	601	
18397:	371	403	431	623	
18412:	132	
18417:	19	126	217	230	233	236	242	251	377	401	403	458	459	480	492	503	613	618	
18424:	139	141	348	
18426:	132	
18556:	189	
18584:	134	
18648:	588	
18657:	69	312	369	374	405	496	522	619	
18658:	522	
18682:	237	238	288	289	
18700:	14	449	
18768:	444	
18786:	187	
18800:	513	
18897:	121	
18961:	82	371	
19004:	40	283	334	342	360	455	
19005:	342	
19006:	283	
19022:	7	34	62	145	170	178	180	189	276	283	387	433	449	451	452	503	513	623	
19030:	178	283	387	503	
19032:	211	
19047:	371	
19073:	588	
19177:	390	
19215:	15	
19236:	283	478	
19245:	143	619	
19257:	421	606	
19264:	575	
19269:	401	
19279:	27	351	614	
19301:	421	
19304:	77	148	230	310	317	351	363	429	504	614	
19325:	323	
19334:	325	
19349:	137	
19353:	10	429	467	
19354:	265	
19430:	412	
19492:	449	534	
19510:	170	
19536:	166	
19541:	7	311	422	482	
19573:	323	
19595:	273	
19612:	273	
19678:	131	
19746:	409	
19802:	486	
19879:	231	
19897:	40	110	142	233	242	311	334	340	361	377	401	444	455	465	607	609	624	625	
19898:	40	361	455	607	609	624	625	
19899:	142	233	242	377	625	
19909:	173	176	249	284	312	321	329	345	403	454	462	486	499	504	588	
19910:	284	
19929:	334	353	361	531	623	
19966:	19	40	126	236	340	361	403	455	480	492	
19967:	40	
19968:	340	361	
19992:	407	
20008:	6	
20017:	374	375	
20077:	5	237	238	288	289	625	
20119:	230	
20121:	517	
20214:	77	
20216:	99	115	
20217:	115	
20225:	364	
20311:	28	
20318:	503	
20343:	5	113	293	295	340	360	361	378	432	498	503	
20346:	441	
20347:	441	
20391:	190	
20396:	190	
20404:	7	13	97	149	202	216	225	287	329	333	351	378	495	496	611	614	
20417:	253	
20452:	431	
20508:	325	
20513:	82	
20543:	487	
20546:	486	
20562:	219	
20580:	550	567	582	
20599:	517	
20609:	621	
20653:	77	
20658:	409	
20672:	19	126	145	236	295	351	403	471	495	504	614	618	
20679:	116	503	
20705:	19	126	190	236	472	480	492	
20729:	530	
20740:	38	188	370	
20741:	38	
20742:	38	
20752:	260	
20872:	608	
20893:	4	178	217	277	598	613	
20895:	142	
20902:	127	217	351	401	613	614	
20921:	13	
20939:	60	
20940:	371	
20964:	23	
20973:	85	
21002:	178	
21005:	220	
21009:	211	220	
21020:	45	387	471	
21022:	471	
21023:	471	
21038:	15	
21046:	278	294	
21063:	4	7	28	29	31	34	52	59	62	64	74	94	100	104	143	145	155	158	163	165	168	174	176	179	180	185	189	203	222	227	231	241	255	263	265	276	287	299	305	311	312	317	321	323	345	351	360	364	371	373	381	383	392	403	414	416	419	421	422	424	432	433	448	449	451	454	456	474	477	482	486	504	507	575	588	598	599	602	603	606	608	614	621	623	
21112:	260	
21113:	260	
21119:	7	11	34	38	95	174	200	230	295	299	306	363	428	464	472	474	532	534	540	603	607	609	624	
21136:	139	190	
21189:	137	
21216:	429	
21224:	303	
21246:	45	
21248:	45	
21254:	149	166	170	253	343	449	600	
21257:	89	283	503	
21270:	29	89	134	174	203	244	287	321	345	346	375	429	436	441	464	471	474	491	508	583	607	608	615	
21272:	441	
21283:	134	321	345	346	429	
21287:	583	
21297:	607	608	
21302:	203	
21305:	174	203	287	375	436	464	474	491	615	
21306:	89	
21331:	29	
21348:	14	37	72	91	157	209	220	239	241	272	323	343	354	370	384	385	414	433	449	458	459	504	600	623	
21350:	354	
21452:	284	
21468:	72	243	312	423	438	
21471:	241	
21501:	1	14	17	27	37	72	75	90	91	93	104	115	122	157	160	163	164	165	166	167	170	175	209	216	217	220	224	227	230	231	239	240	241	243	244	252	253	254	257	266	272	274	290	301	304	308	312	316	323	343	351	354	370	379	403	414	418	426	429	448	449	458	459	465	466	467	490	494	504	517	520	522	531	600	613	614	616	
21502:	14	37	166	241	370	458	459	517	
21503:	1	17	27	72	75	104	122	163	165	166	167	170	216	220	224	227	230	231	239	241	243	252	253	254	274	290	301	304	312	316	323	343	370	379	414	418	426	448	449	465	466	467	490	494	517	520	522	531	600	
21506:	72	209	220	
21507:	252	
21509:	449	
21510:	164	
21511:	449	
21513:	231	
21516:	104	167	231	
21518:	93	164	167	216	227	354	426	449	
21519:	27	164	308	449	
21520:	27	164	308	449	
21523:	216	
21527:	38	240	249	284	431	
21564:	351	614	
21610:	292	
21611:	421	
21635:	310	
21658:	277	
21695:	16	
21743:	552	
21827:	283	
21830:	211	
21832:	422	480	
21842:	331	
21848:	8	403	
21849:	403	
21870:	5	8	16	176	227	230	276	287	321	323	342	403	455	467	513	602	620	
21871:	276	620	
21875:	179	260	409	
21886:	351	364	601	614	
21888:	37	
21905:	113	217	342	613	
21906:	342	
21919:	441	
21932:	260	
22022:	331	
22029:	621	
22046:	133	
22047:	133	
22055:	237	238	288	289	340	384	385	415	
22118:	340	
22135:	297	622	
22137:	137	
22139:	11	38	84	104	155	163	164	165	166	167	202	211	216	230	231	239	241	251	304	323	334	351	370	384	385	428	449	458	459	476	517	522	526	531	611	614	
22140:	166	
22163:	308	517	
22165:	308	517	
22189:	433	
22192:	27	
22193:	27	
22195:	170	185	211	220	282	317	333	401	407	448	
22197:	170	
22199:	137	170	220	269	333	407	
22200:	157	203	291	
22202:	34	
22223:	210	
22224:	19	126	236	480	
22283:	239	
22299:	395	
22302:	363	515	603	
22307:	278	
22312:	217	613	
22322:	188	274	340	351	361	363	614	
22361:	34	240	346	
22385:	248	
22407:	471	
22435:	472	
22437:	472	
22449:	190	
22450:	190	
22494:	471	
22496:	476	
22502:	1	90	121	133	139	178	283	297	336	461	589	622	
22507:	1	
22515:	390	
22559:	297	622	
22767:	82	
22771:	7	16	18	19	37	40	85	100	110	126	168	174	188	210	227	231	233	236	242	251	277	291	311	340	351	364	377	378	401	403	407	428	448	458	459	480	496	503	529	601	603	611	614	618	619	625	
22776:	7	277	
22783:	4	12	29	59	62	74	89	142	150	165	166	174	187	210	211	217	231	241	255	262	269	274	276	299	302	305	306	307	317	331	342	354	355	363	375	381	405	407	421	426	428	429	433	477	526	532	534	540	598	602	603	608	613	615	620	621	623	
22786:	306	532	534	540	
22800:	407	
22804:	461	
22811:	239	
22835:	237	238	
22836:	237	238	
22931:	203	
22950:	151	
22978:	145	
23056:	556	
23066:	556	
23094:	11	40	90	120	137	145	148	162	200	217	251	274	329	344	351	401	442	458	459	482	496	504	507	552	556	609	613	614	618	624	
23106:	552	
23107:	556	
23116:	10	165	210	241	361	
23175:	205	
23192:	409	
23204:	28	64	307	433	
23241:	137	
23247:	185	266	429	
23256:	60	371	
23316:	126	236	284	
23323:	15	
23362:	141	244	
23368:	121	131	194	203	211	230	241	286	295	609	624	
23381:	97	202	219	374	458	459	
23411:	270	
23421:	137	
23435:	364	426	
23436:	364	426	
23443:	231	551	
23444:	551	
23451:	520	
23521:	37	
23568:	297	622	
23571:	69	369	431	
23578:	1	310	387	
23602:	292	
23637:	1	69	110	139	220	503	511	
23667:	350	
23733:	27	444	
23736:	502	
23781:	426	
23798:	306	344	
23810:	77	361	381	420	507	607	
23814:	381	
23828:	37	113	247	322	361	
23849:	131	151	217	274	277	364	461	498	613	
23851:	217	274	277	613	
23862:	369	
23870:	207	307	620	
23903:	406	
23910:	244	364	460	
23939:	127	147	
23954:	29	
23956:	61	
23970:	575	
24006:	82	
24023:	498	
24042:	513	
24106:	498	
24108:	498	
24124:	222	
24163:	421	
24168:	449	
24169:	449	
24170:	15	
24179:	15	
24228:	348	
24230:	348	
24235:	348	
24236:	348	
24265:	348	
24269:	348	
24302:	369	
24316:	284	615	
24343:	369	
24377:	241	599	
24386:	77	327	361	384	385	
24407:	13	58	110	120	139	149	161	168	182	185	210	211	217	219	241	253	269	278	282	293	320	351	360	361	371	383	395	401	415	421	426	495	498	503	607	608	613	614	618	
24408:	120	
24410:	278	
24424:	168	
24427:	58	
24443:	110	308	364	
24445:	110	
24453:	239	
24454:	606	
24455:	606	
24458:	306	
24459:	306	
24465:	139	142	240	286	300	405	503	
24540:	320	
24544:	292	
24566:	37	
24613:	178	491	513	
24636:	8	17	31	40	52	60	62	64	65	74	89	100	104	131	134	137	142	143	145	150	173	174	176	178	187	200	203	211	225	237	238	265	277	278	282	287	288	289	291	295	297	299	308	315	317	327	329	333	345	350	354	360	364	378	401	403	405	428	432	449	451	452	464	477	478	504	599	601	603	620	622	
24638:	31	173	187	278	299	317	345	432	464	
24641:	62	74	100	104	137	145	150	174	176	200	203	211	225	265	282	291	308	315	333	350	360	401	403	428	451	452	601	603	
24646:	426	550	625	
24681:	360	
24721:	127	327	445	461	532	534	540	556	
24753:	441	
24755:	173	
24771:	421	
24777:	4	14	23	125	158	185	227	307	496	532	534	540	598	623	
24778:	239	
24780:	15	
24786:	49	318	
24808:	599	
24810:	14	84	
24825:	4	29	31	97	113	120	126	167	202	236	241	331	333	336	351	401	429	448	454	491	499	589	598	614	
24841:	559	
24845:	8	10	13	29	31	34	44	52	60	61	62	64	65	78	94	97	100	101	104	111	113	120	121	126	131	133	137	139	141	142	145	149	150	155	157	158	161	163	166	170	173	174	176	178	180	182	185	187	200	202	203	210	211	216	217	219	222	225	227	230	231	236	239	241	247	252	253	255	260	263	265	266	269	273	274	276	277	278	280	282	283	284	286	287	291	293	294	295	298	299	300	304	306	307	308	312	315	317	318	322	327	329	331	333	336	339	343	344	348	350	351	353	354	360	363	371	375	378	379	381	387	390	395	401	403	407	415	416	421	422	424	426	428	429	432	441	444	446	448	452	454	458	459	461	464	467	474	476	478	482	486	491	492	495	499	502	503	507	511	513	515	517	518	522	531	556	559	560	589	599	600	601	606	607	608	609	610	611	613	614	615	619	620	623	624	625	
24852:	12	14	17	29	38	62	65	73	74	104	126	131	137	142	143	148	150	157	161	165	167	173	176	187	200	203	210	217	219	236	237	238	239	241	253	254	257	262	273	274	276	277	282	285	287	288	289	290	297	300	302	306	308	316	317	321	333	336	343	345	369	370	403	415	429	433	448	449	458	459	463	465	467	486	503	504	507	522	526	552	559	560	583	589	600	604	610	613	622	
24855:	210	
24857:	253	
24860:	14	29	62	126	173	236	285	297	345	415	448	610	622	
24866:	161	336	589	
24867:	203	321	345	
24870:	150	200	333	
24872:	217	613	
24873:	62	137	287	317	449	
24876:	486	
24888:	148	274	306	321	369	
24897:	601	
24898:	515	610	
24901:	145	265	
24903:	19	126	236	480	492	
24905:	401	
24910:	512	
24919:	286	300	310	353	446	509	560	
24938:	6	
24959:	151	
24963:	474	
24996:	340	
25011:	37	157	361	375	415	432	491	
25029:	34	148	345	361	422	
25046:	326	
25051:	147	292	
25052:	292	
25112:	7	8	29	34	52	137	143	158	174	210	222	230	255	276	287	340	345	360	361	363	375	384	385	387	422	432	433	448	515	601	620	623	
25122:	608	
25197:	621	
25206:	498	
25252:	321	513	
25258:	498	
25279:	120	233	242	
25295:	297	622	
25301:	292	337	390	
25305:	337	
25374:	150	188	567	623	
25377:	512	
25381:	461	
25403:	110	444	
25409:	58	327	
25411:	58	327	
25439:	239	241	323	334	401	501	
25445:	65	113	132	141	190	331	443	507	515	561	
25451:	1	4	62	95	126	127	131	137	167	236	241	277	315	321	342	345	351	354	363	407	429	458	459	507	552	598	603	614	625	
25459:	512	
25567:	73	237	238	288	289	612	
25571:	11	40	
25574:	207	
25578:	189	458	459	476	
25616:	363	
25667:	127	139	
25692:	498	
25784:	139	217	351	503	613	614	
25793:	264	
25934:	244	
25941:	190	
25953:	219	343	458	459	600	
25977:	5	14	52	120	127	203	240	274	283	311	321	334	387	390	454	476	482	503	607	
25978:	5	14	120	127	240	274	283	311	321	334	387	390	454	476	482	607	
25983:	97	137	202	
25984:	168	220	340	384	385	407	415	455	491	515	601	
25985:	220	455	491	
25986:	515	
25987:	340	384	385	415	
26003:	531	
26042:	375	
26046:	367	
26153:	147	292	
26173:	292	
26278:	27	164	216	241	252	304	308	370	449	465	517	531	550	
26279:	27	531	
26280:	27	216	
26281:	27	
26288:	253	
26344:	278	
26442:	291	
26455:	29	291	
26504:	44	207	587	
26531:	82	
26534:	44	207	568	
26558:	49	
26635:	340	
26642:	625	
26675:	369	
26688:	27	
26698:	331	
26754:	211	219	
26778:	1	
26848:	113	
26851:	241	
26853:	61	69	148	274	283	300	306	321	345	369	387	431	472	
26890:	610	
26900:	283	
26903:	283	
26994:	608	
27001:	167	
27016:	77	
27023:	318	
27108:	286	
27112:	203	
27127:	300	
27174:	444	
27275:	14	89	127	134	139	141	142	148	190	200	249	277	279	283	306	348	387	390	395	431	449	467	472	476	503	601	
27277:	306	472	
27290:	367	
27291:	517	
27295:	207	348	
27329:	318	
27338:	178	
27356:	621	
27357:	621	
27386:	14	
27409:	151	
27482:	190	
27584:	16	40	168	219	227	237	238	287	288	289	340	361	384	385	415	618	
27595:	82	
27596:	82	
27600:	82	
27603:	531	
27617:	110	142	351	354	422	614	
27627:	278	495	
27633:	220	
27637:	203	
27657:	374	
27658:	19	126	236	
27660:	157	
27661:	157	
27663:	54	61	62	
27664:	93	120	122	164	165	167	216	227	230	231	354	426	449	516	531	
27668:	110	217	613	
27669:	512	
27672:	217	263	353	613	
27675:	4	6	11	13	17	29	104	126	137	145	165	166	167	188	203	207	211	216	217	227	230	231	233	236	237	238	239	241	242	251	265	274	288	289	304	306	343	350	354	361	370	374	377	390	426	428	444	448	458	459	465	503	517	522	526	531	550	598	600	607	609	611	613	624	
27681:	137	211	227	233	242	361	370	374	377	428	
27683:	104	165	216	231	241	
27702:	277	
27710:	619	
27712:	619	
27714:	422	
27723:	126	236	
27733:	601	
27737:	151	
27744:	82	
27751:	85	
27786:	444	
27787:	444	
27879:	14	297	311	622	
27888:	21	97	127	143	145	185	198	203	219	265	287	311	361	458	459	461	501	529	547	619	
27889:	529	
27897:	1	145	403	
27908:	621	
27909:	90	308	448	
27910:	90	448	
27912:	449	
27920:	4	10	12	19	23	28	29	31	54	74	89	94	120	126	137	142	143	145	147	150	158	166	170	173	174	176	180	187	188	202	210	211	219	222	227	230	236	237	238	239	255	262	265	273	274	277	281	288	289	291	294	295	299	307	308	312	321	323	331	337	340	342	345	351	353	360	363	364	375	401	403	414	424	427	429	433	448	458	459	477	480	486	491	492	496	499	503	504	510	526	598	602	603	606	609	612	614	615	620	621	623	624	
27921:	433	620	
27922:	58	152	297	327	622	
27924:	327	
27930:	45	471	472	
27936:	90	178	286	300	560	
27954:	249	
27960:	211	476	511	517	
27985:	260	
27986:	58	
27987:	17	18	19	126	188	217	230	236	237	238	288	289	291	311	329	351	354	375	403	446	476	480	492	607	613	614	
27989:	351	614	
27995:	431	
28025:	429	464	
28039:	297	622	
28061:	350	
28072:	241	
28091:	16	142	202	233	242	265	361	377	625	
28098:	6	
28108:	351	614	
28110:	219	458	459	
28147:	307	
28148:	307	
28178:	4	13	297	361	379	598	612	622	
28188:	217	613	
28192:	568	
28193:	13	131	184	336	367	436	492	496	589	615	
28195:	131	
28242:	110	178	203	501	
28249:	178	
28255:	90	
28261:	45	205	304	
28270:	517	
28283:	422	
28380:	82	
28383:	523	
28399:	340	
28445:	286	
28452:	286	
28455:	110	
28458:	207	
28465:	13	
28470:	4	8	11	13	18	29	40	60	104	110	120	137	148	150	158	174	180	182	188	200	202	233	237	238	242	256	265	274	288	289	295	344	354	363	371	374	375	377	378	401	407	428	429	448	451	458	459	476	477	492	504	507	511	598	599	607	609	611	624	
28473:	182	233	242	377	429	611	
28474:	110	
28475:	182	295	378	476	511	
28485:	507	607	
28506:	511	
28520:	190	
28533:	601	
28539:	118	401	422	
28557:	441	
28567:	137	143	158	189	241	276	345	381	623	
28571:	241	
28583:	306	
28607:	307	
28614:	180	
28616:	89	348	371	503	
28631:	414	
28642:	6	27	38	127	227	351	532	534	540	550	614	
28645:	532	534	540	
28649:	511	
28651:	511	
28661:	1	7	161	167	210	211	216	293	321	345	491	495	599	
28668:	7	11	13	14	16	17	29	31	37	40	52	58	60	62	64	74	89	94	95	97	104	110	113	120	121	126	132	134	139	141	143	145	148	150	161	166	168	173	178	179	180	189	190	200	202	203	207	211	222	230	231	233	236	241	242	250	255	263	264	276	287	293	295	306	307	317	322	331	340	344	348	354	371	374	377	381	387	390	394	403	405	422	424	426	428	429	445	454	455	464	465	472	474	480	482	491	499	511	517	522	531	609	610	620	621	624	625	
28670:	176	203	308	416	515	
28675:	249	476	
28700:	40	609	624	
28701:	390	
28762:	151	
28773:	478	495	
28790:	609	624	
28807:	151	
28846:	283	
28863:	189	216	
28889:	290	
28893:	351	614	
28895:	351	614	
28902:	200	
28923:	176	
28957:	366	
28965:	306	
28983:	139	194	
28988:	361	
29009:	312	
29017:	139	344	
29023:	141	
29072:	515	
29091:	286	
29108:	40	148	
29138:	451	
29139:	451	
29151:	190	
29159:	297	622	
29232:	315	
29233:	333	
29302:	568	623	
29318:	74	407	
29331:	113	210	237	238	277	288	289	321	407	
29332:	113	
29347:	461	
29367:	14	311	387	
29402:	503	
29461:	472	
29492:	179	
29496:	148	167	354	401	
29499:	167	
29528:	421	
29551:	13	203	233	242	277	340	377	529	
29555:	13	233	242	340	377	529	
29565:	308	517	
29566:	340	
29570:	58	
29584:	85	
29587:	38	
29603:	194	
29605:	38	
29646:	283	
29670:	601	
29677:	13	
29695:	508	
29712:	14	
29715:	332	
29721:	29	
29726:	320	452	
29728:	286	452	
29741:	286	560	
29748:	1	
29784:	139	
29806:	461	
29810:	10	155	180	185	203	336	375	403	464	589	610	621	
29812:	161	432	433	513	
29845:	283	
29872:	211	219	
29880:	283	
29939:	306	
29973:	529	
30008:	155	
30009:	374	
30018:	432	
30019:	157	
30021:	157	
30022:	155	157	
30024:	216	
30032:	29	70	78	137	143	149	157	161	170	185	203	211	217	219	265	269	274	291	293	308	315	317	333	351	378	401	407	415	416	429	448	451	458	459	515	608	610	611	613	614	619	
30039:	491	
30076:	273	
30117:	281	
30201:	211	
30204:	340	
30266:	474	
30289:	286	
30290:	110	237	238	503	588	601	608	
30306:	588	
30323:	151	
30419:	334	
30499:	360	503	
30571:	414	
30773:	110	476	511	
30808:	374	
30818:	90	141	190	283	471	
30876:	340	
30939:	623	
30967:	498	
30973:	137	143	
30974:	137	
31019:	7	8	10	16	17	29	31	34	40	52	59	60	61	62	64	78	89	93	94	95	97	100	104	111	113	120	121	126	133	134	137	141	142	143	145	149	150	157	158	161	166	167	173	174	176	178	179	180	182	185	187	189	190	202	203	210	211	227	236	241	247	253	255	263	265	272	274	276	278	282	284	287	291	293	294	295	297	299	305	306	307	308	312	315	317	321	322	331	333	342	344	345	348	353	354	360	361	363	375	378	387	390	401	403	407	414	416	419	421	424	429	432	433	448	449	454	464	465	467	473	476	477	482	486	491	495	496	499	503	504	507	511	513	515	522	601	609	610	611	612	620	621	622	623	624	
31021:	8	10	16	29	31	34	52	59	60	61	62	64	78	94	97	100	104	111	113	120	121	126	133	141	142	145	150	157	158	161	166	173	174	202	203	210	211	227	236	241	247	253	255	265	276	278	282	284	287	291	293	295	299	306	307	308	312	315	317	322	331	344	348	354	360	363	375	387	390	403	407	416	421	424	429	432	448	449	454	464	467	473	476	482	495	499	503	507	511	513	515	522	601	609	610	620	623	624	
31022:	8	10	29	31	34	52	61	62	64	78	94	97	100	104	111	113	120	121	126	133	141	142	145	150	157	158	161	166	173	174	202	203	210	211	227	236	241	247	253	255	265	276	278	282	284	287	291	293	295	299	306	307	308	312	315	317	331	344	348	354	360	363	375	387	390	403	407	416	421	424	429	432	448	454	464	467	476	482	495	499	503	507	511	513	515	522	601	609	610	620	623	624	
31031:	394	
31048:	471	
31049:	471	
31068:	145	176	
31074:	455	
31096:	461	
31117:	353	
31174:	460	
31201:	304	
31212:	222	
31236:	137	407	512	
31274:	340	
31278:	340	
31320:	471	
31355:	460	
31409:	448	
31413:	390	
31420:	273	
31522:	471	
31570:	1	14	91	143	157	167	170	174	185	203	210	211	239	290	308	315	317	336	342	364	370	401	429	441	465	474	496	583	589	608	
31597:	149	
31671:	133	
31681:	290	
31714:	76	
31747:	568	
31748:	568	
31757:	363	
31760:	529	618	
31761:	100	507	
31815:	471	
31849:	29	126	131	180	211	236	434	465	502	513	
31939:	572	
31950:	284	
31969:	207	
31971:	37	65	149	253	312	323	363	441	504	532	534	540	623	
31995:	140	441	
32017:	239	354	
32022:	149	230	
32043:	27	
32056:	474	
32059:	498	
32092:	11	
32107:	5	
32125:	62	263	348	354	
32126:	62	
32129:	608	
32135:	422	
32136:	45	60	139	217	277	422	431	452	503	511	603	613	619	
32141:	333	351	374	403	503	614	
32155:	420	
32156:	14	381	422	461	
32164:	90	
32166:	304	
32171:	8	11	14	17	18	19	29	31	70	71	97	121	158	167	174	200	202	203	213	214	216	219	225	226	230	231	233	237	238	241	242	251	253	256	285	288	289	290	295	304	314	331	340	363	374	377	379	384	385	395	403	415	426	458	459	464	468	478	482	487	514	526	562	567	568	573	601	609	612	624	
32179:	364	
32181:	310	
32200:	287	
32204:	230	377	
32214:	272	
32215:	272	
32217:	371	
32226:	23	
32228:	23	
32229:	23	
32235:	551	588	
32239:	178	
32342:	118	142	331	387	503	
32348:	387	
32350:	142	387	
32352:	142	
32354:	118	
32358:	142	
32391:	230	503	
32421:	239	351	614	
32504:	249	
32634:	340	
32739:	110	471	531	
32747:	194	
32799:	147	239	
32808:	601	
32819:	13	422	
32945:	185	
32956:	378	
32970:	311	
33021:	327	
33159:	219	
33186:	173	
33201:	151	476	
33214:	405	
33216:	64	113	173	454	513	526	
33218:	237	238	
33219:	237	238	
33281:	14	
33321:	415	
33338:	185	274	364	377	379	583	
33339:	185	364	
33379:	241	
33382:	621	
33416:	222	
33422:	317	
33424:	317	
