1:	26	39	166	253	296	364	369	374	
2:	253	332	374	
21:	116	
44:	19	27	33	39	58	196	207	218	270	281	291	307	308	311	340	346	360	
49:	116	
59:	39	374	
60:	39	
61:	98	156	181	280	324	
66:	186	
68:	13	
105:	300	
119:	285	
204:	314	
205:	245	
209:	160	
236:	266	
244:	100	
245:	100	
247:	196	
285:	73	131	
291:	254	260	
343:	145	324	
350:	1	2	5	10	11	13	14	19	24	27	31	35	39	45	46	50	51	54	55	61	65	66	67	68	72	76	77	78	81	82	85	87	89	91	93	95	97	104	106	107	108	110	111	112	116	123	128	131	141	148	150	154	155	156	166	169	173	174	176	177	181	184	192	199	201	203	208	209	211	213	214	216	221	222	226	227	229	234	235	243	248	250	254	257	261	263	264	268	269	272	273	274	277	278	282	284	285	289	291	293	295	300	301	302	306	310	311	317	318	322	323	324	325	326	329	330	331	333	334	335	336	342	345	346	347	349	354	357	360	361	363	367	373	
351:	367	
352:	367	
354:	82	128	181	310	
356:	284	318	
377:	7	
382:	78	99	231	373	
396:	106	109	110	113	161	
400:	106	110	113	161	
408:	45	46	114	130	137	184	187	189	214	217	231	251	285	301	302	310	334	356	
416:	172	
423:	56	318	
427:	318	
450:	160	175	224	
468:	138	
492:	87	96	117	130	131	133	137	141	157	160	173	184	194	200	207	209	211	221	224	225	229	231	232	233	234	248	250	251	254	263	266	271	278	290	298	300	304	311	313	328	341	345	
498:	232	345	
517:	33	289	
518:	33	
539:	160	
561:	102	188	261	
569:	106	111	161	
599:	275	
641:	164	233	
642:	164	233	
658:	94	
713:	102	
714:	102	
738:	63	
795:	287	
834:	107	130	311	
851:	21	34	74	92	141	166	187	203	206	219	237	264	285	289	302	303	
860:	345	
906:	246	
977:	22	186	343	
986:	44	263	302	
1013:	28	39	215	266	
1060:	319	
1119:	3	250	321	
1125:	362	
1146:	209	
1232:	154	
1236:	52	
1277:	49	
1291:	367	
1296:	367	
1327:	367	
1361:	70	120	296	364	374	
1404:	18	100	153	173	194	200	254	260	367	
1413:	240	333	
1419:	47	
1434:	283	
1438:	1	2	41	51	70	94	105	120	213	216	253	286	293	325	332	363	364	369	
1455:	94	
1478:	7	
1520:	172	333	
1537:	233	
1604:	87	
1620:	3	
1631:	132	
1637:	1	16	51	94	213	216	268	286	325	328	332	363	
1641:	1	51	216	268	286	325	
1642:	16	
1646:	94	
1653:	46	105	176	333	370	
1670:	135	
1676:	46	69	105	117	185	201	204	234	240	281	285	290	295	298	303	351	359	
1677:	240	
1679:	359	
1680:	185	
1681:	298	
1688:	185	201	
1693:	281	303	359	
1694:	281	
1702:	268	318	
1708:	268	318	
1711:	80	111	112	116	145	192	196	244	245	265	291	304	324	349	360	
1714:	111	
1728:	304	
1736:	245	
1753:	104	
1833:	232	
1838:	87	89	127	154	
1846:	89	100	331	
1848:	323	
1868:	13	45	367	
1874:	13	
1888:	95	
1901:	369	
1923:	335	
1934:	167	195	
1966:	27	58	137	147	150	160	189	206	244	285	311	334	
1972:	22	244	300	360	
1973:	244	
2013:	231	
2020:	248	
2022:	323	340	
2023:	340	
2024:	80	93	104	137	173	180	192	273	274	275	304	311	313	349	
2027:	192	273	
2047:	203	299	326	348	
2054:	61	
2082:	269	307	308	346	
2085:	304	318	363	
2088:	5	10	11	14	18	22	31	33	35	37	38	48	55	65	68	70	71	81	83	95	96	99	109	110	111	112	113	120	122	131	133	155	156	157	159	161	168	176	178	184	187	193	208	211	217	230	234	238	243	252	253	257	273	289	292	296	299	306	308	323	326	333	336	338	341	342	344	346	347	357	364	369	370	
2090:	22	109	112	184	243	326	
2094:	156	
2095:	217	
2100:	296	336	
2130:	21	27	35	39	45	58	87	96	100	125	131	134	149	150	154	172	174	181	184	189	196	206	221	222	225	245	252	263	269	275	281	282	285	289	291	306	311	314	334	344	367	
2141:	281	
2145:	184	
2147:	18	100	153	173	194	200	254	260	
2149:	318	
2177:	344	
2241:	27	
2256:	105	122	193	308	321	346	358	364	368	
2282:	48	80	86	147	168	169	171	189	217	303	
2284:	147	217	
2288:	325	
2308:	268	
2331:	71	100	280	322	326	
2348:	100	
2355:	172	
2363:	136	209	249	
2366:	374	
2378:	361	
2383:	361	
2411:	51	
2419:	1	
2433:	18	31	53	208	
2466:	54	
2489:	107	260	
2519:	83	154	280	323	
2542:	170	288	
2576:	161	364	
2630:	253	
2640:	87	
2645:	97	124	147	268	291	357	
2646:	97	147	357	
2743:	311	
2749:	311	
2763:	290	
2764:	290	
2785:	139	
2790:	186	
2816:	1	12	13	16	18	19	24	37	45	46	47	51	55	56	62	65	70	72	84	94	108	120	122	131	136	150	176	178	179	185	201	204	213	214	216	235	237	253	264	268	286	287	288	292	293	296	301	336	353	360	362	363	364	368	369	
2821:	19	360	
2835:	18	45	46	56	84	108	213	
2838:	150	
2873:	22	86	91	98	142	257	313	321	326	
2879:	35	68	134	156	211	229	270	272	
2895:	166	
2902:	249	362	
2931:	358	
2964:	12	
2965:	12	89	116	
2967:	12	
3091:	76	77	87	91	252	306	307	
3106:	296	
3127:	104	
3197:	281	
3237:	1	5	10	11	31	44	51	59	105	124	126	127	136	166	175	190	216	235	237	301	325	353	366	
3243:	175	
3256:	166	
3321:	4	16	21	37	43	46	51	53	55	58	63	80	84	105	113	114	121	130	132	137	166	176	177	205	209	234	235	237	240	264	287	288	289	294	299	302	311	334	341	348	354	
3345:	239	
3348:	50	223	238	281	
3374:	297	
3381:	17	46	80	81	85	126	188	192	268	299	321	
3384:	80	
3389:	171	261	
3406:	39	
3410:	195	
3414:	248	297	341	
3417:	150	
3420:	245	333	
3425:	46	70	89	108	178	201	286	287	348	362	367	
3439:	223	
3457:	275	
3458:	3	4	43	52	117	185	
3459:	3	
3460:	3	4	43	52	185	
3461:	3	4	
3462:	3	4	
3463:	3	52	117	
3464:	3	52	117	
3465:	3	4	52	
3466:	3	4	52	
3467:	3	4	52	
3469:	184	282	
3474:	351	
3492:	3	7	13	14	17	18	19	20	21	22	23	27	28	33	35	38	39	42	44	45	46	49	50	53	54	58	60	61	62	63	65	66	67	68	71	72	73	75	76	77	82	83	84	85	86	87	88	89	91	92	93	95	96	97	98	99	100	101	102	107	108	110	112	113	114	116	123	124	126	127	128	130	131	132	133	134	137	139	142	143	147	149	150	151	153	154	155	156	157	159	160	161	162	164	166	167	168	169	172	174	180	181	184	186	187	189	190	192	193	194	196	198	199	200	203	206	207	209	210	211	212	214	215	218	219	221	222	224	225	226	227	229	230	231	232	233	238	240	241	242	243	244	245	247	248	250	251	252	254	257	259	260	261	262	263	264	265	266	268	269	270	271	272	273	274	275	276	277	278	280	281	282	284	285	289	290	291	297	298	299	300	301	302	303	304	306	307	308	310	311	312	313	315	317	320	321	322	324	326	327	329	330	331	334	335	338	339	340	341	342	344	345	346	347	349	352	355	356	357	358	365	366	372	
3496:	113	
3515:	132	190	
3524:	247	
3547:	201	
3558:	190	
3561:	27	189	201	206	207	263	302	304	311	
3562:	156	
3567:	246	
3571:	246	
3677:	132	
3709:	56	105	120	
3741:	69	70	246	292	362	
3785:	228	
3801:	14	75	134	155	190	
3802:	14	75	134	155	190	
3892:	319	
3939:	159	
4074:	302	311	
4077:	311	
4090:	262	
4139:	217	
4163:	49	
4167:	248	
4216:	344	
4219:	97	
4243:	300	
4247:	204	
4248:	160	224	275	
4251:	12	51	94	220	
4258:	203	204	235	348	
4267:	53	101	102	
4270:	4	131	135	326	353	
4304:	75	137	212	269	341	355	
4322:	271	
4326:	58	341	
4327:	58	341	
4334:	56	210	
4346:	222	
4351:	201	
4365:	183	
4366:	232	281	349	
4406:	55	170	176	177	179	185	287	288	295	
4407:	176	287	295	
4442:	104	
4518:	106	111	
4525:	86	
4544:	29	
4560:	215	257	344	
4561:	131	
4575:	162	
4584:	145	
4620:	228	
4622:	317	
4628:	59	
4635:	340	370	
4667:	221	
4756:	88	
4778:	132	190	
4784:	132	190	
4800:	44	224	234	304	325	328	
4812:	255	
4815:	340	353	
4818:	188	340	
4829:	145	
4837:	188	
4842:	109	111	161	
4864:	296	
4880:	78	318	361	
4912:	97	
4915:	92	117	179	
4939:	104	
4995:	224	
4999:	165	
5025:	302	
5027:	302	
5041:	109	349	
5042:	349	
5104:	141	173	316	
5130:	289	
5142:	216	281	
5143:	42	49	188	193	308	
5236:	17	92	
5270:	104	
5275:	291	
5286:	72	250	
5315:	87	
5346:	174	311	
5438:	170	
5442:	172	
5454:	95	294	
5460:	360	
5507:	18	100	131	153	154	173	194	200	254	271	281	
5566:	236	
5584:	120	296	
5658:	17	167	195	321	
5717:	236	
5792:	344	
5795:	105	
5801:	116	
5824:	80	
5886:	302	311	
5918:	116	
5920:	106	109	110	111	112	113	245	291	324	
5921:	109	110	111	112	
5923:	137	190	300	
5972:	265	
5988:	236	
5990:	265	
6058:	340	
6074:	284	
6075:	358	
6078:	313	358	
6079:	358	
6104:	70	94	373	
6115:	109	
6120:	22	33	227	266	284	291	300	
6151:	317	
6281:	54	98	114	181	221	289	304	347	361	
6308:	240	
6323:	108	
6337:	33	
6338:	33	
6354:	164	
6382:	62	133	
6476:	266	
6501:	291	
6503:	291	
6550:	323	326	
6562:	353	
6568:	39	69	95	221	245	270	321	341	
6573:	136	
6575:	266	
6592:	131	298	
6594:	131	
6595:	131	
6596:	68	96	156	193	217	238	
6598:	68	
6609:	125	
6611:	340	
6635:	197	
6662:	128	
6678:	14	22	33	61	67	75	128	137	155	199	227	232	281	300	346	347	
6681:	22	33	110	128	199	227	284	300	
6686:	190	
6737:	348	
6745:	289	
6746:	289	
6759:	245	
6778:	44	
6802:	87	154	
6809:	214	
6842:	280	
6899:	340	
6934:	70	
6979:	14	149	155	156	211	284	
7085:	370	
7087:	5	10	11	31	35	42	54	67	80	83	86	99	161	184	187	206	245	263	273	302	306	338	368	
7094:	80	
7096:	31	42	99	184	368	
7116:	7	44	70	80	92	98	104	171	253	296	318	331	336	338	
7133:	109	
7137:	333	
7151:	112	154	
7173:	135	180	
7233:	289	
7251:	291	304	
7258:	205	294	
7259:	205	
7261:	324	
7262:	324	
7276:	73	97	
7306:	19	24	28	77	99	100	107	173	184	194	200	203	212	215	257	268	280	314	323	326	329	343	345	348	370	
7309:	100	
7322:	28	212	215	280	326	
7329:	184	311	318	
7338:	369	
7347:	48	208	314	
7348:	48	208	
7352:	92	
7369:	318	
7384:	97	
7444:	145	
7508:	349	
7556:	108	189	
7561:	88	307	
7562:	88	307	
7573:	173	200	215	
7585:	5	10	11	31	
7587:	5	10	11	31	
7588:	274	
7600:	106	
7609:	106	
7651:	59	101	102	173	208	273	316	
7658:	289	
7659:	289	
7684:	81	106	299	303	
7692:	303	
7772:	287	
7778:	32	48	53	59	62	63	64	81	82	85	101	102	114	124	125	138	140	160	168	173	184	188	192	200	208	224	252	273	274	275	299	316	321	327	330	331	349	354	360	365	371	
7791:	252	
7795:	48	
7796:	63	138	160	
7799:	275	
7818:	367	
7819:	367	
7822:	367	
7833:	246	
7839:	70	94	105	112	183	279	296	333	362	
7894:	62	186	
7994:	321	
8002:	29	35	41	44	69	70	72	81	120	137	153	184	216	232	244	249	273	281	290	302	341	363	
8006:	43	185	
8007:	185	
8008:	43	
8031:	296	334	
8053:	291	
8086:	160	
8110:	204	
8112:	204	
8128:	112	161	
8133:	112	161	
8135:	291	
8159:	145	
8161:	209	
8172:	314	
8183:	220	328	
8197:	122	149	284	318	
8199:	122	
8216:	106	122	
8235:	260	310	
8260:	103	
8403:	183	
8440:	268	291	
8446:	311	
8481:	344	
8503:	136	
8519:	131	
8531:	317	
8564:	87	100	154	
8584:	268	
8607:	180	
8669:	22	23	128	137	217	218	222	227	231	300	302	310	356	
8671:	14	33	39	73	123	131	132	133	134	154	289	
8687:	64	
8691:	97	
8695:	167	
8701:	96	
8710:	32	
8711:	32	
8740:	266	
8744:	71	243	
8757:	71	83	121	157	194	215	243	257	282	342	
8758:	71	215	243	
8766:	352	
8808:	236	
8872:	22	
8902:	167	195	
8999:	185	
9040:	344	
9066:	88	
9089:	251	
9091:	317	
9092:	317	
9116:	92	
9123:	296	
9272:	344	
9273:	344	
9285:	187	
9302:	215	257	
9320:	256	
9329:	256	
9352:	256	
9382:	274	275	
9398:	62	
9461:	23	
9515:	291	
9541:	19	115	175	195	321	
9547:	19	115	195	321	
9589:	298	
9596:	212	233	257	322	326	
9610:	69	70	318	332	336	
9617:	319	
9629:	206	297	
9666:	134	281	
9754:	371	
9797:	21	173	200	333	
9806:	59	64	131	173	200	280	289	333	
9836:	122	
9837:	122	
9841:	45	
9847:	235	
9861:	314	
9864:	229	
9872:	139	186	341	
9875:	298	
9880:	60	
9898:	311	
9959:	27	
9993:	302	
10026:	56	
10027:	56	
10030:	64	
10049:	69	70	101	102	107	133	142	159	175	248	306	341	358	
10051:	175	
10052:	101	102	107	133	159	248	306	341	358	
10053:	101	102	107	159	248	306	341	358	
10061:	7	63	68	100	102	125	126	127	175	179	192	259	288	306	321	358	
10069:	80	
10107:	66	67	68	75	114	277	278	281	284	
10113:	232	
10160:	115	257	
10179:	134	232	263	290	
10189:	71	81	342	
10202:	46	56	108	
10225:	148	188	262	285	
10254:	29	34	50	68	80	92	99	114	124	127	131	134	147	150	164	168	188	211	221	260	281	302	303	304	310	323	334	
10261:	97	295	
10263:	21	85	127	173	346	
10268:	59	295	
10271:	248	
10272:	71	228	243	298	312	318	
10273:	21	205	282	294	
10274:	21	
10275:	205	
10296:	88	269	
10320:	103	
10325:	115	321	
10333:	33	77	87	254	269	281	306	307	346	
10358:	164	180	264	301	
10360:	7	88	254	
10375:	269	307	
10409:	284	
10437:	97	295	
10590:	306	
10596:	253	
10597:	265	
10664:	111	
10667:	44	73	131	231	260	302	
10680:	184	
10709:	349	
10714:	319	
10717:	333	
10720:	333	
10749:	54	59	75	105	229	231	234	240	262	271	321	323	329	358	
10756:	266	
10770:	256	
10794:	88	308	
10828:	131	215	
10830:	272	
10869:	28	29	
10871:	180	
10997:	33	77	87	100	132	153	154	252	260	269	281	306	307	308	346	347	
11014:	145	
11083:	116	324	
11137:	21	39	123	133	134	162	
11144:	73	260	291	300	
11168:	88	131	
11177:	201	227	354	
11184:	354	
11195:	204	268	360	367	
11196:	367	
11206:	22	33	61	65	132	150	190	199	222	227	300	
11211:	132	199	222	285	289	298	303	335	
11215:	222	285	289	303	
11223:	199	335	
11224:	199	335	
11226:	199	
11255:	13	128	190	225	227	228	324	
11261:	128	
11266:	228	
11294:	340	
11295:	88	
11389:	49	238	
11390:	206	
11391:	49	238	
11393:	1	51	82	94	216	221	253	268	286	318	325	364	
11405:	318	
11411:	303	
11418:	70	96	221	254	278	
11421:	121	
11514:	257	344	
11564:	254	
11595:	187	
11610:	1	2	12	16	29	45	46	53	80	94	105	117	121	140	164	172	176	213	235	237	291	294	299	321	333	367	370	
11612:	291	
11615:	311	
11624:	161	284	300	
11627:	161	284	300	
11633:	246	
11653:	293	
11654:	234	
11680:	333	
11681:	333	
11703:	302	
11706:	97	131	
11723:	97	
11745:	228	
11797:	228	
11821:	28	29	
11822:	28	29	
11829:	228	262	
11853:	104	
11885:	209	
11889:	228	340	
11966:	167	
11976:	180	
12021:	190	199	324	
12030:	199	
12051:	152	
12074:	33	
12084:	246	
12091:	321	
12094:	221	
12125:	314	330	
12142:	192	
12175:	180	
12178:	180	
12284:	245	
12304:	91	281	
12360:	321	
12436:	104	
12443:	36	
12454:	97	
12470:	2	
12481:	254	
12499:	184	
12538:	61	
12669:	224	274	275	
12685:	44	93	125	171	180	187	189	207	218	231	260	263	302	304	341	343	366	
12744:	188	327	
12750:	166	
12816:	96	
12833:	33	35	97	134	232	308	
12927:	344	
12944:	244	
12962:	364	
12998:	104	
13087:	318	
13122:	353	
13136:	112	127	
13169:	99	100	
13170:	141	
13222:	219	
13262:	324	
13265:	321	
13283:	76	269	
13359:	121	175	235	270	350	
13378:	172	
13384:	283	
13423:	321	
13442:	131	
13457:	23	27	33	35	131	148	160	180	187	188	189	198	206	207	218	224	229	231	263	264	269	272	281	285	302	307	310	311	330	337	346	366	
13458:	231	
13475:	161	
13522:	2	12	17	47	115	
13525:	14	35	39	61	89	155	156	162	196	250	284	317	321	
13553:	284	
13580:	195	
13664:	311	
13667:	262	
13668:	2	
13683:	228	
13686:	1	26	31	69	70	78	94	113	120	253	286	296	332	336	350	363	364	368	369	
13701:	363	
13766:	344	
13800:	180	302	
13836:	105	161	240	300	
13845:	256	
13849:	19	
13890:	186	
13891:	186	
13899:	185	192	
13915:	228	
13916:	268	
13948:	161	
13989:	3	4	52	204	
14003:	240	
14006:	287	
14013:	227	344	
14014:	275	
14098:	196	
14121:	64	107	126	218	233	265	321	322	
14124:	221	
14153:	240	
14179:	192	
14189:	367	
14196:	245	
14240:	104	
14259:	180	
14285:	248	
14306:	50	68	116	131	133	134	
14322:	228	369	
14375:	240	
14399:	228	
14400:	105	240	
14404:	228	
14499:	311	
14508:	268	
14512:	302	
14539:	3	4	52	56	210	287	
14546:	287	
14587:	236	
14590:	137	
14607:	27	130	302	
14616:	124	262	354	
14629:	7	333	361	
14692:	281	
14693:	281	
14720:	361	
14781:	266	
14795:	184	243	266	
14856:	344	
14868:	47	
14924:	296	336	
14947:	70	105	120	203	362	
14951:	304	
14958:	16	56	69	70	173	185	235	296	318	361	362	363	364	370	
14963:	318	
14973:	56	
14992:	150	275	295	321	
15018:	117	124	150	252	274	302	331	
15052:	128	190	
15070:	287	292	312	
15071:	287	
15078:	21	28	29	71	83	99	100	140	157	176	179	185	192	194	197	212	215	235	243	257	280	282	298	312	326	335	345	348	
15091:	192	
15096:	71	257	312	
15101:	32	140	173	240	273	312	316	
15105:	140	273	
15107:	32	140	316	
15109:	312	
15112:	177	288	
15117:	295	
15144:	140	171	248	
15150:	104	
15195:	228	
15203:	271	
15247:	293	
15267:	183	
15276:	48	55	170	176	177	178	179	185	205	287	288	292	294	295	
15277:	48	55	170	176	177	178	179	185	205	287	288	292	294	295	
15280:	236	
15295:	81	114	
15304:	178	
15319:	88	363	
15321:	354	
15329:	42	87	252	
15355:	236	281	
15382:	71	
15458:	234	
15486:	310	
15510:	233	323	
15578:	170	
15642:	180	
15711:	116	235	237	
15713:	116	
15718:	235	
15782:	104	
15831:	97	135	
15856:	319	
15858:	40	
15873:	20	39	44	49	63	82	92	93	97	100	107	110	113	114	116	128	137	142	150	159	161	162	164	172	174	184	189	196	200	209	210	215	224	225	226	229	231	233	240	242	245	250	254	260	261	262	263	265	266	270	273	274	275	276	280	282	284	297	298	302	303	310	311	312	313	315	317	321	324	329	335	339	340	341	349	352	356	358	365	
15875:	73	105	109	
15881:	1	3	5	10	11	16	18	21	24	28	29	32	33	34	35	39	42	43	44	48	49	50	51	53	54	55	58	61	63	64	65	66	67	68	69	71	73	74	77	80	81	82	83	86	89	92	93	95	96	98	99	100	101	102	104	105	107	114	121	123	124	126	127	131	132	134	135	138	139	145	147	149	150	153	154	155	156	159	160	162	164	166	168	169	171	172	173	177	179	180	181	184	185	186	188	189	192	193	196	200	201	203	205	206	207	208	211	213	217	218	219	221	222	223	224	226	227	229	231	233	238	240	242	243	247	252	254	256	261	262	264	268	269	270	272	273	274	275	277	280	281	282	284	285	286	288	291	293	294	295	299	303	304	306	307	308	310	311	313	322	323	325	326	334	335	336	338	342	344	345	346	347	348	349	352	353	354	358	360	364	366	368	369	
15883:	74	203	219	285	
15884:	107	
15885:	61	93	172	
15890:	196	282	
15897:	1	105	121	164	213	
15899:	107	218	233	322	
15906:	89	166	
15909:	50	96	221	223	307	
15910:	156	280	
15917:	229	302	
16032:	206	
16058:	110	
16060:	69	78	333	
16077:	350	
16086:	109	193	
16092:	281	
16121:	221	
16133:	117	
16134:	117	
16142:	227	232	300	
16146:	232	
16148:	21	93	160	180	188	224	229	243	257	280	313	314	322	323	329	348	
16154:	33	
16163:	58	173	243	335	341	
16167:	33	199	240	300	349	
16177:	240	
16183:	349	
16193:	196	
16200:	32	36	48	53	59	63	64	101	102	138	141	173	176	179	185	192	200	208	273	295	316	358	
16202:	48	208	273	
16203:	48	208	273	
16205:	59	64	173	208	316	
16211:	33	
16238:	362	
16239:	362	
16251:	1	41	56	94	154	181	210	249	362	
16258:	131	
16339:	199	
16346:	319	
16374:	221	325	
16391:	109	
16428:	318	
16488:	161	284	300	
16523:	16	
16528:	266	
16640:	141	
16658:	7	
16668:	229	262	
16672:	50	131	252	281	
16680:	224	
16683:	94	293	
16720:	19	
16774:	21	318	333	
16890:	180	
16897:	228	
16912:	367	
16927:	183	
16933:	183	
16940:	97	
16965:	128	
16967:	237	
17060:	105	
17104:	195	321	
17135:	157	
17175:	249	
17188:	103	
17203:	183	
17246:	94	172	225	
17388:	104	
17397:	255	
17408:	255	
17443:	243	
17445:	195	
17449:	116	
17496:	289	
17515:	340	
17516:	340	
17522:	340	
17552:	192	299	
17569:	115	
17684:	208	
17858:	302	
17893:	175	
17977:	201	
17978:	106	109	113	161	
18010:	7	
18011:	317	
18072:	171	186	
18116:	327	
18117:	327	
18163:	166	
18164:	166	
18173:	355	
18175:	1	2	5	10	11	12	21	24	26	28	29	31	38	40	41	47	51	57	60	69	70	71	72	78	80	94	99	100	104	105	106	109	110	111	113	117	120	121	128	159	161	166	172	181	183	194	197	203	204	205	209	212	213	215	226	228	233	240	241	242	243	253	257	280	283	290	293	294	296	298	299	300	314	320	322	326	329	332	335	336	340	342	344	345	348	349	350	355	361	362	363	364	367	368	369	373	374	
18176:	1	213	
18177:	367	
18178:	105	120	364	
18179:	47	70	94	369	
18181:	128	300	
18182:	70	94	105	183	362	
18183:	1	332	
18185:	228	
18186:	26	31	69	70	78	120	253	332	350	363	364	368	369	
18187:	69	70	362	363	364	
18191:	40	41	120	361	
18193:	121	294	
18194:	121	294	
18195:	5	10	11	26	31	41	69	70	78	94	105	120	213	253	332	363	364	368	369	
18196:	120	253	332	364	367	
18198:	209	
18199:	12	
18201:	70	78	120	253	332	363	368	374	
18202:	2	40	47	209	283	349	350	
18203:	104	
18209:	302	
18210:	166	
18241:	22	
18314:	291	
18345:	111	161	
18346:	111	161	
18356:	237	
18357:	109	111	161	
18376:	289	
18397:	2	
18404:	2	
18414:	131	
18424:	2	
18482:	165	
18516:	47	
18523:	115	
18557:	250	
18626:	39	105	166	
18628:	39	
18657:	321	322	368	
18692:	111	161	
18716:	342	
18718:	16	19	45	46	56	108	214	231	301	360	
18732:	107	207	270	275	311	
18856:	268	
18883:	73	131	
18956:	82	108	126	302	331	
18957:	108	
18961:	216	
18999:	234	
19004:	369	
19022:	95	369	
19030:	95	
19032:	161	
19042:	161	
19112:	58	198	
19138:	7	
19165:	296	
19189:	161	
19209:	109	240	
19210:	109	
19236:	234	274	
19267:	356	
19279:	147	188	
19285:	147	
19304:	195	256	321	
19524:	89	
19525:	89	
19556:	145	
19616:	55	170	176	177	178	179	185	204	206	231	267	287	288	292	295	302	
19617:	177	287	295	
19618:	231	
19619:	55	170	176	177	178	179	185	267	287	288	292	302	
19620:	231	
19628:	97	104	
19673:	340	
19680:	319	
19780:	180	
19875:	153	
19897:	318	
19909:	21	24	39	63	80	98	109	111	112	113	128	150	157	169	173	181	190	207	215	218	221	245	261	262	264	269	273	282	294	302	303	314	330	338	345	358	
19910:	330	
19917:	162	209	
19918:	209	
20125:	104	
20174:	47	
20182:	255	
20195:	49	
20196:	49	
20300:	131	
20308:	307	
20309:	232	
20311:	149	262	269	281	284	307	308	330	346	
20314:	268	291	
20318:	2	13	16	19	20	23	27	33	44	45	46	49	56	58	62	73	87	93	107	108	114	124	125	126	130	131	147	150	160	162	164	171	174	180	184	186	187	188	189	198	206	207	214	217	218	222	224	231	250	251	260	263	264	268	270	272	275	281	285	297	301	302	303	304	310	311	315	334	341	343	356	357	360	365	366	371	372	
20319:	16	
20321:	13	
20322:	16	19	45	46	56	108	214	231	301	360	
20323:	107	207	270	275	311	
20334:	45	
20339:	108	
20346:	32	36	48	53	59	63	64	141	173	184	185	192	200	208	299	316	358	367	
20348:	32	36	48	53	59	63	64	141	173	185	192	200	208	316	
20391:	23	228	
20396:	228	
20431:	240	
20604:	110	
20610:	255	
20653:	115	162	249	
20672:	109	210	293	
20677:	106	112	113	161	324	
20690:	272	
20693:	7	
20705:	354	
20714:	74	
20729:	150	172	181	225	
20740:	105	
20749:	324	
20752:	23	195	
20761:	324	
20802:	302	327	
20829:	121	
20837:	21	57	71	194	243	257	280	282	
20893:	12	83	89	98	171	172	254	
20895:	348	
20914:	7	
20956:	281	
21019:	367	
21020:	39	106	110	111	116	145	161	209	228	291	317	
21038:	139	
21063:	78	105	323	
21103:	285	
21112:	40	41	97	120	361	
21118:	133	331	
21119:	172	201	360	
21136:	21	56	100	105	109	120	203	257	280	298	318	322	323	326	
21148:	319	
21207:	186	
21224:	137	
21236:	92	291	296	336	340	
21237:	291	
21240:	296	336	
21243:	92	
21257:	107	184	
21259:	40	
21270:	36	43	53	59	107	117	121	135	184	208	268	295	343	
21283:	107	184	268	343	
21288:	43	
21292:	59	295	
21301:	36	208	295	
21312:	117	
21381:	340	
21387:	225	
21388:	225	
21402:	296	
21413:	228	
21439:	291	
21453:	296	
21471:	39	183	283	
21501:	228	
21522:	228	
21527:	14	18	22	31	32	33	35	36	37	42	44	49	54	58	59	62	64	65	67	68	71	75	76	77	82	83	85	86	87	88	95	99	105	121	123	124	125	126	127	131	132	133	134	141	145	150	151	154	155	156	159	168	169	174	176	178	184	186	187	188	193	206	208	211	213	215	224	229	230	232	240	244	252	257	270	271	272	277	278	285	289	297	306	307	308	311	316	324	325	329	330	337	341	346	347	349	357	366	368	
21536:	275	
21538:	275	
21539:	336	
21648:	59	64	200	
21783:	206	
21832:	154	
21838:	358	
21841:	171	
21875:	115	321	
21883:	353	
21905:	2	56	373	
21932:	23	195	
21965:	274	
22004:	365	
22010:	322	
22029:	67	75	278	
22044:	80	245	
22126:	185	204	237	
22127:	185	204	
22139:	228	
22191:	366	
22198:	133	168	304	326	
22202:	364	366	
22212:	195	321	
22223:	55	216	
22252:	195	
22299:	245	
22302:	206	
22311:	245	
22322:	237	295	
22361:	164	180	264	301	
22368:	42	87	88	269	
22370:	42	87	88	269	
22458:	314	
22490:	340	
22494:	39	196	291	
22502:	89	289	318	
22584:	317	
22590:	245	
22732:	243	
22739:	97	361	
22771:	12	46	56	108	201	304	
22783:	12	120	249	255	268	362	369	
22892:	48	177	205	208	259	273	288	292	358	
22894:	53	59	138	176	185	
22895:	53	59	138	
22898:	44	
22899:	185	
22901:	358	
22907:	145	
22908:	145	
23000:	97	136	142	162	172	209	317	
23001:	209	
23006:	206	
23023:	165	
23032:	21	326	
23094:	116	172	196	245	340	353	
23098:	340	
23169:	245	
23208:	268	
23210:	4	21	24	28	29	38	57	60	71	72	83	99	100	120	131	135	157	159	181	194	197	203	212	215	226	233	235	241	243	257	280	282	293	299	314	322	323	326	329	335	342	344	345	348	353	374	
23211:	38	
23221:	180	
23222:	180	
23241:	281	
23244:	33	67	75	128	137	199	227	300	
23255:	77	269	307	308	346	
23256:	330	331	
23272:	106	109	110	111	112	113	161	
23284:	348	
23291:	132	303	
23293:	303	
23339:	265	
23356:	275	
23362:	14	33	67	77	155	232	269	281	306	307	308	346	
23365:	108	
23366:	81	82	93	108	160	180	188	206	224	229	261	262	297	334	
23367:	108	180	
23382:	240	
23430:	299	
23458:	165	
23554:	232	
23560:	192	
23561:	192	
23571:	274	318	321	
23609:	294	
23610:	17	
23637:	13	45	46	54	80	89	116	124	166	172	189	225	268	303	328	360	367	
23639:	54	
23655:	80	116	166	
23656:	80	116	166	
23660:	166	
23677:	311	
23706:	311	
23725:	98	
23733:	21	
23784:	161	
23810:	87	
23820:	61	
23824:	113	
23828:	70	363	
23829:	70	
23910:	80	116	166	234	287	299	360	
23939:	183	
23943:	149	250	
23953:	245	
23954:	192	
23993:	21	
23995:	21	
24049:	88	308	
24063:	289	
24124:	255	
24127:	274	275	
24165:	194	
24220:	290	
24246:	97	
24311:	236	
24322:	3	4	27	52	117	130	275	
24323:	4	
24324:	275	
24360:	373	
24376:	367	
24377:	80	
24386:	236	
24407:	33	56	184	264	289	342	
24429:	110	
24443:	83	89	139	196	201	203	248	250	251	254	302	341	
24458:	26	51	70	120	253	296	364	368	
24459:	26	51	70	120	253	296	364	368	
24465:	14	23	47	89	96	150	155	156	211	227	274	284	317	
24466:	156	211	
24487:	128	324	
24540:	63	
24563:	328	
24576:	2	47	225	266	296	
24577:	166	
24578:	166	291	
24590:	180	
24616:	228	
24636:	58	147	150	212	222	301	304	307	364	
24641:	147	150	222	
24654:	106	113	
24662:	346	
24750:	111	161	
24752:	1	
24786:	142	167	184	195	201	324	
24787:	167	201	
24803:	131	
24825:	333	
24826:	249	
24827:	37	62	66	186	277	278	304	341	357	
24845:	1	2	3	4	13	19	21	24	31	45	46	48	49	51	52	53	56	70	72	78	95	101	102	107	108	120	159	192	195	201	203	204	214	235	246	248	253	268	286	287	293	299	306	309	311	332	333	336	341	353	358	360	362	363	364	373	
24852:	27	29	69	70	115	171	188	294	304	318	332	341	354	
24860:	69	70	318	332	
24866:	29	294	
24907:	367	
25029:	2	105	120	166	332	
25037:	333	
25135:	353	
25157:	236	
25158:	236	
25197:	49	
25201:	249	
25217:	134	281	
25219:	221	
25220:	221	
25229:	340	
25263:	175	321	
25264:	175	321	
25266:	74	
25270:	98	
25301:	56	
25381:	281	
25393:	281	
25447:	18	50	73	110	145	213	275	277	
25448:	110	
25451:	172	294	333	
25459:	22	
25528:	246	
25567:	63	110	113	255	341	
25777:	137	221	
25781:	235	
25784:	296	336	
25833:	209	
25888:	236	
25904:	262	
25926:	112	
25934:	39	116	
25943:	311	
25966:	7	370	
25977:	66	147	160	166	173	176	180	181	200	213	221	264	277	291	324	334	360	368	
25978:	66	147	160	166	176	180	181	213	221	264	277	291	324	360	368	
26003:	97	
26029:	101	
26042:	36	48	53	59	63	179	185	200	204	295	
26044:	185	
26046:	36	44	53	63	93	101	102	126	138	160	180	188	192	200	201	206	207	208	224	229	259	261	262	263	285	297	304	313	349	354	358	366	
26047:	53	101	192	
26053:	36	200	
26055:	93	180	206	224	229	297	
26056:	188	
26058:	268	
26059:	268	
26063:	358	
26067:	268	
26074:	208	
26075:	268	
26413:	280	
26501:	13	268	
26502:	13	
26568:	221	232	302	334	345	
26569:	209	
26573:	257	
26679:	174	311	
26832:	188	209	266	298	341	
26833:	188	
26848:	294	
26853:	321	
26859:	321	
26871:	257	344	
26875:	285	
26888:	44	
26905:	115	
27014:	268	
27053:	255	
27127:	26	49	50	54	65	66	67	68	75	156	238	277	
27207:	317	
27275:	2	23	45	46	56	85	89	108	120	132	160	166	173	181	226	253	263	281	289	318	330	332	335	336	346	361	364	367	
27295:	94	253	296	362	364	368	369	
27304:	23	27	44	148	188	207	218	231	263	330	337	
27311:	140	273	
27312:	173	
27313:	117	
27317:	7	312	370	
27421:	236	
27457:	199	
27469:	190	225	
27473:	189	260	268	301	302	360	
27482:	228	369	
27485:	190	209	225	
27518:	307	
27575:	33	289	
27627:	304	318	
27635:	263	
27637:	96	134	232	289	
27668:	361	
27675:	279	321	
27702:	124	252	
27783:	4	
27786:	99	
27799:	294	
27815:	131	
27822:	248	334	
27830:	36	48	53	208	
27832:	53	59	64	101	102	121	177	179	185	208	259	273	288	
27833:	224	268	
27839:	208	
27840:	131	299	
27862:	139	
27868:	161	
27879:	246	
27920:	12	45	94	167	296	336	
27930:	14	19	33	39	54	61	75	77	97	116	137	150	155	199	210	227	232	244	284	291	300	306	349	
27934:	324	
27935:	54	
27936:	190	236	302	304	
27954:	335	
27957:	229	
27972:	132	
27977:	51	94	286	
27983:	362	363	
27985:	167	
27987:	192	363	
28026:	166	
28037:	362	
28077:	16	31	35	96	128	184	264	325	
28080:	325	
28091:	120	
28150:	257	
28172:	218	231	
28238:	256	
28249:	318	
28344:	215	
28485:	28	229	259	
28498:	46	
28499:	180	
28500:	354	
28510:	244	
28511:	244	
28514:	16	304	341	
28515:	16	45	46	108	301	
28516:	27	44	137	150	160	184	187	189	206	218	222	224	229	231	275	302	310	311	354	
28517:	187	264	301	
28520:	108	131	284	300	311	
28521:	16	20	23	27	45	46	56	76	81	93	114	126	130	131	137	142	150	160	169	180	184	187	188	189	198	206	207	217	218	222	224	229	231	261	262	264	269	270	272	274	281	301	302	303	304	311	313	334	343	349	356	358	366	372	
28522:	20	27	45	46	76	114	137	150	160	169	180	198	206	207	218	222	231	264	270	272	301	302	303	313	356	372	
28523:	187	264	
28524:	180	
28525:	325	
28535:	211	
28536:	335	
28539:	50	98	106	109	110	111	112	172	235	289	347	
28542:	106	
28577:	121	136	358	
28583:	26	69	78	
28584:	69	
28616:	160	209	275	
28630:	68	131	306	
28642:	246	367	
28649:	172	
28655:	135	289	
28657:	135	
28661:	232	249	263	268	
28668:	12	19	45	51	56	70	78	94	120	140	167	218	253	268	286	321	332	333	360	361	363	368	374	
28670:	137	159	226	298	335	
28671:	335	
28685:	17	115	
28688:	115	
28718:	344	
28719:	344	
28738:	274	
28833:	317	
28844:	28	100	
28846:	361	
28863:	167	195	
28864:	167	
28886:	183	
28901:	131	
28915:	237	
28921:	237	
28923:	3	4	52	173	
28925:	176	287	
28956:	119	
28964:	92	340	
28965:	12	46	105	364	
28967:	12	
28970:	71	329	
28972:	105	
28973:	5	10	11	12	70	120	309	332	364	369	
28974:	12	120	
28975:	70	120	332	
28980:	26	
28981:	12	89	116	
28983:	28	71	99	109	111	112	120	157	159	205	257	280	299	348	
28984:	1	332	
28987:	26	69	105	332	368	374	
28988:	26	31	69	78	120	253	364	368	
28991:	228	
28993:	39	
28997:	177	205	
28998:	16	45	46	108	301	
29001:	40	41	120	361	
29002:	231	302	
29004:	55	121	170	176	177	178	179	185	205	267	287	288	292	294	302	
29005:	69	
29006:	52	121	231	294	
29007:	69	
29008:	69	
29009:	41	70	120	253	363	
29010:	234	
29011:	234	
29012:	120	253	332	364	367	
29016:	12	38	
29017:	70	78	120	253	332	363	368	374	
29020:	105	
29021:	40	80	245	
29023:	51	80	234	240	257	284	311	
29024:	80	
29025:	69	309	
29027:	190	
29029:	181	215	243	310	
29030:	105	293	332	
29031:	69	
29061:	228	
29066:	293	
29085:	321	
29086:	105	
29091:	45	166	321	360	
29137:	312	
29146:	190	
29154:	28	100	183	272	280	296	302	311	336	
29217:	125	
29241:	248	
29248:	356	
29288:	35	150	
29299:	20	
29301:	207	311	
29328:	298	
29329:	298	
29331:	95	159	172	294	
29332:	294	
29334:	160	
29336:	23	27	35	44	58	61	73	93	110	126	130	132	137	147	150	160	161	162	164	174	180	187	189	198	206	207	217	218	222	223	224	229	231	232	254	260	263	270	272	275	281	289	294	297	300	301	302	303	304	310	311	330	334	356	359	366	371	
29338:	289	
29340:	110	161	
29341:	42	
29353:	224	275	
29355:	266	274	275	349	
29370:	166	
29373:	264	
29382:	69	70	105	117	135	234	332	364	
29402:	223	314	
29411:	124	
29481:	99	
29518:	204	
29541:	292	
29548:	293	
29550:	293	
29551:	228	
29571:	281	303	359	
29603:	344	
29607:	282	
29608:	186	
29644:	64	
29670:	250	281	
29680:	105	161	240	281	294	
29697:	240	
29727:	62	
29734:	186	201	
29741:	184	
29755:	332	
29784:	228	
29820:	2	40	47	110	113	209	229	265	266	283	296	349	350	
29821:	113	
29823:	324	
29837:	370	
29838:	108	187	264	301	356	
29839:	187	264	301	
29849:	97	
29856:	53	97	131	176	179	192	208	273	295	
29861:	97	
30004:	300	
30005:	244	
30036:	319	
30082:	99	164	331	
30083:	145	
30156:	145	317	
30161:	145	
30162:	145	
30198:	312	
30208:	87	344	
30251:	234	
30278:	115	
30366:	312	
30462:	302	
30475:	67	87	269	306	307	346	
30492:	128	324	
30541:	104	
30563:	288	
30608:	4	27	34	44	176	201	206	207	218	231	287	295	301	302	311	366	
30610:	4	
30611:	176	287	
30614:	287	
30675:	340	
30678:	324	
30679:	324	
30747:	107	
30807:	217	
30818:	39	63	109	110	111	112	116	161	166	173	196	200	210	225	290	291	
30819:	173	200	
30820:	173	200	
30824:	166	
30828:	109	111	112	
30838:	105	
30841:	236	
30860:	344	
30955:	145	
30982:	57	99	100	
31015:	199	
31019:	5	10	11	19	24	26	31	41	45	70	95	120	185	253	256	296	332	336	363	364	
31021:	19	24	26	31	45	70	95	120	253	256	332	336	363	364	
31022:	19	24	31	45	70	95	120	253	332	336	363	364	
31077:	115	
31082:	12	
31086:	231	
31088:	232	
31110:	317	
31113:	244	
31123:	14	49	134	150	155	156	227	250	284	
31156:	361	
31174:	80	
31175:	80	
31201:	85	
31269:	104	
31307:	58	
31331:	160	354	
31401:	357	
31431:	203	242	
31478:	109	110	128	161	300	
31484:	190	
31486:	327	
31499:	104	
31509:	200	
31555:	344	
31570:	14	132	137	297	351	
31586:	21	
31599:	189	260	268	301	302	360	
31600:	189	260	268	301	302	360	
31633:	228	
31676:	27	130	187	189	302	
31727:	108	
31750:	111	
31833:	317	
31845:	100	215	280	
31848:	100	215	280	
31849:	159	
31855:	183	
31957:	236	
31998:	104	
32056:	183	321	
32059:	77	156	280	285	321	
32064:	186	
32065:	42	198	
32067:	142	143	
32073:	28	
32079:	235	353	
32122:	32	316	
32125:	1	35	64	134	245	334	336	
32136:	82	89	196	201	221	333	
32155:	85	126	
32163:	7	
32171:	120	
32292:	140	273	
32297:	32	36	48	53	59	63	101	102	176	179	185	188	200	204	208	
32299:	32	36	48	53	59	63	101	102	176	179	185	200	208	
32322:	370	
32332:	186	
32342:	262	274	302	
32401:	295	
32425:	209	
32437:	302	
32477:	93	
32571:	331	
32595:	315	
32600:	218	366	
32604:	360	
32616:	87	
32623:	120	122	242	258	332	364	
32624:	120	
32626:	4	
32627:	122	135	250	
32719:	183	
32721:	183	
32728:	161	
32739:	154	
32777:	39	196	
32814:	172	
32817:	33	137	161	300	
32818:	161	
32819:	87	104	131	172	
32859:	291	
32872:	179	288	
32906:	142	
32999:	115	
33027:	236	
33050:	169	
33163:	180	
33201:	189	
33295:	214	
33318:	132	159	291	326	
33369:	67	277	281	
33379:	281	
33382:	67	75	271	278	281	284	
33384:	266	
33394:	150	
33415:	212	
33422:	321	
33439:	7	
