6:	20	80	163	276	282	
10:	163	282	
20:	96	
44:	30	89	108	145	241	272	301	
61:	38	153	201	291	
62:	218	
137:	30	
154:	86	109	241	277	
181:	312	
204:	289	
207:	93	282	
270:	81	93	95	204	260	276	10490	
295:	320	
298:	51	10494	
302:	272	
307:	95	260	
308:	260	
350:	7	10	14	15	16	28	30	34	35	36	38	41	44	46	47	48	53	56	59	62	64	65	68	69	70	75	76	80	81	83	84	89	95	98	103	107	110	113	117	120	122	125	126	129	138	139	141	144	147	149	151	152	153	155	171	172	173	177	181	185	189	190	191	192	193	204	208	217	221	225	230	240	242	246	248	260	265	266	270	271	272	276	282	283	286	288	289	290	291	292	293	295	296	298	300	302	304	314	10480	10481	10482	10489	10497	
353:	10497	
354:	62	
382:	25	48	85	89	99	129	142	144	153	172	227	237	274	289	298	
384:	65	195	315	
391:	71	10488	
423:	71	282	10488	10497	
450:	48	119	208	
486:	107	
492:	7	14	15	26	41	53	60	66	82	103	120	129	155	191	195	230	241	243	248	254	263	277	283	290	314	315	316	320	10485	
493:	290	
498:	82	
505:	299	
598:	86	109	
620:	194	
621:	277	
626:	127	248	
641:	89	277	10487	
642:	89	10487	
648:	20	39	89	163	193	204	259	268	282	
655:	176	
656:	176	
658:	74	302	
665:	2	72	99	207	
666:	2	207	
680:	123	
690:	10483	
721:	320	10484	
725:	304	
729:	312	10493	
731:	312	
734:	69	
761:	90	
789:	138	254	
794:	243	
796:	60	62	85	207	237	
832:	153	
834:	20	34	93	107	120	187	221	227	252	273	282	10480	
835:	34	93	107	120	187	221	227	252	273	282	10480	
839:	20	282	
851:	38	79	88	89	119	125	147	162	181	191	254	311	320	10487	10497	
864:	128	
869:	68	118	204	
875:	118	
893:	304	
956:	60	72	
964:	62	
965:	10490	
972:	81	
987:	62	72	
1001:	108	
1010:	30	
1018:	265	
1068:	254	
1069:	254	
1081:	20	
1086:	10492	
1096:	23	
1097:	259	
1101:	316	
1119:	297	
1206:	16	
1209:	146	
1327:	126	158	216	
1351:	203	248	
1361:	248	
1404:	74	314	
1410:	301	10480	10482	
1411:	301	10480	10482	
1419:	285	
1431:	69	76	
1465:	215	
1520:	79	117	193	
1621:	10491	
1633:	169	
1637:	4	6	7	11	28	31	35	38	53	62	65	66	68	85	93	94	96	97	99	118	119	129	134	135	138	142	144	147	149	152	153	155	164	165	173	177	188	191	195	210	218	225	229	237	246	251	254	260	264	266	268	270	285	291	295	298	303	308	309	313	315	320	10487	
1639:	31	298	
1640:	4	6	119	225	298	308	
1642:	53	66	129	135	144	153	195	237	251	270	285	
1643:	38	93	119	152	155	165	177	251	254	320	
1645:	94	144	237	313	
1646:	28	94	
1647:	11	260	270	10487	
1648:	266	
1649:	7	
1653:	70	98	156	260	264	270	282	
1676:	207	254	10494	
1695:	207	254	10494	
1702:	200	280	301	10479	
1711:	11	21	25	30	31	34	62	65	68	87	115	119	122	132	153	166	177	181	188	192	204	215	218	226	229	230	247	249	254	255	277	289	293	295	304	312	314	320	10487	
1720:	295	
1721:	177	
1736:	93	10490	
1744:	81	
1749:	75	226	300	
1817:	200	
1823:	200	
1824:	263	
1838:	79	314	
1846:	70	
1855:	30	42	86	109	166	169	241	242	269	277	290	293	
1856:	42	86	109	169	241	242	269	277	290	293	
1868:	2	254	263	10497	
1878:	71	10488	
1891:	65	67	134	218	271	289	296	298	
1901:	236	
1904:	193	
1910:	86	109	169	191	269	289	320	
1917:	70	
1928:	42	86	109	300	
1929:	160	
1934:	146	
1972:	297	
2016:	44	
2024:	15	44	53	66	68	75	115	149	180	233	234	269	284	292	308	10480	
2026:	269	284	
2027:	234	
2032:	320	
2035:	31	
2037:	31	
2085:	25	62	75	154	175	204	269	291	10497	
2087:	75	
2088:	21	30	46	47	84	114	119	129	134	149	151	153	154	155	160	164	177	208	229	237	264	266	286	300	303	
2095:	160	
2124:	78	
2130:	2	8	10	16	34	44	56	59	67	76	82	87	92	93	107	108	110	120	127	151	187	195	201	221	226	227	230	241	247	252	271	273	282	283	288	293	300	320	10480	10481	10482	10497	
2131:	107	
2147:	314	
2238:	75	
2241:	38	62	254	312	
2242:	10481	
2256:	40	42	67	72	138	148	186	188	239	255	266	289	295	300	
2257:	42	255	
2282:	38	48	59	62	67	107	152	154	190	219	300	312	
2297:	66	147	153	172	251	254	269	
2300:	147	153	
2325:	10480	10482	
2326:	26	
2346:	283	
2363:	78	200	
2366:	81	
2412:	97	
2421:	125	
2458:	8	10	56	110	120	194	201	221	247	283	
2459:	8	10	120	201	221	247	283	
2460:	42	86	109	
2489:	38	314	10497	
2492:	48	
2519:	287	
2529:	86	
2560:	69	
2606:	31	40	98	264	270	308	
2645:	11	271	10481	
2646:	11	10481	
2697:	166	284	304	
2712:	293	
2726:	124	
2727:	124	
2738:	195	
2739:	30	
2750:	292	304	
2756:	25	
2759:	4	144	237	285	298	
2762:	169	
2766:	30	166	249	304	
2767:	284	
2768:	75	180	
2769:	42	86	109	192	226	241	277	292	304	
2771:	249	
2772:	55	
2773:	300	
2774:	42	109	169	192	205	249	284	287	292	304	
2775:	25	249	
2776:	249	
2777:	249	
2778:	86	109	
2785:	195	
2798:	210	
2800:	31	
2816:	17	20	30	34	36	69	72	81	87	93	95	111	114	117	119	132	134	141	152	154	156	161	167	176	183	189	193	204	207	208	217	221	229	239	242	243	260	266	268	272	273	275	276	282	289	320	10479	10487	10490	
2825:	154	
2835:	81	111	183	
2837:	17	229	
2840:	81	112	117	181	189	215	241	247	271	295	
2841:	295	
2855:	2	16	34	58	72	82	85	87	217	218	221	227	241	248	252	265	289	299	314	320	10494	
2856:	2	34	58	72	82	85	87	217	218	221	227	241	248	289	320	10494	
2860:	16	221	227	248	252	265	299	
2863:	2	
2873:	17	230	10496	
2876:	30	
2878:	16	107	120	183	299	314	
2879:	59	67	179	192	302	308	
2902:	142	
2915:	74	76	110	127	187	
2916:	187	
2918:	10494	
2919:	10494	
2920:	17	41	59	74	141	187	203	302	
2927:	62	80	81	92	93	117	132	176	189	195	204	229	247	259	276	289	320	
2960:	53	
3002:	134	
3015:	2	82	219	243	244	
3047:	210	
3056:	58	86	219	277	
3093:	85	
3094:	85	
3096:	62	312	
3099:	263	
3114:	12	
3124:	62	
3141:	124	10494	
3142:	10494	
3237:	5	15	28	40	42	46	75	89	96	98	113	118	128	135	157	158	172	178	179	185	189	191	207	233	248	264	304	305	308	
3268:	305	
3321:	38	107	110	113	145	180	188	191	192	194	207	221	247	263	314	
3327:	188	
3329:	210	
3375:	218	
3381:	4	6	11	60	62	68	71	80	117	134	144	176	204	260	291	293	308	10488	10490	10497	
3389:	201	
3401:	86	109	312	
3402:	312	
3425:	21	60	81	82	139	158	168	204	217	223	227	229	233	236	292	303	304	10480	
3469:	79	122	180	
3492:	2	4	8	10	11	14	15	17	20	32	35	36	38	41	42	44	48	54	56	57	58	59	60	62	65	66	67	68	74	76	81	86	91	93	95	97	98	99	103	104	106	107	108	109	112	124	125	127	136	148	154	159	164	166	167	169	173	178	179	180	181	186	188	191	192	193	195	200	201	203	204	214	219	220	224	226	233	235	238	240	241	242	246	251	252	254	255	256	257	258	260	265	268	269	271	276	277	281	283	288	289	290	291	292	293	296	298	299	300	302	304	308	309	314	315	316	317	10490	10496	
3495:	93	268	
3498:	242	
3501:	2	93	125	193	268	320	
3530:	23	24	94	158	
3547:	25	
3552:	194	247	257	
3553:	194	247	257	
3560:	289	
3574:	218	
3621:	58	169	
3631:	93	
3648:	72	137	291	320	10494	
3649:	320	10494	
3660:	10487	
3703:	52	58	86	109	166	169	219	241	277	
3704:	52	58	86	109	166	169	219	241	277	
3709:	305	
3726:	123	
3729:	152	158	193	311	
3731:	60	65	
3741:	84	139	163	173	259	276	
3757:	233	
3839:	135	
3865:	207	312	10493	
3874:	207	312	10493	
3875:	31	132	229	254	
3876:	31	132	229	254	
3922:	72	312	10493	
3923:	243	
4021:	46	80	87	151	185	10497	
4097:	62	65	81	125	139	140	181	188	215	218	236	259	
4136:	240	
4173:	289	
4201:	10491	
4248:	122	226	
4251:	161	275	
4304:	58	169	200	219	226	242	255	269	290	293	
4326:	312	
4327:	312	
4334:	20	21	23	25	30	31	32	45	46	80	81	92	96	113	114	129	132	135	142	144	145	149	151	152	158	162	172	191	204	208	209	219	222	237	251	259	268	270	271	276	282	286	298	303	
4339:	46	162	
4340:	145	
4341:	268	
4351:	111	
4353:	277	
4443:	8	10	20	93	107	120	141	187	193	203	247	248	268	273	276	280	297	310	
4446:	141	273	280	
4447:	20	93	193	268	276	
4450:	273	310	
4477:	268	
4496:	62	
4524:	86	109	
4528:	201	
4539:	2	17	194	271	283	
4540:	194	
4545:	107	154	243	291	304	
4634:	99	225	
4659:	123	
4662:	123	
4672:	193	10492	
4673:	193	10492	
4778:	10485	
4800:	2	56	110	191	
4815:	145	
4818:	30	89	94	123	163	230	
4846:	308	
4873:	282	
4880:	5	79	96	134	139	144	167	183	237	268	298	320	10479	10487	
4919:	191	10479	
4931:	308	
4933:	297	
5018:	86	109	
5108:	10491	
5143:	254	10492	
5157:	10486	
5170:	10486	
5187:	10486	
5192:	30	42	52	58	86	109	166	169	219	241	277	
5195:	30	42	52	58	86	109	166	169	219	241	277	
5227:	30	
5271:	302	
5278:	178	
5280:	72	
5315:	20	146	260	303	
5340:	316	
5347:	139	188	
5349:	137	
5350:	31	
5381:	32	122	309	
5410:	189	
5427:	268	
5435:	10492	
5454:	69	10497	
5491:	269	
5507:	15	147	153	314	
5557:	171	172	
5558:	172	
5595:	35	246	
5612:	82	
5614:	233	
5617:	229	
5632:	66	
5653:	13	71	92	95	117	135	141	163	176	204	260	270	274	285	298	305	10488	10490	10495	
5658:	48	54	146	179	
5666:	65	139	
5703:	290	
5788:	72	
5789:	72	
5822:	320	
5830:	233	
5847:	274	
5879:	145	
5885:	132	
5934:	71	10488	
6027:	36	276	
6051:	4	31	132	254	
6052:	31	
6096:	312	
6111:	10492	
6138:	52	219	290	293	
6139:	52	219	290	293	
6148:	62	86	109	
6154:	86	109	
6281:	67	167	200	204	243	253	263	277	296	312	10479	10494	
6341:	200	
6344:	230	
6382:	59	
6470:	301	
6471:	301	
6514:	225	
6549:	271	
6563:	277	
6568:	15	85	114	154	
6573:	78	
6596:	160	
6604:	234	
6609:	62	315	
6632:	86	109	
6641:	86	109	
6642:	86	109	
6653:	86	
6690:	2	271	316	
6707:	8	
6740:	66	
6744:	43	128	
6759:	59	
6766:	277	
6778:	107	123	239	10496	
6790:	71	10488	
6799:	307	
6800:	249	
6811:	164	
6853:	297	
6870:	287	
6884:	191	
6979:	41	200	293	
6991:	208	
7007:	208	
7059:	176	
7087:	8	10	15	16	20	36	44	53	75	80	97	99	103	107	115	120	152	154	166	167	169	178	219	226	233	234	252	257	273	276	283	289	292	301	302	314	315	10482	10496	
7093:	154	
7094:	80	152	154	166	
7095:	36	276	
7096:	15	107	219	234	252	
7106:	71	10488	
7116:	44	59	62	67	107	292	307	314	10496	
7133:	31	38	75	
7150:	123	
7151:	230	
7173:	182	
7276:	42	60	71	79	117	150	175	204	301	312	320	10488	
7279:	42	
7297:	60	79	150	175	312	320	
7301:	69	
7304:	219	
7306:	85	112	192	304	317	
7316:	317	
7318:	112	
7329:	31	35	88	119	132	165	246	254	270	297	307	
7338:	230	239	
7384:	200	
7392:	207	10494	
7460:	225	
7473:	139	
7481:	31	
7484:	135	
7485:	68	
7573:	75	86	109	169	219	226	242	277	290	300	
7588:	62	195	201	
7590:	86	109	
7640:	320	10484	
7646:	2	35	164	167	246	
7658:	320	
7659:	320	
7670:	69	
7674:	314	
7675:	314	
7684:	31	46	60	293	
7737:	90	
7740:	159	
7748:	10481	
7771:	38	
7778:	23	30	60	62	68	71	129	132	155	162	177	191	208	234	269	298	312	320	10485	10488	10497	
7780:	60	
7792:	23	
7799:	320	
7803:	129	
7857:	5	26	81	94	
7880:	269	
7994:	193	200	317	
8002:	8	10	15	16	98	167	263	293	10480	
8013:	242	
8058:	254	
8070:	10481	
8097:	200	
8107:	142	
8111:	172	
8136:	247	
8157:	312	
8197:	134	135	144	164	200	237	302	314	10482	
8208:	200	
8210:	85	
8217:	139	
8235:	22	23	26	37	64	83	84	126	162	223	268	309	10480	10495	
8238:	22	23	26	37	83	126	162	223	268	309	10495	
8246:	2	14	20	23	58	60	62	64	65	67	69	80	81	82	91	92	93	98	101	106	112	117	124	125	137	138	139	140	148	159	173	176	181	186	188	189	193	195	204	209	214	215	218	220	224	229	235	236	237	241	247	259	260	271	276	277	282	289	291	295	315	10485	10490	
8247:	62	65	81	125	139	140	181	188	218	236	259	
8271:	233	254	
8323:	317	
8374:	109	
8412:	123	
8425:	25	
8429:	68	
8523:	307	
8529:	30	
8540:	2	4	5	6	7	11	23	26	31	53	60	68	80	81	82	92	94	97	115	117	118	132	134	135	142	144	145	171	172	176	189	193	204	229	234	237	258	259	260	266	270	271	285	289	298	308	313	316	320	10482	
8541:	26	
8542:	4	6	7	11	53	68	97	118	134	135	142	144	229	237	270	298	308	
8543:	134	
8545:	142	
8546:	132	298	
8547:	11	135	
8548:	5	11	134	142	144	172	229	237	298	
8549:	134	298	
8550:	144	298	
8551:	2	134	
8559:	31	35	233	246	
8564:	30	
8565:	30	
8589:	42	
8671:	62	82	115	
8687:	4	129	
8692:	291	
8693:	241	
8699:	254	
8724:	129	
8731:	203	247	
8735:	203	247	
8811:	160	
8812:	160	
8815:	277	
8820:	20	80	132	193	209	260	268	276	282	
8824:	307	
8831:	208	
8863:	233	
8864:	319	
8867:	70	
8874:	254	
8878:	11	
8902:	146	
8915:	153	303	
8946:	125	
8961:	10482	
9028:	274	
9065:	53	
9066:	38	46	47	149	151	153	155	177	208	251	286	303	
9067:	252	
9102:	226	255	
9103:	255	
9123:	230	
9138:	97	132	298	
9212:	240	
9224:	151	
9228:	151	
9247:	69	
9325:	269	
9336:	86	277	
9360:	307	
9361:	307	
9398:	10494	
9500:	55	
9533:	263	
9541:	48	179	258	
9547:	258	
9610:	117	139	155	177	193	10489	
9626:	158	
9629:	42	
9632:	277	
9664:	268	
9730:	93	
9750:	26	37	
9754:	84	
9767:	225	
9787:	10486	
9796:	10486	
9797:	96	
9801:	135	
9806:	203	247	
9841:	282	
9844:	300	
9861:	289	
9874:	112	
9898:	58	169	238	241	242	256	
9899:	43	299	
9938:	86	
9959:	30	
9996:	224	
10026:	81	132	268	
10027:	81	132	268	
10031:	283	
10049:	2	7	32	42	43	62	66	68	85	96	113	153	185	206	243	277	300	10492	10497	
10052:	2	32	42	43	62	66	68	96	113	153	185	206	277	300	10492	10497	
10053:	2	32	42	43	62	66	68	96	113	153	185	206	277	300	10492	
10061:	2	42	67	281	
10067:	119	
10107:	58	238	
10137:	67	
10165:	280	
10172:	296	
10176:	216	
10179:	41	107	254	
10182:	249	271	10480	10481	10482	
10189:	190	
10191:	301	
10192:	314	
10196:	21	119	303	
10206:	70	172	
10254:	2	41	60	82	107	147	152	153	188	190	215	230	254	287	293	304	312	
10263:	4	
10325:	54	167	179	231	
10345:	176	284	
10349:	69	297	
10358:	16	111	174	183	
10360:	97	216	217	226	241	289	305	320	
10369:	97	216	217	289	305	320	
10380:	10485	
10385:	55	
10407:	42	
10408:	42	
10502:	55	
10536:	237	
10575:	10487	
10602:	69	
10609:	75	109	169	269	277	
10626:	181	
10668:	2	34	93	107	120	187	221	227	252	273	282	10480	
10693:	88	297	
10694:	88	297	
10709:	256	
10741:	87	
10749:	4	34	81	117	134	142	152	153	204	292	
10781:	162	
10782:	162	
10825:	314	
10827:	231	
10842:	8	10	16	17	41	107	120	127	174	187	203	247	257	265	299	314	
10843:	8	10	16	17	41	107	120	127	174	187	203	247	257	265	299	314	
10850:	173	
10867:	86	109	
10900:	269	
11071:	69	
11137:	175	254	320	
11173:	86	109	255	256	
11174:	86	109	
11177:	317	
11195:	31	94	135	138	188	236	305	10487	
11211:	15	44	103	107	207	254	296	10480	10494	
11215:	254	296	
11217:	107	
11221:	44	
11225:	207	10494	
11226:	160	
11255:	41	200	226	255	256	
11264:	200	
11289:	72	303	10494	
11300:	30	
11309:	115	
11332:	93	
11339:	46	
11384:	144	
11393:	36	80	93	94	95	99	117	119	132	134	162	163	167	173	176	189	200	259	276	282	298	301	312	10490	
11405:	301	
11408:	200	
11412:	296	
11505:	85	
11534:	254	
11564:	183	290	
11573:	135	
11610:	4	6	7	8	11	16	17	25	34	38	42	46	48	53	59	65	66	69	70	71	83	84	87	89	93	95	112	115	118	120	129	134	135	138	144	147	149	152	153	171	179	180	187	188	190	191	192	195	203	204	217	221	234	237	247	251	258	259	260	265	270	272	273	282	285	292	298	305	308	315	320	10481	10487	10488	
11615:	58	169	238	241	242	256	
11652:	93	320	
11653:	10480	10482	
11704:	72	82	139	148	
11705:	139	148	
11829:	74	
11882:	135	
11904:	86	
11996:	300	
11999:	99	
12021:	200	226	255	256	
12025:	255	256	
12026:	226	
12049:	149	152	181	251	
12051:	207	10479	10494	
12057:	207	10494	
12091:	4	6	7	11	21	31	35	38	40	45	46	84	94	97	98	114	115	119	129	144	147	149	151	153	154	155	164	177	190	191	208	225	233	234	246	251	253	254	264	266	285	286	298	303	308	309	
12097:	62	65	139	181	188	236	
12105:	191	
12152:	233	
12155:	67	
12194:	274	
12200:	160	
12207:	10491	
12249:	230	
12262:	123	
12268:	123	
12299:	64	
12360:	179	
12399:	117	
12400:	117	
12476:	290	
12499:	180	
12525:	34	
12554:	312	
12563:	108	
12586:	108	
12587:	108	
12589:	184	
12702:	243	
12714:	10492	
12750:	42	
12756:	123	
12791:	66	
12816:	243	10482	
12823:	320	
12833:	14	254	10497	
12847:	121	
12887:	31	
12907:	10491	
12962:	30	31	311	
12963:	311	
12966:	30	
13035:	42	52	86	109	166	169	241	255	256	277	300	
13036:	42	109	293	300	
13038:	297	
13086:	192	
13089:	282	
13122:	145	
13146:	204	
13155:	10491	
13156:	10491	
13168:	76	
13171:	210	
13183:	28	
13206:	85	10497	
13249:	20	41	56	57	69	74	76	108	110	112	127	178	187	200	201	252	283	289	317	320	10496	
13257:	201	283	
13258:	69	
13265:	193	317	
13271:	283	
13273:	56	103	108	110	187	201	252	283	288	
13280:	56	103	
13291:	8	10	120	201	203	221	247	283	
13298:	10480	10482	
13314:	230	
13359:	2	24	32	34	43	60	82	85	87	128	227	309	320	10492	
13378:	30	10487	
13384:	230	
13385:	230	
13395:	40	98	225	264	266	
13498:	297	
13503:	10492	
13509:	10496	
13522:	23	24	39	84	126	217	10482	
13525:	23	64	141	154	179	200	222	268	300	314	10479	
13526:	314	
13531:	314	
13534:	179	
13536:	64	
13545:	200	
13560:	71	10488	
13567:	166	192	219	284	290	292	304	
13568:	166	284	304	
13577:	151	
13580:	179	
13581:	93	
13585:	272	
13586:	141	272	273	296	301	314	
13588:	2	4	5	11	14	20	21	34	36	38	39	41	45	46	47	52	56	60	62	65	66	67	69	70	74	76	80	83	89	94	97	99	103	104	105	108	112	114	125	129	132	134	137	139	141	142	144	147	149	151	152	153	154	155	156	162	164	167	173	177	181	187	188	189	190	191	193	195	200	201	202	203	204	208	215	216	217	218	219	222	225	229	237	240	241	247	251	252	254	257	259	260	264	265	268	270	272	273	276	277	280	281	282	283	286	288	289	291	295	296	298	301	303	308	310	315	317	320	10487	10491	10496	10497	
13589:	67	187	
13590:	10497	
13591:	36	47	154	155	237	
13592:	2	21	38	45	62	66	67	139	149	151	153	154	162	164	167	173	191	193	204	273	303	10487	10491	
13593:	60	280	
13595:	86	
13596:	277	
13626:	72	
13686:	5	31	93	117	177	226	298	303	
13701:	36	93	132	162	163	249	276	282	301	
13714:	10492	
13722:	26	10482	
13733:	8	10	16	41	56	57	74	76	103	107	108	110	120	127	178	183	187	201	203	227	247	252	257	265	283	288	299	10496	
13841:	30	69	91	207	272	10494	
13843:	272	
13844:	207	10494	
13886:	291	
13899:	218	219	225	268	270	305	320	
13907:	7	46	153	191	193	264	10482	
13916:	20	31	46	62	132	134	162	195	209	260	270	276	
13918:	23	64	94	157	158	
13933:	76	288	
13940:	210	
13986:	270	
14006:	276	
14055:	96	307	
14176:	85	
14253:	200	282	
14284:	210	
14285:	85	
14288:	2	62	135	138	181	188	215	236	
14289:	135	
14323:	271	
14343:	44	
14344:	129	
14362:	132	10481	10482	
14386:	20	59	
14388:	67	
14417:	89	270	
14471:	23	84	
14476:	58	86	169	219	277	10497	
14504:	156	282	
14515:	135	
14522:	270	
14539:	5	31	81	94	96	117	134	139	142	144	157	193	208	237	249	259	268	276	282	
14546:	276	
14554:	249	
14629:	67	
14692:	10479	
14789:	258	
14831:	86	109	10492	
14835:	10492	
14837:	10492	
14850:	297	
14866:	69	
14868:	37	134	223	
14869:	134	223	
14890:	179	
14902:	58	
14904:	58	
14923:	157	268	276	282	
14924:	10479	
14931:	141	
14935:	298	
14949:	270	
14958:	2	5	11	25	71	80	81	95	96	99	117	135	139	141	163	177	183	189	193	203	209	236	259	260	268	290	10488	10489	10492	
14963:	139	
14973:	10489	10492	
14977:	25	80	163	209	236	
14992:	36	71	80	117	153	163	176	189	203	259	260	276	282	305	10488	10490	
14996:	46	
15018:	32	85	201	215	217	219	221	243	249	277	
15021:	23	145	194	243	10491	
15040:	291	
15044:	149	183	216	218	277	10497	
15078:	219	241	255	256	
15144:	42	108	258	265	310	
15150:	239	
15197:	132	134	144	298	
15264:	71	268	10488	
15266:	71	10488	
15267:	132	
15275:	96	
15294:	69	71	10488	
15300:	282	
15301:	282	
15315:	10492	
15319:	157	264	266	309	
15355:	67	
15363:	281	
15426:	139	
15450:	120	
15487:	94	
15582:	36	
15692:	62	96	157	169	189	211	10487	
15710:	169	
15711:	96	188	
15784:	269	
15786:	169	
15795:	291	
15816:	172	
15828:	243	
15835:	39	
15847:	34	
15863:	154	
15865:	154	
15873:	36	42	44	56	58	59	62	66	67	91	97	99	103	106	108	112	124	136	148	159	167	179	180	186	195	200	201	214	220	224	226	240	241	251	252	254	277	281	283	290	291	296	300	315	316	
15881:	2	4	6	8	10	11	16	17	21	25	34	35	36	38	41	42	44	48	52	53	55	56	59	60	62	65	67	68	71	75	76	80	82	87	89	92	99	103	107	108	109	114	115	118	119	120	122	125	127	129	147	152	153	154	160	164	166	168	169	171	172	178	180	181	183	189	190	191	193	201	203	204	208	215	217	221	226	227	229	230	233	241	242	246	247	252	260	265	272	276	277	282	290	291	292	293	295	299	300	301	303	304	308	309	312	10480	10481	10482	10487	10488	10496	
15883:	119	
15885:	68	299	
15890:	4	53	68	118	
15897:	16	38	59	115	152	171	247	272	
15905:	290	
15917:	307	
15965:	10486	
15973:	225	234	270	
15975:	14	21	23	31	35	80	81	92	93	94	98	115	117	132	145	151	155	164	167	171	176	177	189	193	204	218	229	233	237	240	241	246	254	259	260	266	270	282	289	295	298	303	322	10490	
15976:	94	218	254	295	
15979:	14	254	
15980:	31	164	
16060:	62	69	
16086:	7	43	46	128	183	
16121:	173	
16163:	17	28	36	44	60	76	107	128	138	144	151	191	193	215	237	268	273	276	295	296	301	302	312	314	10482	
16200:	2	
16214:	123	
16251:	25	89	149	156	168	171	172	193	221	229	248	292	10490	10492	
16254:	89	10492	
16256:	248	
16262:	64	80	93	156	259	282	
16300:	274	
16326:	40	
16374:	194	
16379:	249	
16380:	75	
16390:	230	
16407:	10491	
16516:	52	
16672:	82	286	10497	
16697:	10487	
16720:	142	274	
16795:	44	138	296	
16848:	263	
16855:	129	
16890:	150	
16908:	13	
16912:	243	249	10482	
16946:	97	
16951:	259	
16982:	166	
16983:	166	
16996:	109	
17097:	31	233	
17118:	64	
17124:	31	
17125:	31	
17132:	57	
17194:	20	
17203:	23	268	282	
17204:	23	268	282	
17243:	94	
17246:	200	263	295	
17302:	31	
17335:	134	144	298	
17385:	230	
17386:	299	
17552:	304	
17553:	94	
17654:	167	
17663:	128	
17680:	71	90	10488	10494	
17681:	10494	
17693:	8	17	41	59	74	141	187	203	288	302	
17858:	41	
18009:	55	
18037:	67	
18040:	26	
18052:	132	134	135	298	
18062:	2	82	
18065:	132	134	142	237	271	
18067:	10496	
18072:	2	134	144	187	227	
18175:	8	10	41	57	69	74	120	127	166	169	178	187	193	221	226	242	255	256	288	290	
18178:	166	169	226	242	255	256	290	
18200:	8	10	120	221	
18216:	284	
18276:	93	282	
18424:	290	10481	10482	
18475:	145	
18476:	145	
18505:	67	
18509:	96	
18510:	65	67	254	320	
18511:	200	251	296	
18516:	285	
18556:	224	
18657:	15	239	10487	
18692:	173	
18693:	173	
18697:	157	
18716:	40	147	194	309	
18732:	119	
18733:	39	
18768:	10493	
18808:	10494	
18809:	10494	
18887:	315	
18888:	315	
18959:	116	211	
18961:	260	
19004:	39	311	
19022:	87	107	127	183	218	248	289	305	10487	
19023:	183	
19030:	87	107	
19061:	97	
19075:	96	
19132:	307	
19151:	253	10494	
19236:	10487	
19282:	23	80	92	93	117	163	193	204	229	259	260	282	
19304:	231	258	
19386:	23	
19405:	123	
19434:	48	
19714:	23	24	
19716:	191	
19897:	71	156	10488	
19909:	16	20	55	65	68	180	187	189	221	265	266	288	299	302	10496	
19917:	78	
19918:	78	
19965:	254	
19966:	274	
20014:	282	
20138:	7	
20146:	82	
20214:	78	96	
20225:	5	11	134	142	144	172	229	237	298	
20232:	66	181	
20263:	282	
20282:	276	282	
20318:	119	
20323:	119	
20346:	256	
20404:	168	263	10492	
20423:	30	
20437:	78	
20456:	42	
20549:	233	
20653:	48	
20672:	230	10479	
20705:	152	
20729:	312	
20737:	155	
20740:	48	
20749:	38	45	54	66	97	115	119	129	147	149	155	172	177	190	191	208	251	253	264	266	
20752:	54	167	179	271	
20755:	271	
20804:	28	
20840:	210	
20870:	48	
20876:	10485	
20888:	138	
20893:	67	107	153	265	291	312	10491	
20902:	23	64	145	
20903:	21	34	62	204	215	218	247	289	295	320	10487	
20904:	289	
20921:	162	10492	
20963:	144	
21020:	230	
21035:	58	
21046:	10479	
21059:	123	
21063:	71	78	218	305	320	10479	10487	10488	10494	
21118:	59	70	
21119:	34	59	94	179	204	229	272	
21188:	10496	
21204:	301	
21259:	230	
21261:	230	
21270:	60	66	79	85	158	188	192	304	312	316	320	
21272:	158	
21283:	85	192	304	
21348:	72	
21361:	72	
21454:	230	
21471:	39	87	309	
21489:	39	
21490:	39	
21501:	10491	
21503:	10491	
21527:	2	4	15	52	58	82	87	107	109	122	169	188	194	219	226	230	234	252	290	309	10480	
21578:	123	
21594:	307	
21695:	42	52	86	109	169	277	
21697:	169	
21711:	30	
21788:	270	
21811:	233	
21828:	28	82	155	303	
21829:	82	
21830:	4	21	31	38	45	46	47	66	80	97	114	129	147	149	151	152	153	155	171	177	190	191	193	208	251	253	264	266	286	303	
21832:	227	
21875:	54	167	179	231	
21905:	20	248	
21932:	54	167	179	
21935:	251	
21998:	172	
22006:	225	
22035:	122	
22091:	31	
22113:	254	
22139:	80	152	260	
22140:	80	
22141:	152	
22163:	308	
22165:	308	
22202:	39	
22204:	10495	
22224:	82	
22299:	59	
22300:	107	
22322:	243	264	266	
22332:	41	187	283	
22336:	143	
22339:	270	
22361:	16	111	174	183	
22372:	160	
22374:	160	
22488:	10497	
22489:	10497	
22494:	53	258	
22502:	20	36	125	149	151	152	162	163	181	268	269	276	282	285	286	301	10497	
22504:	149	151	286	
22507:	152	
22515:	167	
22516:	167	
22739:	28	
22768:	10487	
22771:	42	71	109	10488	
22772:	42	109	
22781:	42	86	109	219	
22783:	2	70	134	135	146	236	
22845:	85	
22857:	145	
22869:	145	
22870:	145	
22884:	78	
22898:	26	271	320	10496	
22900:	163	
22939:	86	109	133	
22940:	141	
22984:	20	308	
23000:	78	200	
23019:	307	
23094:	53	141	
23209:	318	
23230:	28	
23240:	194	247	257	
23247:	2	
23256:	112	317	
23273:	27	35	94	246	
23274:	35	94	246	
23279:	60	
23291:	44	10480	10481	10482	
23294:	10480	10482	
23295:	10481	
23296:	10481	
23315:	243	
23368:	78	
23435:	107	312	
23436:	107	
23521:	276	
23568:	10479	
23578:	31	36	62	134	135	144	146	149	151	153	237	270	285	309	312	
23637:	20	38	44	56	60	62	65	67	91	95	102	103	106	108	112	124	130	134	138	141	148	159	173	186	188	195	214	215	220	224	235	236	240	241	243	249	252	271	281	291	298	301	314	315	10487	10497	
23638:	10497	
23640:	38	
23647:	138	
23648:	10497	
23650:	20	
23658:	67	
23789:	254	
23798:	158	162	
23803:	158	
23828:	320	
23838:	320	
23870:	62	295	
23910:	48	53	94	118	123	144	153	185	237	313	
23943:	41	
24021:	185	
24029:	86	109	
24060:	180	
24211:	162	
24278:	303	
24281:	2	21	46	149	151	155	177	208	253	286	303	
24302:	10487	
24386:	83	128	211	
24407:	71	81	96	97	132	134	141	168	204	208	268	10479	10488	10489	10492	
24408:	141	
24425:	10479	
24427:	10479	
24429:	40	187	
24436:	11	14	68	99	134	173	225	254	300	308	
24437:	99	173	
24438:	68	134	308	
24439:	145	
24443:	42	56	60	66	67	107	127	251	254	256	263	283	291	312	314	
24465:	56	62	223	260	285	295	301	10482	
24487:	263	
24500:	46	
24540:	113	
24545:	81	
24546:	81	
24549:	268	276	
24563:	40	98	225	264	266	
24578:	55	
24636:	30	117	152	163	169	176	179	189	190	191	192	193	241	259	301	312	10479	10490	
24638:	30	117	176	193	10490	
24641:	30	
24752:	62	65	99	188	291	315	
24755:	284	
24761:	2	60	82	87	218	227	316	
24770:	85	
24777:	142	
24786:	20	23	39	48	179	
24825:	79	156	
24827:	2	87	207	218	
24842:	320	
24845:	2	11	20	21	23	24	26	27	30	32	36	37	39	42	43	47	52	60	62	64	66	67	68	69	70	72	79	80	84	86	89	92	94	96	109	113	119	126	129	140	142	149	151	153	154	155	161	163	164	168	169	175	176	183	184	185	188	189	193	194	204	206	217	218	236	238	242	243	249	259	260	265	269	274	275	276	277	284	286	292	298	300	304	308	315	316	10479	10480	10481	10487	10490	10492	10493	
24846:	23	
24852:	39	42	71	81	89	93	115	120	139	145	176	179	187	192	297	305	312	316	10487	10488	
24860:	139	
24866:	89	10487	
24907:	307	
24910:	179	
24914:	60	79	85	316	10494	
24919:	114	143	
24985:	132	134	
25068:	234	
25085:	97	134	298	
25095:	230	
25112:	72	
25122:	183	
25203:	208	
25261:	10491	
25301:	243	249	10479	
25324:	318	
25381:	122	10497	
25424:	97	134	298	
25445:	280	
25447:	52	98	122	169	
25448:	52	
25451:	79	117	193	
25459:	85	
25556:	123	
25567:	58	62	93	99	136	173	226	241	277	316	320	
25568:	320	
25571:	5	24	37	64	80	81	96	99	132	158	185	193	209	218	276	282	311	
25572:	132	193	
25573:	81	158	209	218	
25574:	31	35	93	164	167	176	218	233	237	240	246	254	282	289	320	
25575:	141	173	181	215	247	273	
25576:	96	156	158	193	282	
25577:	39	
25578:	2	5	20	21	22	23	24	37	39	40	62	64	69	70	80	81	83	89	92	95	96	98	99	113	117	126	132	145	156	157	158	162	163	176	185	189	193	195	204	209	218	222	223	229	240	247	259	260	268	270	276	282	289	295	309	311	320	10490	10491	10495	
25579:	309	
25580:	320	
25581:	80	
25582:	20	70	99	162	193	222	268	282	
25583:	23	37	64	80	98	157	209	
25584:	37	64	80	95	156	158	162	163	204	209	218	222	229	259	268	282	10495	
25585:	156	163	204	223	
25586:	163	
25587:	37	80	89	96	99	113	145	156	158	185	204	222	268	282	
25588:	157	209	
25589:	162	
25590:	96	260	282	
25777:	123	
25784:	254	10479	
25934:	188	
25977:	14	71	87	89	119	152	153	179	229	272	295	302	10488	
25978:	14	71	87	119	152	153	179	229	272	295	302	10488	
26057:	39	
26075:	300	
26083:	263	
26231:	234	
26248:	145	
26278:	274	10491	
26445:	59	
26527:	66	
26568:	82	180	
26571:	39	
26596:	69	
26717:	123	
26764:	62	
26797:	208	
26832:	2	35	41	95	169	238	246	254	312	
26838:	2	
26839:	35	95	169	238	246	254	
26848:	69	
26853:	141	243	249	284	290	293	314	
26855:	284	290	293	
26888:	10496	
26909:	122	
26994:	55	
26997:	62	
27100:	55	
27115:	123	
27127:	223	
27213:	119	
27214:	108	
27215:	8	10	17	34	41	56	76	105	108	119	120	141	173	178	203	247	265	272	273	288	289	295	296	301	310	314	320	10485	
27275:	20	25	32	79	81	141	154	163	173	193	203	249	263	268	271	277	282	314	10479	10481	
27277:	193	
27282:	70	
27289:	66	
27295:	31	32	37	43	46	64	80	81	84	92	95	96	99	117	129	132	135	142	144	149	151	152	153	155	156	158	162	163	164	176	189	191	193	204	209	218	222	229	237	254	259	260	264	266	268	282	298	10490	10495	
27296:	44	200	
27320:	269	
27322:	31	204	
27485:	200	
27584:	268	
27627:	97	217	269	289	295	10487	
27629:	217	269	289	10487	
27631:	266	
27637:	36	65	263	276	
27638:	263	
27658:	36	
27675:	69	89	129	158	209	216	263	270	274	10491	10492	
27702:	32	85	215	
27708:	254	
27714:	46	
27785:	31	
27786:	169	293	301	
27787:	301	
27792:	268	276	
27837:	53	
27879:	305	
27891:	15	44	217	305	
27893:	305	
27899:	75	
27920:	20	23	34	54	72	95	105	117	134	135	139	142	144	146	156	163	204	223	233	270	298	303	308	313	10497	
27922:	249	10479	10486	
27928:	222	
27930:	108	
27936:	201	314	
27952:	117	
27954:	320	
27960:	2	23	32	36	39	40	43	80	82	92	95	96	98	99	115	116	117	128	136	156	163	193	204	211	225	229	241	260	268	276	282	289	295	309	320	10490	
27961:	295	
27962:	98	99	309	
27963:	99	
27964:	95	10490	
27965:	95	
27966:	43	96	99	
27974:	31	138	188	254	
27975:	31	138	188	254	
27977:	178	201	289	301	320	
27985:	20	139	179	181	193	
27987:	25	71	134	142	144	172	225	237	10488	
28025:	10479	
28026:	15	
28039:	243	
28077:	14	62	67	75	153	171	192	291	302	
28089:	119	
28157:	85	
28158:	220	
28178:	10492	
28193:	10492	
28213:	314	
28214:	314	
28249:	301	
28251:	123	
28267:	67	
28322:	254	
28438:	21	34	42	62	75	122	204	215	218	226	241	242	247	255	256	289	290	295	300	320	10487	
28439:	42	122	226	241	242	255	256	290	
28440:	75	226	300	
28441:	70	
28445:	15	26	191	200	271	305	314	10480	10482	10497	
28446:	314	
28450:	271	10497	
28452:	26	
28453:	200	
28456:	128	
28458:	2	20	62	80	95	101	117	141	147	152	162	181	191	200	215	227	259	289	10487	
28459:	117	259	
28460:	15	44	
28461:	15	
28462:	44	
28464:	69	
28465:	320	10492	
28466:	10487	
28468:	44	10480	10481	10482	10483	
28469:	10480	10482	10483	
28470:	5	23	34	36	69	71	80	81	89	92	95	99	115	117	132	134	141	142	144	163	168	176	189	193	203	204	209	222	229	237	259	260	268	274	276	282	298	311	320	10481	10487	10488	10490	10491	10492	
28473:	5	81	95	99	117	141	189	193	203	259	268	
28474:	80	
28475:	115	142	268	
28476:	10490	
28477:	10491	
28478:	21	
28479:	71	10488	
28480:	128	
28482:	117	
28483:	274	
28484:	42	
28485:	42	122	191	226	235	255	
28486:	122	255	
28489:	42	122	226	
28495:	85	118	
28496:	305	
28506:	62	132	134	195	247	
28507:	132	
28515:	297	
28516:	255	256	
28521:	226	
28567:	39	85	239	265	307	
28605:	38	46	53	66	129	132	142	147	149	152	153	177	191	251	303	320	
28606:	248	
28607:	2	8	10	16	17	34	41	56	57	59	74	76	82	87	103	107	108	110	120	127	174	178	183	187	194	201	203	221	227	247	248	252	257	265	283	288	289	299	301	314	10496	
28608:	299	
28609:	299	
28610:	314	
28612:	10	
28613:	108	
28616:	66	320	
28629:	62	67	138	148	186	188	249	315	
28630:	225	288	
28632:	243	
28638:	2	65	67	82	108	181	195	215	241	263	271	291	10485	
28642:	39	84	158	243	249	
28649:	65	67	81	93	95	200	254	282	288	320	10497	
28652:	200	288	10497	
28655:	44	195	254	
28659:	31	56	86	195	201	260	269	307	
28661:	69	243	249	
28668:	17	21	25	31	34	36	45	47	48	69	72	80	89	93	105	117	134	139	141	142	144	146	149	151	152	153	155	156	163	168	172	176	177	179	189	193	204	208	209	215	217	218	229	236	237	243	259	260	266	268	274	276	282	285	286	289	298	303	311	320	10490	10492	
28675:	11	41	157	200	251	254	263	271	272	273	296	301	310	10485	10496	
28685:	54	167	179	
28696:	48	
28700:	48	
28752:	234	
28757:	80	145	
28772:	21	46	47	84	114	129	132	134	145	151	153	155	164	177	191	208	209	251	264	266	282	286	298	303	
28816:	236	
28817:	236	
28846:	141	145	188	
28861:	179	
28862:	179	
28863:	48	179	
28866:	179	
28871:	48	
28872:	48	
28879:	28	
28883:	96	
28896:	263	
28908:	231	
28916:	10490	
28933:	10491	
28949:	123	
28965:	82	
29015:	203	247	
29023:	103	110	180	187	290	
29030:	75	169	226	
29047:	288	
29056:	40	
29091:	6	24	26	31	32	37	43	46	80	81	89	92	94	96	99	113	125	128	129	135	144	145	149	156	158	164	172	185	189	204	222	237	264	266	268	276	282	289	298	305	
29237:	162	
29267:	317	
29272:	288	
29288:	7	32	173	
29302:	48	
29324:	145	291	
29331:	38	69	291	
29332:	69	
29335:	34	
29336:	255	256	
29363:	202	
29526:	68	
29534:	128	
29551:	10492	
29555:	10492	
29565:	308	
29567:	32	43	
29568:	32	43	
29573:	286	
29655:	263	
29675:	145	
29677:	162	10492	
29717:	59	
29724:	243	
29734:	243	244	
29735:	243	244	
29773:	254	
29840:	14	240	
29856:	2	
30006:	123	
30046:	10491	
30079:	10491	
30082:	94	221	
30087:	129	153	
30090:	149	
30095:	46	
30097:	21	46	84	114	129	134	151	153	154	155	177	208	229	237	264	266	286	303	
30104:	210	
30105:	210	
30106:	312	
30121:	316	
30139:	286	
30144:	28	
30149:	48	
30156:	38	46	53	66	129	132	142	147	149	152	153	154	177	191	251	254	303	320	
30183:	46	
30184:	134	
30207:	46	
30214:	160	
30223:	254	
30231:	200	
30248:	312	
30258:	312	
30262:	151	
30263:	28	
30271:	282	
30276:	227	
30290:	2	4	9	11	17	21	23	34	60	62	68	70	79	80	82	87	92	94	107	108	115	117	126	129	132	134	136	141	153	163	164	167	168	176	189	193	203	204	205	221	227	229	241	247	254	259	260	265	271	276	277	282	295	312	320	10485	10490	
30291:	241	
30293:	34	141	189	320	
30294:	108	
30297:	80	94	117	134	163	167	176	189	259	10490	
30298:	34	60	82	87	153	168	227	241	265	277	312	
30299:	189	204	
30302:	21	221	
30303:	87	168	229	
30310:	46	
30311:	129	
30315:	210	
30331:	312	
30333:	86	109	
30340:	46	66	208	286	
30352:	155	
30373:	10482	
30377:	319	
30390:	210	
30396:	272	
30462:	254	
30510:	312	
30519:	320	
30526:	237	
30527:	247	
30618:	21	28	38	147	155	303	
30625:	307	
30743:	46	
30751:	46	
30758:	195	
30772:	296	
30773:	2	8	10	20	21	34	49	50	51	56	59	60	61	62	63	73	79	80	81	82	85	87	90	92	100	114	117	120	121	131	144	150	154	175	176	182	183	184	189	196	201	203	204	206	207	213	218	221	227	229	232	237	241	243	244	245	247	248	252	254	260	264	271	277	278	280	283	288	289	295	312	316	320	321	10484	10485	10490	10493	10494	10496	
30774:	79	154	
30776:	271	
30777:	60	
30779:	8	10	56	59	87	120	201	203	221	248	252	283	288	
30785:	85	
30786:	320	
30787:	28	
30818:	88	138	181	200	
30924:	28	
30959:	101	
31019:	21	46	60	69	79	80	92	115	117	125	134	144	149	163	168	176	203	204	206	229	248	249	260	271	274	284	289	10479	10481	
31021:	21	46	60	69	79	80	92	163	168	176	204	206	248	249	260	274	284	10479	10481	
31022:	21	60	69	79	80	92	163	168	176	204	206	249	260	274	284	10479	10481	
31041:	30	
31059:	181	
31071:	189	
31074:	7	32	194	
31082:	28	
31083:	20	
31201:	86	109	181	215	
31221:	263	
31225:	258	
31241:	2	
31243:	263	
31245:	176	
31429:	256	269	290	
31509:	191	258	
31516:	41	
31570:	41	68	241	263	277	299	320	
31592:	263	
31593:	263	
31605:	243	
31671:	2	247	308	320	
31849:	92	282	312	
31867:	130	
32048:	153	
32056:	162	
32059:	17	76	203	272	273	301	310	
32062:	28	
32077:	257	
32090:	276	
32092:	25	36	38	56	59	89	120	173	181	201	215	269	276	277	292	315	10482	
32093:	181	
32097:	53	
32099:	53	
32125:	4	11	14	62	70	71	85	115	120	175	181	188	215	236	287	293	10488	
32136:	80	107	114	154	177	200	208	302	
32155:	191	
32156:	176	
32171:	69	268	282	10491	
32195:	120	194	299	
32271:	16	247	249	268	271	273	291	310	314	10495	10497	
32272:	247	268	273	310	
32273:	249	271	10497	
32279:	97	
32297:	60	
32342:	200	
32482:	28	
32570:	10491	
32600:	8	
32646:	10482	
32713:	28	
32747:	69	10485	
32748:	10485	
32762:	42	
32765:	285	10491	
32792:	75	
32809:	86	109	
32814:	141	
32819:	30	68	215	314	10492	
33152:	303	
33201:	2	4	21	23	28	31	34	38	45	46	53	66	68	80	82	84	97	112	114	117	129	132	134	135	142	149	151	153	154	155	171	172	176	177	178	191	193	208	218	229	233	237	253	260	264	266	270	286	303	320	
33203:	21	46	84	114	129	134	151	153	154	155	177	208	229	237	264	266	286	303	
33208:	28	
33209:	45	
33318:	75	
33324:	277	
33338:	32	128	
