1:	1375	1626	
9:	1421	
17:	7	123	
23:	1309	1348	
24:	1434	
33:	1684	
34:	1676	
44:	31	66	72	78	137	144	181	191	245	264	1378	1380	1398	1416	1417	1465	1475	1512	1527	1570	1587	1597	1684	1709	1723	
48:	1310	1547	1567	
53:	1676	
61:	69	118	129	245	1364	1417	1610	1643	
65:	1586	
73:	4	97	
87:	84	
166:	1638	
176:	1321	
187:	1709	
193:	1704	
205:	181	1601	
232:	1336	1337	1519	1620	1723	
233:	97	
255:	1484	
256:	1506	
257:	204	
270:	1541	1714	
281:	1310	
302:	1364	
323:	1621	1622	
333:	1462	
343:	1386	1426	1507	1510	1528	1671	1693	1706	
350:	5	18	20	25	26	32	33	39	40	48	50	53	55	59	60	62	65	66	79	86	87	89	91	93	94	96	98	99	100	104	106	107	113	114	118	119	120	123	125	127	128	129	130	133	137	143	144	147	151	158	168	172	174	175	176	181	182	184	192	194	198	205	212	216	218	219	221	223	228	231	232	233	235	241	242	243	246	250	258	259	260	262	266	273	282	284	287	305	309	1308	1310	1316	1322	1324	1325	1330	1335	1336	1338	1340	1342	1343	1349	1356	1357	1365	1366	1373	1374	1375	1376	1378	1379	1380	1381	1382	1385	1387	1388	1390	1391	1392	1396	1398	1400	1403	1416	1421	1423	1424	1431	1433	1435	1436	1437	1441	1443	1444	1450	1459	1462	1463	1464	1465	1466	1474	1478	1479	1481	1491	1499	1501	1504	1506	1507	1513	1519	1520	1523	1525	1527	1528	1529	1530	1532	1539	1542	1543	1552	1557	1561	1562	1563	1564	1566	1568	1572	1574	1575	1576	1577	1580	1581	1582	1584	1586	1594	1595	1597	1600	1601	1602	1604	1608	1610	1618	1623	1624	1626	1634	1635	1637	1639	1652	1655	1656	1662	1666	1667	1669	1670	1672	1677	1680	1681	1682	1684	1687	1690	1695	1698	1702	1706	1707	1714	1715	1720	1722	1723	1727	1729	1730	1734	1736	1738	1740	1741	1744	1751	1752	1753	1757	
354:	66	93	1385	1681	
356:	212	
357:	1381	
367:	1566	1597	
375:	122	
377:	1310	1424	1529	1544	1570	1614	1624	
380:	181	
382:	38	65	76	98	151	155	181	235	242	281	309	1316	1335	1388	1434	1435	1437	1454	1469	1498	1547	1627	1643	1672	1673	1715	1726	1729	1736	
396:	153	1513	
408:	40	150	1673	1701	
423:	74	223	1397	1478	1480	1501	1537	1584	1590	1620	1623	
426:	1478	1480	1501	1537	1584	1590	1620	
439:	1479	
450:	127	147	193	245	1344	1364	1401	1597	1637	
467:	1368	
486:	1660	
492:	24	33	44	60	79	90	205	232	257	283	288	1301	1313	1315	1377	1394	1427	1432	1458	1462	1463	1476	1490	1512	1515	1542	1568	1572	1615	1633	1636	1655	1675	1681	1704	1730	
498:	257	1463	
504:	1381	
506:	1547	
507:	129	1346	1464	
510:	32	258	1662	1714	
549:	1486	
571:	1378	1640	
589:	1381	
590:	142	
592:	1754	
619:	84	
629:	159	
641:	168	1381	1428	1634	1640	1729	
642:	1381	1634	1729	
658:	1441	
665:	1600	
680:	1699	
690:	1344	1697	
706:	272	1364	1647	
708:	1301	
709:	1301	
766:	97	1398	
779:	27	97	1398	
780:	1756	
786:	40	41	44	97	1398	1620	1633	
834:	1	92	96	101	120	121	129	177	213	237	263	276	293	305	312	1321	1377	1529	1583	1633	1664	
835:	1	101	120	121	129	237	263	293	305	312	1321	1583	1633	
851:	3	39	40	41	44	60	84	159	161	198	259	277	291	305	1335	1383	1400	1458	1502	1525	1628	1633	1654	1660	1680	1681	1704	
869:	282	312	1724	
875:	312	1724	
877:	312	
912:	1701	
916:	1476	
917:	1598	
946:	176	190	
1002:	228	
1010:	241	
1016:	63	
1030:	1484	
1053:	1310	
1073:	288	1388	1397	
1096:	84	153	205	
1097:	1665	1709	
1101:	158	
1119:	34	1421	1632	
1120:	1421	
1128:	1686	
1157:	263	
1187:	1483	
1202:	39	
1216:	271	
1265:	1755	
1281:	1477	
1311:	130	
1312:	1597	
1327:	1687	
1328:	1687	
1349:	162	
1350:	72	266	1493	
1394:	69	
1404:	134	241	251	1474	1476	1613	1684	1702	
1405:	1474	
1407:	1613	
1408:	76	188	1399	1581	
1410:	1414	
1411:	1414	
1419:	236	
1431:	1320	
1435:	1321	
1438:	1375	
1442:	245	1709	
1452:	1735	
1465:	106	
1520:	3	9	76	88	100	102	112	120	126	134	137	143	145	160	207	227	267	281	312	1303	1401	1412	1427	1447	1514	1533	1594	1598	1740	1747	1758	
1521:	120	
1523:	281	
1546:	1637	
1561:	26	
1563:	1489	
1587:	1699	
1589:	1316	1324	1510	1552	1659	1693	
1590:	1316	1324	1510	1552	1659	1693	
1619:	1329	1618	
1624:	33	1437	1735	
1635:	191	
1637:	3	103	130	1335	1375	1413	1488	1532	1728	1741	1747	1758	
1641:	3	130	
1642:	1488	1741	1747	1758	
1646:	1335	
1650:	278	
1651:	1366	
1653:	5	74	82	102	135	156	199	282	1391	1393	1695	1716	1735	1756	
1676:	1310	1340	1423	1469	1676	1682	
1695:	1676	
1702:	1321	1336	1517	1533	1620	1625	
1711:	33	43	48	54	63	73	81	88	123	129	130	142	162	168	181	182	235	245	259	267	274	280	281	312	1304	1308	1337	1344	1349	1350	1356	1368	1376	1380	1386	1392	1396	1399	1408	1411	1423	1424	1426	1427	1429	1443	1451	1479	1480	1481	1486	1490	1502	1509	1513	1514	1519	1539	1556	1557	1558	1562	1563	1564	1572	1583	1584	1593	1600	1602	1608	1665	1669	1670	1677	1682	1683	1684	1688	1695	1701	1709	1714	1720	1750	
1715:	1424	1557	1563	1572	1608	
1723:	1308	1356	1564	1683	
1724:	88	1304	1429	
1728:	1669	
1736:	93	1488	1579	1621	1622	
1784:	1386	
1788:	1430	
1789:	1709	
1815:	1748	
1824:	1591	
1825:	1591	
1828:	1591	
1838:	1594	
1846:	1465	
1868:	76	251	1318	1357	1363	1365	1411	1447	1695	
1874:	251	1318	1357	
1891:	1730	
1904:	228	1562	
1910:	164	
1916:	1695	
1917:	1758	
1923:	1636	
1934:	141	
1965:	1391	
1966:	1508	
1972:	1351	
1977:	1571	
1990:	1556	
2003:	1467	
2004:	1467	
2024:	3	34	41	59	79	85	112	114	137	139	158	203	205	217	265	277	303	1314	1383	1426	1441	1444	1456	1458	1469	1475	1476	1497	1552	1583	1585	1592	1618	1633	1636	1677	
2027:	139	217	277	303	1618	
2032:	264	
2040:	1463	1506	1657	
2054:	245	1304	1337	
2055:	1304	
2062:	1449	1702	
2069:	1304	
2085:	65	87	274	1351	1365	1408	1445	1512	1571	1629	1636	1648	1658	1712	
2088:	130	189	197	257	1334	1342	1345	1366	1407	1411	1414	1479	1502	1569	1580	1583	1614	1655	1659	1670	1686	1754	
2089:	1414	
2090:	1670	
2091:	1670	
2099:	130	1411	
2103:	217	
2108:	2	1372	1741	
2128:	250	
2130:	1	3	9	35	39	41	43	44	48	50	60	64	65	76	86	87	91	92	93	96	97	99	100	101	107	120	121	124	127	128	129	131	140	148	149	153	155	156	159	160	172	174	175	176	177	178	184	191	192	194	196	204	210	213	218	219	223	224	231	232	233	237	240	242	245	257	258	260	263	264	266	274	276	280	281	288	293	303	305	308	312	1303	1308	1309	1310	1313	1315	1318	1321	1322	1330	1334	1336	1339	1343	1349	1350	1351	1352	1354	1356	1369	1373	1376	1377	1380	1387	1390	1391	1392	1393	1395	1396	1398	1399	1400	1408	1423	1424	1427	1432	1434	1436	1447	1456	1458	1459	1462	1473	1474	1478	1480	1481	1483	1486	1489	1490	1497	1500	1501	1508	1512	1514	1515	1516	1519	1520	1525	1529	1537	1539	1541	1542	1543	1547	1549	1552	1553	1555	1556	1557	1558	1562	1563	1564	1571	1572	1583	1584	1586	1587	1588	1594	1595	1597	1602	1604	1605	1606	1608	1610	1612	1615	1616	1618	1620	1624	1626	1628	1633	1634	1637	1639	1643	1648	1652	1661	1662	1664	1668	1670	1672	1673	1674	1677	1684	1697	1698	1703	1709	1714	1715	1716	1720	1723	1729	1730	1732	1742	1749	
2137:	1330	1336	1351	1677	1742	
2138:	1500	
2141:	153	1322	1330	1396	1462	1529	1541	1542	1553	1556	1584	1608	1610	1624	1628	1715	1720	1723	
2143:	128	177	264	
2144:	91	140	160	257	
2145:	91	305	1664	
2147:	134	241	251	1476	1684	1702	
2148:	1302	1736	
2149:	1483	1557	1677	
2150:	1393	
2154:	194	
2160:	1352	
2163:	1307	
2212:	1676	
2225:	1698	
2227:	205	
2228:	28	
2237:	1417	
2241:	86	257	1334	1366	1414	1597	1658	
2242:	1	5	20	21	26	29	32	38	48	50	51	54	55	64	65	66	69	74	75	76	87	88	90	92	96	98	99	102	104	107	114	119	120	121	124	125	126	127	128	129	134	135	137	139	143	144	145	148	149	152	155	156	157	161	169	174	176	177	178	184	186	188	190	192	199	200	204	205	209	210	212	213	216	218	219	221	222	225	233	234	235	240	241	242	243	248	258	261	262	272	273	274	277	279	281	282	284	287	295	305	306	308	309	310	1339	1346	1377	1384	1417	1454	1503	1523	1529	1575	1583	1594	1615	1637	1652	1661	1664	1680	1688	1716	1719	1734	1742	1752	
2255:	196	
2256:	40	85	122	131	195	197	257	1342	1437	1444	1580	1592	1732	
2259:	1444	
2268:	1748	
2282:	97	101	105	192	204	263	266	312	1381	1398	1477	1493	1514	1618	1670	1705	1743	1753	
2284:	192	
2296:	1702	
2297:	97	168	1435	1626	1676	1729	1732	1741	
2301:	168	1435	1626	1729	1732	
2308:	1370	1399	1459	1475	1705	
2309:	1370	
2310:	1370	
2325:	1414	
2331:	24	1351	1388	1390	1459	1475	1476	1501	1557	1558	1574	1702	1705	
2332:	1351	
2335:	1476	1574	
2340:	1641	
2341:	1641	
2346:	266	1706	
2355:	193	
2361:	168	1308	1515	1564	
2363:	91	193	228	272	296	1358	1364	1367	1414	1603	
2364:	193	1364	
2366:	33	76	1303	1369	1408	1432	1434	1452	1463	1475	1498	1515	1535	1602	1613	1638	1657	1670	1700	1705	1718	1727	1730	1753	1757	1758	
2378:	69	106	164	272	303	1308	1336	1364	1383	1388	1390	1391	1395	1399	1400	1424	1427	1429	1462	1478	1483	1525	1562	1564	1581	1586	1607	1616	1619	1634	1636	1639	1642	1661	1695	1715	1723	
2382:	1336	
2386:	123	
2387:	123	
2388:	123	181	1348	
2390:	127	1594	
2418:	1392	
2432:	44	
2433:	277	1499	1704	
2436:	1411	
2454:	1333	
2472:	1591	
2489:	208	228	1429	1432	1477	1627	
2492:	57	147	271	304	1344	1401	
2510:	1401	
2516:	1699	
2519:	170	198	209	1372	1399	1408	1734	
2535:	55	1686	
2560:	1597	
2562:	1597	
2581:	172	1423	1445	1663	1724	
2585:	1724	
2606:	1403	1743	1751	1757	
2613:	1600	
2629:	181	
2645:	3	66	93	101	130	280	1334	1381	1382	1456	1477	1496	1566	1574	1618	1654	1707	
2646:	3	66	93	1334	1381	1382	1477	1566	1574	1707	
2654:	1456	
2665:	1676	
2685:	1484	
2686:	1484	
2690:	1476	
2692:	283	
2700:	236	1505	1572	1618	1626	1668	1699	
2701:	1505	1572	1618	1668	
2730:	136	
2731:	1350	
2732:	1350	
2768:	1441	
2773:	1441	
2785:	76	1546	
2800:	1735	
2816:	3	7	18	21	43	46	63	88	91	93	101	130	141	143	153	160	162	172	200	227	237	241	246	257	259	272	280	307	1314	1318	1319	1320	1329	1334	1357	1363	1365	1370	1377	1383	1391	1411	1447	1456	1484	1497	1517	1519	1532	1552	1575	1583	1613	1615	1618	1625	1626	1681	1688	1697	1705	1711	1732	1742	
2821:	18	91	93	160	227	237	257	
2825:	143	1377	1575	1615	1626	1742	
2835:	162	1319	1320	1370	1447	1456	1519	
2837:	1705	
2840:	1626	
2844:	288	
2849:	1705	
2853:	1398	
2855:	1363	1403	1417	1757	
2856:	1417	
2866:	1444	
2867:	1359	
2868:	1359	
2870:	27	97	230	240	1398	1549	1670	1736	
2873:	45	139	218	245	1353	1432	1467	1526	1635	1685	1696	1739	1740	1743	1744	1750	
2874:	245	
2879:	21	48	93	155	176	304	1610	1680	1758	
2881:	31	66	155	1302	1676	1736	
2882:	1302	
2902:	1319	1500	1522	
2910:	1459	
2911:	1459	
2953:	1461	
2956:	119	
2958:	1624	
2972:	1571	
3029:	304	
3052:	10	13	220	
3056:	56	1641	
3087:	1367	
3091:	181	
3099:	1449	
3115:	128	1361	1466	1666	1672	
3120:	1674	
3127:	1684	
3165:	1342	1380	1513	1552	1580	1693	
3175:	245	1513	
3176:	245	
3178:	1347	
3179:	1347	
3182:	1342	1471	1580	
3184:	1423	1501	1640	
3192:	1347	
3205:	122	
3226:	153	
3237:	1	24	40	43	60	80	81	101	122	123	141	143	158	159	162	166	168	170	177	185	195	237	244	246	259	264	275	280	1309	1320	1325	1353	1357	1361	1365	1372	1388	1398	1403	1456	1582	1592	1598	1600	1603	1628	1703	1716	1724	1742	1746	
3251:	1372	
3261:	95	
3281:	1474	
3282:	1474	
3306:	1481	
3310:	1603	
3321:	39	44	65	74	85	92	139	174	181	208	217	227	259	1325	1347	1390	1414	1477	1504	1508	1525	1548	1568	1604	1623	1629	1630	1633	1696	1704	1714	1737	1753	1758	
3327:	1737	
3331:	1506	
3333:	64	
3349:	1379	1709	
3350:	1709	
3354:	1467	
3355:	1756	
3363:	200	1742	
3372:	1310	1399	1429	1490	1525	1544	1555	1648	1661	
3379:	147	
3381:	48	54	130	164	259	271	280	312	1301	1437	1500	1502	1529	1597	1625	
3389:	101	1417	1463	1502	1560	
3396:	97	101	266	
3410:	256	1530	1635	
3420:	271	1532	
3424:	1597	
3425:	152	208	264	1476	1552	1637	
3428:	306	
3448:	59	
3458:	1458	1459	1469	1475	1494	1528	1530	
3461:	1530	
3467:	1458	1459	1469	1494	1528	
3469:	161	279	1626	1729	1732	1735	
3475:	1702	
3484:	76	132	188	206	233	295	1392	1412	1415	1449	1581	1702	
3485:	1415	
3492:	18	20	27	32	36	38	39	45	48	50	53	54	55	57	59	60	62	64	65	66	69	78	79	83	86	87	89	90	93	94	98	99	104	106	109	112	114	117	118	119	120	121	123	124	127	129	130	134	137	139	142	143	144	146	148	149	155	160	172	175	176	180	184	186	191	194	200	204	208	213	216	218	219	223	228	230	232	233	234	241	242	244	245	246	250	256	257	258	262	263	272	273	274	277	279	281	284	285	288	303	305	1302	1304	1307	1308	1310	1315	1316	1322	1323	1324	1325	1330	1335	1336	1337	1339	1340	1342	1343	1346	1351	1353	1356	1359	1360	1363	1364	1365	1366	1369	1373	1374	1376	1377	1379	1380	1382	1384	1385	1387	1388	1389	1390	1392	1394	1395	1396	1397	1398	1400	1401	1402	1406	1408	1410	1414	1416	1420	1421	1422	1423	1424	1426	1427	1429	1430	1432	1433	1434	1435	1436	1441	1444	1446	1448	1449	1451	1452	1454	1455	1458	1459	1460	1462	1463	1464	1465	1466	1468	1469	1473	1474	1475	1476	1477	1478	1480	1481	1483	1485	1486	1489	1490	1491	1494	1499	1501	1503	1504	1505	1506	1507	1508	1509	1511	1512	1513	1515	1516	1519	1520	1523	1524	1525	1527	1528	1529	1530	1533	1534	1537	1538	1539	1541	1542	1543	1544	1545	1553	1555	1556	1557	1558	1560	1561	1562	1563	1564	1566	1568	1569	1570	1571	1572	1573	1574	1575	1576	1577	1578	1580	1581	1582	1584	1585	1586	1587	1588	1592	1594	1595	1596	1597	1599	1600	1602	1604	1605	1606	1607	1608	1609	1610	1613	1614	1615	1616	1620	1621	1622	1624	1626	1629	1630	1631	1632	1633	1634	1635	1636	1637	1638	1641	1642	1643	1645	1649	1652	1655	1656	1657	1659	1662	1664	1666	1667	1668	1669	1670	1671	1672	1673	1674	1675	1677	1679	1680	1681	1682	1683	1684	1686	1687	1688	1693	1694	1695	1698	1700	1701	1702	1703	1705	1706	1707	1709	1714	1715	1717	1720	1722	1723	1725	1726	1727	1730	1736	1737	1742	1744	1752	
3498:	1423	
3503:	1484	
3515:	1351	
3518:	1421	
3524:	1488	1747	
3545:	181	
3547:	237	
3548:	237	
3561:	1416	1432	1498	
3564:	1533	
3575:	180	
3612:	1451	1481	1675	1684	
3621:	1607	
3634:	1313	
3641:	5	20	26	48	50	69	76	174	178	199	213	216	219	261	274	284	1337	1339	1454	1456	1523	1679	1686	1742	1752	
3642:	1337	
3645:	1679	
3647:	5	20	26	48	50	69	76	174	178	199	213	216	219	261	274	284	1339	1454	1523	1686	1742	1752	
3648:	280	
3671:	91	
3675:	1449	1702	
3677:	1684	
3688:	43	
3709:	1437	
3725:	1381	
3727:	1424	1478	1600	
3728:	1603	
3731:	1463	1598	
3741:	7	81	97	149	271	1393	1408	1464	1511	1677	
3756:	1621	1622	
3776:	1412	1433	1462	
3777:	3	194	
3796:	199	
3801:	1444	
3802:	1444	
3808:	1307	
3822:	228	
3839:	276	
3875:	73	
3876:	73	
3884:	1630	
3888:	95	
3900:	1414	
3920:	1431	1630	
3921:	1630	
3951:	1450	
4021:	1351	
4031:	1436	
4032:	1436	
4062:	1707	
4081:	150	
4095:	1461	
4098:	1443	1654	
4103:	1443	
4173:	1475	
4203:	1345	
4208:	86	
4210:	1501	
4215:	1506	
4220:	1369	
4225:	244	
4234:	1752	
4242:	1559	
4248:	66	100	260	
4251:	46	265	291	307	
4253:	1657	
4270:	1459	1469	
4276:	1484	
4290:	1642	
4304:	32	
4320:	167	
4334:	9	78	169	209	264	287	1313	1612	
4351:	162	1318	1456	
4358:	7	
4366:	1310	
4371:	127	1466	1575	1746	
4372:	127	
4393:	1675	
4401:	1559	
4410:	1666	
4443:	43	112	126	158	276	312	1456	1711	
4450:	112	1711	
4453:	1310	
4460:	1385	
4461:	55	
4474:	243	
4476:	1315	1365	1400	1673	1684	
4478:	1351	
4486:	267	
4561:	1433	
4568:	1481	
4572:	1693	
4574:	1641	
4575:	18	20	32	36	54	60	89	98	100	106	118	120	124	143	144	153	155	161	168	172	175	196	205	210	218	223	234	240	241	242	257	258	265	266	274	281	288	305	1315	1316	1322	1323	1324	1330	1336	1337	1340	1342	1363	1366	1381	1385	1388	1390	1399	1416	1423	1430	1431	1432	1433	1434	1458	1466	1474	1478	1480	1483	1492	1495	1499	1501	1507	1510	1512	1519	1527	1530	1537	1555	1556	1557	1558	1560	1561	1566	1569	1570	1572	1573	1580	1582	1584	1587	1590	1594	1610	1620	1621	1622	1628	1637	1640	1641	1652	1655	1656	1664	1671	1680	1684	1690	1693	1698	1707	1720	1722	1723	1725	1727	1731	1742	
4584:	53	1324	1511	1599	1682	1693	1706	
4611:	1621	1622	1714	
4613:	147	
4614:	147	
4620:	1696	
4633:	59	
4638:	296	
4639:	1603	
4664:	246	
4721:	1678	
4741:	147	
4747:	1330	
4764:	1514	
4772:	143	221	241	1529	1634	1714	
4778:	18	25	181	182	1304	1351	1433	1508	1566	1667	
4784:	1351	
4788:	1304	
4789:	1566	
4790:	181	
4794:	43	
4800:	39	40	41	44	195	246	1628	1633	1704	
4807:	1460	1505	1586	
4808:	1303	
4811:	1322	
4812:	1407	
4815:	105	191	245	1349	1670	1736	
4818:	44	83	259	287	1398	1729	
4829:	3	43	53	1366	1476	1502	1528	
4830:	53	
4845:	1481	
4846:	167	
4850:	1314	1668	
4851:	1314	
4857:	140	160	227	281	1536	
4864:	87	213	1633	1652	
4880:	114	130	164	237	1684	
4891:	185	
4895:	185	
4899:	185	
4902:	223	1336	1337	1388	1478	1519	1620	1623	1723	
4915:	1431	
4918:	251	
4919:	148	257	305	1555	
4926:	83	287	
4936:	139	
4944:	1443	
4945:	1443	
4983:	1374	
4991:	1733	
4992:	1733	
4993:	246	1743	
5011:	1489	1668	
5015:	1630	
5021:	1621	1622	
5025:	1396	1593	
5027:	1396	1593	
5041:	251	1489	
5064:	1431	1630	
5065:	1630	
5074:	1505	
5143:	205	1484	
5188:	1654	
5192:	236	1441	1605	1618	1714	1729	
5194:	236	
5195:	1441	
5198:	1618	
5215:	1329	1435	1584	1618	1626	
5217:	1618	
5219:	1626	
5222:	1618	
5225:	1618	
5226:	1329	
5227:	157	1340	1546	1548	1566	1654	
5236:	189	1386	1572	1643	
5240:	217	1720	
5258:	1493	
5263:	1378	
5268:	1449	
5270:	83	1565	1583	1703	
5284:	245	
5285:	245	
5301:	1310	
5308:	1620	
5309:	1620	
5315:	1437	
5341:	1310	
5345:	156	
5360:	191	
5415:	1739	
5454:	1363	
5460:	18	
5491:	245	1502	1523	1668	
5496:	1702	
5498:	1558	
5499:	1462	
5506:	1403	1743	1750	1751	1755	1757	
5507:	134	241	251	1363	1474	1476	1684	1702	
5529:	1360	
5536:	1481	1598	
5576:	1359	
5578:	1493	
5617:	1544	
5641:	265	1715	
5652:	125	
5653:	5	7	37	65	75	83	102	145	152	156	157	169	186	188	190	199	209	260	267	276	308	310	1318	1365	1372	1393	1639	1695	
5658:	45	57	146	147	256	1353	1401	1530	1553	1598	1635	
5692:	1635	
5702:	1519	
5703:	1370	
5704:	1370	
5707:	1394	
5715:	277	
5731:	267	
5808:	1525	
5818:	184	
5831:	1497	
5846:	1676	
5847:	1469	1650	
5850:	106	168	251	1307	1308	1324	1330	1378	1430	1444	1455	1462	1468	1476	1494	1525	1561	1564	1573	1609	1640	1677	1727	1730	
5851:	1307	
5852:	1307	1430	1468	
5853:	168	
5855:	1455	
5856:	1640	
5858:	1402	
5863:	25	181	1435	
5880:	1617	
5885:	76	132	188	
5889:	1496	
5890:	264	
5891:	1621	1622	
5892:	1621	1622	
5898:	1528	
5899:	1528	
5915:	1347	
5920:	25	53	1342	1345	1349	1378	1465	1474	1479	1502	1566	1574	1580	1601	1659	
5921:	25	
5951:	1408	
5958:	1716	
5981:	1349	1411	
6027:	1367	
6032:	300	
6042:	1618	1621	1622	
6043:	1621	1622	
6046:	101	
6047:	101	
6058:	1337	
6062:	1388	
6069:	181	1717	
6096:	237	
6124:	1481	
6127:	238	
6151:	129	
6181:	1747	
6196:	1641	
6205:	140	
6214:	1366	
6222:	51	1571	1753	
6228:	1519	
6237:	1448	
6242:	305	
6250:	80	
6270:	1436	
6271:	1642	
6281:	3	7	134	148	222	263	277	1321	1382	1412	1416	1481	1593	1594	1647	1668	1727	1743	1753	
6284:	1449	1684	1702	
6316:	27	97	1549	1736	
6341:	1414	
6342:	1414	
6382:	38	86	188	197	233	262	1382	1412	1556	1743	1744	
6477:	1378	
6507:	1386	
6523:	1642	
6540:	1633	
6543:	41	44	123	1338	1633	1704	
6561:	1709	
6568:	3	48	50	130	233	283	288	1334	1391	1398	1414	1445	1456	1463	1479	1481	1597	1610	1626	1675	1697	1750	
6573:	296	1364	1367	1603	
6592:	1625	
6596:	222	1479	1508	
6607:	31	38	54	65	76	90	100	132	155	164	206	260	262	276	1303	1399	1400	1478	1581	1652	1715	1719	1734	1740	
6609:	1436	
6610:	1436	
6611:	1426	1566	1707	
6613:	1426	
6627:	1578	
6641:	70	
6643:	70	
6672:	142	
6673:	142	
6678:	142	
6679:	142	
6690:	1705	
6696:	1727	
6717:	1712	
6728:	1310	
6729:	1310	
6745:	1366	1705	
6746:	1366	
6750:	5	
6753:	1735	
6759:	223	1339	1537	1620	1672	
6778:	148	213	266	1422	1451	1474	1524	1525	1544	1560	1608	1662	1684	1703	1714	1752	
6789:	1310	
6796:	1662	
6800:	1309	
6809:	168	1359	1424	1457	1683	1727	
6811:	189	1528	
6825:	1456	
6833:	1614	1662	
6842:	80	
6851:	31	264	
6861:	1743	
6863:	1436	
6869:	1719	
6880:	189	
6910:	1449	
6934:	1449	1649	
6943:	1307	1507	1510	1513	1682	1693	1706	
6945:	1507	1693	
6979:	17	1474	1481	1574	
6980:	1574	
6983:	28	
7039:	1310	1703	
7056:	1728	
7057:	1728	
7087:	21	31	38	65	76	79	80	93	122	127	131	144	152	155	161	178	195	196	197	219	223	259	260	264	276	280	288	306	308	1310	1325	1349	1377	1388	1429	1465	1491	1508	1533	1546	1552	1586	1615	1627	1629	1633	1650	1652	1669	1688	1703	1704	1707	1715	1733	1734	
7094:	65	93	280	1388	
7095:	1715	
7096:	122	144	196	223	306	1546	1688	1707	
7097:	1715	
7105:	1555	
7107:	1662	
7110:	189	
7113:	1554	
7116:	31	35	36	38	65	76	92	103	106	119	133	148	149	155	164	174	175	176	177	181	210	213	224	233	234	242	245	248	257	266	272	274	304	305	311	312	1301	1303	1310	1313	1314	1315	1325	1330	1336	1339	1356	1359	1363	1365	1373	1376	1382	1383	1386	1388	1391	1392	1393	1395	1396	1398	1399	1400	1402	1407	1408	1410	1420	1421	1422	1424	1427	1429	1445	1449	1451	1452	1454	1459	1462	1463	1464	1472	1474	1477	1478	1489	1490	1494	1497	1502	1506	1509	1512	1514	1516	1520	1523	1524	1525	1529	1533	1538	1539	1542	1543	1544	1547	1551	1552	1553	1555	1556	1557	1560	1561	1562	1563	1568	1570	1571	1572	1574	1576	1577	1581	1586	1587	1588	1593	1595	1597	1600	1604	1605	1606	1607	1608	1609	1612	1614	1616	1624	1626	1629	1632	1634	1636	1643	1645	1648	1652	1658	1662	1668	1669	1673	1679	1684	1685	1687	1696	1697	1698	1701	1703	1705	1711	1712	1714	1715	1716	1719	1720	1721	1723	1726	1732	1737	1742	1752	1753	1758	
7117:	1636	1648	1658	1712	
7119:	106	274	1315	1356	1373	1408	1422	1462	1464	1490	1497	1520	1525	1542	1555	1560	1563	1570	1571	1605	1608	1624	1626	1662	1673	1687	1716	1720	
7120:	1525	
7121:	1313	1408	1429	1525	1612	
7127:	1701	1703	
7128:	1697	
7129:	311	1310	1313	1330	1359	1373	1388	1395	1396	1400	1421	1422	1424	1451	1478	1490	1494	1509	1524	1525	1529	1538	1542	1543	1544	1556	1562	1563	1568	1570	1571	1576	1577	1586	1588	1600	1604	1605	1607	1608	1609	1616	1624	1629	1634	1645	1658	1673	1679	1684	1687	1701	1714	1737	
7132:	1308	1356	1564	1683	
7148:	1445	1490	1505	
7151:	129	192	236	242	259	292	1323	1345	1347	1351	1354	1359	1366	1423	1492	1542	1579	1597	1696	1716	
7153:	1437	
7155:	1556	
7173:	279	1307	1546	
7203:	1381	
7208:	1472	
7230:	1724	
7232:	1610	
7251:	89	250	1476	1502	1508	1682	
7255:	1336	
7275:	242	
7276:	3	65	130	1318	1343	1363	1391	1392	1408	1458	1468	1480	1509	1525	1562	1566	1571	1612	1632	1648	1661	1684	
7280:	3	
7284:	1318	
7285:	1509	
7289:	1458	
7295:	3	1391	
7305:	1444	
7306:	1	3	5	9	27	38	43	65	76	88	91	100	101	102	112	114	127	129	132	134	137	153	155	188	207	227	230	234	263	277	280	281	288	305	1335	1391	1393	1411	1412	1417	1476	1491	1508	1552	1574	1583	1594	1641	1652	1665	1670	1702	1719	1730	1759	
7311:	277	1583	
7315:	1508	1574	1702	
7317:	280	
7329:	30	34	133	1420	1479	1728	
7334:	1381	
7338:	1318	1320	1552	1728	1748	
7341:	54	
7342:	1759	
7343:	130	
7351:	3	43	48	101	287	1314	1628	1711	
7352:	1315	1330	1335	1343	1359	1360	1376	1392	1395	1396	1421	1422	1424	1478	1483	1520	1529	1543	1544	1556	1560	1563	1586	1606	1608	1631	1634	1645	1658	1669	1672	1673	1677	1686	1698	
7356:	1335	1421	1483	1529	1543	
7358:	1315	1330	1335	1343	1359	1360	1376	1392	1395	1396	1422	1424	1478	1483	1520	1529	1556	1560	1563	1606	1631	1634	1645	1658	1669	1672	1673	1677	1686	1698	
7373:	48	
7377:	1583	1719	
7381:	277	
7382:	277	
7384:	228	1344	1583	
7386:	1344	
7388:	231	
7392:	1451	
7393:	1540	
7409:	1370	
7421:	1729	
7435:	181	
7438:	1460	
7447:	1307	
7450:	105	
7455:	1713	
7468:	150	
7495:	99	
7505:	245	
7508:	105	1423	1443	
7510:	1618	
7518:	1621	1622	
7550:	128	1459	1734	
7585:	1301	
7588:	20	65	86	89	107	118	119	125	262	309	1310	1351	1352	1385	1388	1390	1441	1454	1504	1508	1561	1597	1615	1627	1643	1662	1673	1700	1719	
7589:	1351	
7622:	1671	
7637:	103	142	1411	
7640:	35	
7643:	1682	
7684:	1597	
7722:	1450	
7731:	1642	
7734:	1569	
7743:	97	1398	
7756:	40	41	44	97	1398	1620	1633	
7759:	1618	
7778:	100	167	283	304	1302	1345	1353	1356	1370	1397	1417	1424	1477	1584	1586	1604	1613	1634	1635	1714	1715	1737	
7780:	1424	1584	1604	1634	
7799:	100	
7826:	1709	
7839:	25	81	153	185	1317	1350	1352	1375	1591	
7844:	185	
7921:	220	
7937:	1543	
7943:	1724	
7960:	286	
7979:	1660	
7994:	18	1320	1330	1336	1340	1365	1392	1395	1396	1519	1623	1626	1698	1714	
7997:	1316	1395	1747	
8002:	32	41	74	93	107	121	205	1369	1454	1474	1508	1519	1583	1594	1629	
8006:	1318	1320	1484	1548	
8013:	241	1361	1402	1423	1465	1486	1614	
8016:	245	
8022:	1477	
8031:	1721	
8041:	189	1443	1660	
8044:	189	
8047:	1506	
8048:	62	
8055:	1350	
8082:	1469	
8086:	1443	
8128:	1748	1756	
8135:	25	
8138:	1356	
8140:	1566	1706	
8174:	292	
8183:	60	124	128	140	143	160	241	257	283	288	291	305	1417	1746	
8185:	283	305	1417	
8197:	1	21	35	38	78	98	107	124	125	132	177	178	184	194	208	212	222	251	263	276	284	1478	1480	1486	1521	1525	1533	1547	1594	1613	1615	1627	1652	1733	1742	
8202:	212	263	
8203:	1613	
8216:	38	74	1414	
8225:	1441	
8228:	1448	
8235:	21	192	208	265	
8264:	1682	
8265:	1682	
8298:	103	
8303:	1450	
8304:	53	1599	
8306:	53	1599	
8350:	1325	1390	1416	1466	1477	1506	
8357:	1381	1496	
8383:	181	
8391:	1594	
8393:	1530	
8399:	245	
8403:	185	
8444:	143	1302	1355	1746	
8450:	181	
8453:	1559	
8454:	272	
8466:	80	
8491:	276	
8503:	1358	
8520:	62	
8522:	136	
8523:	1676	
8531:	95	1647	
8535:	1339	
8553:	1484	
8554:	1385	
8572:	1701	
8574:	1701	
8584:	3	54	65	66	100	166	176	190	244	260	263	266	276	1384	1417	1479	1676	1719	
8585:	65	100	266	276	
8587:	260	
8603:	223	1388	1584	1610	1623	
8604:	1610	
8622:	1732	
8632:	1690	
8644:	1655	
8649:	156	
8655:	213	
8689:	105	191	245	1349	
8690:	105	191	245	1349	
8692:	303	1571	1747	
8693:	1706	
8699:	1486	1676	
8724:	1310	
8730:	1655	
8731:	1310	1362	1597	
8743:	178	
8754:	122	1519	
8755:	1379	
8759:	1643	
8793:	1449	
8808:	1506	
8814:	1429	
8834:	1614	
8850:	110	
8855:	1676	
8860:	110	
8869:	1479	
8871:	1626	
8891:	1436	
8898:	233	1410	
8902:	141	
8921:	1715	
8926:	1556	
8944:	1621	1622	
8956:	58	
8958:	58	
8973:	1330	1662	
8985:	1560	
8989:	117	
8999:	1484	1650	
9001:	1650	
9006:	91	
9017:	1609	
9019:	1378	
9023:	127	1593	
9026:	1728	
9037:	286	
9039:	1616	
9042:	1666	
9051:	1381	
9054:	1724	
9078:	1623	
9091:	167	197	1567	
9092:	167	197	1567	
9100:	1662	
9118:	1641	
9139:	1636	
9173:	1444	1585	
9178:	1361	
9183:	1688	
9201:	167	286	1511	1684	
9204:	275	
9213:	110	1372	
9214:	170	
9218:	1474	1492	1707	
9222:	1435	
9237:	286	1667	
9239:	122	131	195	
9242:	1449	1702	
9243:	1449	
9247:	1345	
9261:	1373	
9289:	1695	
9291:	1429	
9303:	65	
9306:	1376	
9314:	1591	
9323:	1345	
9331:	105	
9336:	1329	
9343:	1329	
9360:	1368	1676	
9369:	7	
9371:	158	
9384:	1347	
9390:	110	
9431:	133	1371	
9470:	1484	
9473:	1466	
9497:	86	
9499:	2	1335	1372	
9500:	105	
9506:	141	
9514:	1301	
9516:	1345	
9535:	1320	1628	
9541:	57	117	141	147	170	203	236	271	292	304	1318	1344	1353	1401	1433	1444	1517	1526	1592	1598	1635	1700	1759	
9546:	57	271	1401	1635	
9547:	57	117	203	292	304	1353	1517	1526	1592	1635	1700	
9550:	1444	1635	
9589:	1379	1434	
9591:	1626	
9593:	1626	
9599:	133	
9601:	133	
9609:	1315	1515	
9610:	86	88	184	223	260	1303	1334	1363	1365	1388	1391	1393	1399	1408	1412	1429	1437	1452	1458	1468	1469	1475	1477	1483	1494	1512	1535	1584	1585	1609	1610	1623	1626	1636	1661	1716	1720	1727	1740	1758	
9611:	1458	1475	
9613:	1412	1469	1535	
9626:	1724	
9627:	1304	1451	
9629:	1310	
9631:	50	
9653:	1448	
9663:	1658	
9666:	35	1490	1516	
9677:	1649	1722	
9680:	10	
9703:	128	
9720:	1357	
9729:	1493	
9745:	56	
9766:	212	
9775:	1463	
9797:	125	1566	1597	1671	
9806:	1350	
9821:	5	
9836:	1301	
9841:	38	1310	1642	
9937:	1374	
9968:	1569	
9969:	246	
9975:	1381	
9989:	1597	
10049:	3	35	40	41	56	57	83	93	117	127	203	217	227	230	259	265	292	1310	1345	1500	1526	1592	1598	1617	1633	1685	1704	1731	1750	
10051:	1731	
10052:	35	56	57	83	93	117	203	227	259	265	1310	1345	1500	1526	1592	1617	
10053:	35	56	57	83	93	203	227	259	265	1310	1345	1500	1526	1617	
10061:	45	203	212	231	277	312	1345	1407	1445	1525	1546	1652	
10071:	176	205	
10080:	1512	
10088:	1662	
10110:	1358	
10115:	170	
10144:	127	136	158	
10150:	4	
10160:	1635	
10165:	45	
10179:	1303	1325	1347	1369	1464	1508	1537	1542	1592	1656	1662	1709	1743	
10189:	1493	1686	
10191:	29	35	86	178	1429	1594	1715	
10192:	1733	
10194:	182	
10212:	29	276	
10214:	248	1304	
10218:	248	1304	
10254:	44	93	97	127	156	161	197	210	231	246	262	271	288	303	304	1330	1336	1346	1366	1398	1399	1408	1417	1421	1423	1427	1444	1445	1459	1486	1492	1512	1523	1525	1529	1568	1571	1584	1592	1593	1594	1597	1603	1610	1627	1634	1636	1647	1667	1668	1682	1700	1709	1732	1734	1743	1753	
10257:	1592	1603	
10259:	1732	
10260:	303	
10263:	44	114	264	277	1348	1670	1681	1736	
10264:	84	
10277:	153	168	172	223	237	246	288	1308	1315	1330	1336	1350	1351	1354	1356	1361	1376	1383	1388	1390	1393	1395	1420	1423	1424	1434	1447	1473	1478	1480	1489	1501	1515	1519	1528	1529	1537	1539	1544	1556	1557	1562	1564	1566	1579	1582	1584	1590	1593	1600	1602	1610	1620	1623	1656	1669	1671	1677	1684	1687	1706	1723	1742	1758	
10278:	1308	1315	1356	1376	1420	1478	1489	1539	1556	1562	1564	1600	1602	1669	1687	
10279:	168	1308	1515	1564	
10284:	1528	1566	1600	1671	1706	
10285:	223	1388	1390	1395	1423	1434	1478	1480	1501	1519	1537	1584	1610	1620	1623	1656	1723	
10286:	1350	
10287:	1351	
10289:	1350	
10292:	10	13	
10304:	1433	1462	
10312:	1450	1713	
10325:	45	57	203	256	1401	1530	1635	
10333:	182	189	1301	1304	1320	1418	1480	1597	1602	1648	1660	1701	
10335:	182	
10339:	189	
10345:	136	
10349:	34	185	189	1301	1320	1427	1660	
10353:	189	
10358:	106	1495	1609	
10360:	62	1301	1412	1660	1665	
10384:	1302	
10385:	1411	
10388:	1301	1714	
10398:	1497	1701	
10399:	1497	
10424:	1621	1622	
10426:	24	122	131	227	
10429:	227	
10430:	1381	
10445:	172	240	241	
10456:	1709	
10478:	112	
10479:	303	
10492:	1597	
10499:	1448	
10529:	10	
10533:	1662	
10569:	245	
10570:	1347	
10571:	1342	1380	1513	1580	1693	
10575:	285	1324	1494	1668	
10577:	1547	
10590:	1497	
10591:	1587	1707	
10608:	1532	
10609:	1441	
10628:	1408	1489	1669	
10638:	245	
10653:	220	
10667:	189	
10668:	1	101	120	121	129	213	237	263	293	305	312	1321	1583	1633	
10688:	43	1314	
10693:	34	1479	
10694:	34	1479	
10709:	147	1754	
10717:	1350	
10720:	1350	
10726:	1597	
10737:	236	
10740:	278	
10749:	277	279	1385	1582	1592	1623	1639	1736	
10778:	1733	
10796:	1665	
10812:	1676	
10844:	147	
10845:	147	
10889:	1389	
10895:	1597	
10899:	189	
10916:	1602	
10917:	1602	
10931:	1613	
10938:	1366	
10954:	1676	
10973:	17	191	
10974:	17	191	
10977:	1461	
10978:	1461	
10985:	1408	1429	
10988:	1597	
10990:	1484	
10991:	1484	
10997:	1484	
11009:	17	1379	
11013:	1693	
11014:	182	1693	
11018:	1388	
11021:	245	
11023:	1707	
11024:	1593	
11033:	142	
11042:	1713	
11083:	1528	
11101:	1416	
11137:	66	147	180	1363	1464	1465	1486	1506	1508	1533	1592	1677	1688	1730	
11144:	101	1304	1308	1337	1351	1411	1489	1519	1564	1577	1714	
11149:	101	1577	
11159:	1411	
11166:	308	
11177:	2	29	107	120	128	174	190	227	236	248	308	1357	1397	1430	1454	1527	1652	1720	
11181:	2	107	128	174	248	1397	1430	
11194:	237	1633	
11195:	59	83	190	194	221	261	264	267	287	1732	
11206:	53	1351	1354	1723	
11211:	79	
11213:	79	
11228:	1310	
11229:	1662	
11236:	1597	
11255:	109	233	245	1324	1337	1351	1446	1462	1483	1507	1510	1528	1558	1569	1573	1582	1654	1655	1709	
11260:	233	
11262:	1337	
11264:	1528	
11265:	1654	
11275:	1337	1347	1447	1460	1474	1508	1574	1597	1666	
11277:	1347	
11283:	1337	
11284:	1508	1574	
11310:	248	
11311:	1505	1621	1622	
11312:	1597	
11347:	143	
11380:	1380	
11385:	1458	
11390:	1506	
11393:	3	43	103	128	130	145	228	235	246	267	276	285	1388	1391	1429	1445	1451	1459	1479	1508	1512	1517	1526	1532	1571	1612	1614	1626	1634	1662	1668	1715	
11402:	1571	1662	
11403:	1391	1459	1612	
11405:	1429	1508	1512	1715	
11413:	1512	1558	1620	
11415:	1512	1620	
11426:	56	
11447:	1722	
11452:	1481	
11456:	1378	
11468:	1451	
11493:	1708	
11503:	266	
11506:	1641	
11520:	1497	
11522:	1434	
11539:	17	
11550:	1416	
11564:	236	1329	
11574:	1513	
11576:	1671	
11577:	1519	
11586:	1505	
11598:	1462	
11601:	145	179	
11605:	1466	
11610:	3	24	27	31	43	57	63	72	76	91	97	101	130	135	158	161	162	170	179	195	198	230	237	256	279	280	292	312	1301	1302	1307	1320	1334	1348	1365	1371	1372	1391	1393	1398	1403	1411	1417	1427	1428	1484	1488	1493	1514	1519	1549	1552	1598	1618	1626	1628	1639	1657	1660	1661	1670	1674	1695	1699	1705	1711	1718	1719	1727	1728	1729	1732	1735	1736	1739	1740	1741	1747	1756	1758	
11618:	257	
11640:	1667	
11644:	125	1310	1313	1315	1323	1330	1343	1356	1365	1421	1424	1430	1452	1462	1464	1478	1486	1494	1521	1555	1561	1562	1576	1586	1587	1588	1596	1600	1602	1604	1607	1620	1624	1632	1668	1669	1684	1737	
11651:	1680	
11659:	1402	
11673:	1336	
11680:	56	
11700:	278	
11706:	28	33	92	98	106	114	137	164	170	266	312	1307	1310	1313	1315	1316	1323	1324	1325	1330	1334	1343	1347	1356	1359	1360	1361	1363	1365	1372	1373	1376	1378	1379	1380	1382	1385	1387	1389	1390	1391	1392	1395	1396	1397	1399	1402	1403	1406	1408	1412	1415	1416	1420	1421	1422	1423	1424	1427	1429	1430	1431	1432	1434	1436	1444	1446	1450	1451	1452	1457	1458	1459	1462	1464	1465	1466	1468	1469	1473	1475	1476	1477	1478	1480	1483	1485	1486	1488	1489	1494	1498	1499	1501	1502	1504	1506	1507	1509	1510	1511	1512	1513	1514	1515	1519	1525	1527	1528	1529	1530	1534	1535	1537	1542	1543	1544	1545	1547	1555	1556	1557	1558	1561	1568	1572	1573	1574	1581	1582	1584	1585	1586	1587	1588	1590	1596	1600	1601	1602	1604	1607	1608	1609	1610	1613	1620	1623	1624	1629	1631	1632	1636	1639	1641	1645	1648	1650	1652	1655	1656	1669	1671	1672	1673	1675	1677	1683	1684	1686	1693	1694	1697	1698	1700	1701	1702	1703	1706	1708	1714	1716	1720	1721	1722	1723	1724	1725	1726	1727	1730	1736	1737	1738	1739	1740	1743	1744	1745	1747	1748	1749	1750	1751	1753	1755	1756	1757	1758	1759	
11707:	1365	
11709:	1365	1488	1514	1639	1747	1755	1758	1759	
11710:	1469	1585	1636	
11711:	1641	
11712:	1483	1506	1558	
11713:	114	1307	1323	1324	1325	1330	1356	1359	1360	1363	1365	1379	1392	1396	1402	1406	1416	1420	1421	1432	1451	1452	1462	1466	1468	1475	1477	1478	1483	1485	1486	1494	1499	1507	1512	1519	1525	1527	1529	1543	1544	1545	1556	1557	1558	1561	1568	1572	1573	1582	1584	1586	1587	1596	1607	1609	1624	1631	1632	1645	1672	1673	1675	1684	1686	1698	1703	1722	1725	1727	1730	1736	1737	
11714:	1511	
11715:	1753	1755	
11716:	1334	1365	1483	1727	
11717:	1582	
11720:	1390	1451	1480	1501	1537	1584	1610	1620	1723	
11721:	1315	1316	1323	1324	1432	1458	1506	1507	1528	1530	1558	1587	
11723:	1574	1641	
11725:	1307	1363	1365	1468	1721	
11726:	1325	1334	1363	1365	1499	1686	1720	
11728:	1446	
11729:	1307	1365	
11730:	106	1310	1315	1323	1324	1343	1356	1359	1363	1365	1373	1376	1385	1387	1392	1396	1399	1402	1408	1416	1420	1422	1424	1430	1451	1452	1457	1473	1478	1486	1489	1499	1504	1515	1529	1544	1545	1555	1557	1561	1573	1582	1587	1596	1600	1604	1607	1608	1609	1624	1631	1632	1645	1672	1673	1677	1684	1686	1693	1701	1714	1720	1721	1722	1725	1727	1730	1737	
11733:	1361	1650	
11735:	1506	
11745:	1468	1469	
11791:	1369	
11792:	1369	
11794:	1702	
11795:	1486	
11799:	1497	
11800:	1497	
11808:	110	
11809:	110	
11815:	1479	
11832:	134	
11847:	1676	
11855:	127	1540	1608	
11857:	1421	1444	1451	1483	1570	1593	
11903:	1620	
11923:	1451	
11927:	1592	
11975:	10	13	220	
11990:	1506	
12003:	1301	1320	1344	1577	1660	
12008:	1344	
12021:	1336	1411	1480	1484	1519	
12042:	1484	
12045:	60	153	196	242	273	280	
12046:	60	153	196	242	273	280	
12051:	1	3	17	20	21	32	35	36	48	50	51	54	55	60	64	65	66	68	76	78	90	91	92	96	98	99	100	102	104	106	107	114	118	119	120	124	125	128	129	132	134	143	148	151	153	155	161	166	172	175	184	192	196	200	204	205	210	211	218	223	234	237	240	241	242	243	248	255	257	262	266	272	273	274	279	283	288	305	311	1330	1356	1384	1394	1400	1417	1429	1454	1483	1503	1524	1525	1539	1555	1557	1560	1571	1575	1586	1588	1593	1594	1607	1616	1627	1634	1637	1652	1664	1680	1688	1703	1719	1734	1742	
12068:	1415	1449	1574	1702	
12069:	1449	1702	
12073:	230	
12074:	257	1484	
12079:	1488	1514	
12084:	1338	1439	
12085:	1338	
12088:	158	1497	
12091:	45	57	114	203	1353	1553	1592	1625	1635	1704	
12092:	1704	
12108:	1492	
12109:	1492	
12128:	1513	
12142:	1	9	20	26	29	38	48	50	65	69	88	102	107	119	121	128	139	152	156	157	178	184	188	190	199	205	206	209	210	222	225	230	233	262	263	264	274	282	283	306	308	309	310	1346	1377	1454	1523	1583	1615	1652	1661	
12175:	1416	1725	
12177:	1725	
12178:	1416	
12212:	1444	
12230:	1547	
12246:	33	1724	1740	1749	1750	1753	1755	1757	1758	
12283:	1423	
12287:	259	1431	1590	
12291:	259	
12297:	1606	
12299:	1414	
12304:	106	153	274	1315	1322	1330	1356	1373	1392	1396	1408	1422	1424	1432	1451	1462	1463	1464	1473	1483	1490	1497	1510	1520	1525	1529	1539	1541	1542	1543	1553	1555	1556	1560	1563	1570	1571	1584	1593	1596	1605	1606	1607	1608	1610	1624	1626	1628	1634	1662	1673	1677	1687	1698	1702	1715	1716	1720	1723	
12306:	1330	1422	1432	1451	1473	1483	1520	1525	1539	1542	1543	1556	1593	1596	1606	1608	1624	1634	1698	1702	1720	
12313:	1378	
12318:	147	
12322:	1416	
12329:	1379	1709	
12338:	1642	
12342:	1381	
12344:	1338	
12360:	1338	
12367:	1460	1466	1591	
12378:	1353	
12381:	1569	
12383:	1628	
12386:	1562	
12399:	65	93	177	1375	1396	1537	1624	1662	1756	
12400:	65	93	177	1375	1396	1537	1662	1756	
12408:	1626	
12413:	106	1336	1365	1388	1423	1480	1486	1501	1519	1522	1537	1572	1584	1610	1620	1656	1715	1723	
12414:	106	1480	1584	1610	1656	1723	
12416:	1388	
12419:	1365	1423	1480	1486	1501	1519	1537	1584	1620	1656	
12433:	292	
12464:	1361	
12486:	1361	
12499:	161	176	279	288	1484	1626	1729	1732	1734	1735	
12503:	1639	
12511:	189	
12512:	189	
12540:	123	
12562:	1436	
12578:	1614	
12592:	1474	1492	
12607:	57	199	
12621:	9	
12636:	147	
12661:	1575	
12678:	178	221	1523	
12683:	1645	1679	
12684:	277	1583	
12686:	1321	
12688:	1668	
12708:	1570	
12714:	1415	1434	
12728:	86	1325	
12735:	188	
12750:	100	312	1359	1501	1512	1657	
12762:	1591	
12764:	1591	
12776:	1481	
12779:	1330	
12787:	203	205	303	1426	1583	1633	
12803:	1484	
12807:	44	
12816:	236	1731	
12833:	32	277	1310	
12851:	124	
12859:	1676	
12866:	1474	
12867:	1723	
12868:	1471	
12873:	1547	
12894:	1649	
12925:	1546	
12947:	1428	
12949:	1428	
12958:	1415	1703	
12962:	1552	
13007:	181	
13032:	1428	
13040:	1428	
13041:	1551	
13046:	1586	
13058:	1528	1671	
13066:	1336	
13072:	55	
13075:	1524	
13090:	129	
13113:	1591	
13122:	1670	1736	
13123:	1670	1736	
13124:	76	
13128:	265	
13136:	21	1432	1586	1634	1668	
13146:	1403	
13174:	1720	
13179:	120	1736	
13204:	1547	
13206:	76	78	283	1313	1322	1408	1429	1525	1547	1553	1576	1612	1662	1715	
13211:	1662	
13224:	1426	
13233:	1468	
13238:	1468	1477	
13239:	1316	1323	1324	1363	1458	1466	1468	1475	1494	1498	1506	1507	1558	1573	1587	1722	1727	
13240:	1684	
13243:	1484	
13249:	1301	1318	1320	1579	1648	1729	
13256:	1320	1579	
13260:	1320	
13265:	1320	1330	1336	1365	1519	1626	
13289:	1320	
13302:	1429	
13320:	1426	
13326:	1443	
13328:	1466	
13336:	142	
13345:	1498	
13350:	168	1330	
13353:	168	
13356:	1654	
13358:	1654	
13359:	122	136	151	264	288	1412	1431	1488	1514	1581	1590	1667	1680	1696	1724	1736	1742	
13363:	136	
13364:	1431	
13365:	1412	1488	
13369:	1736	
13371:	1488	
13378:	128	228	235	264	1703	1720	
13380:	179	
13382:	53	
13395:	1592	1738	
13402:	1509	
13410:	137	
13429:	25	181	1435	
13466:	1351	
13472:	181	
13474:	1435	
13495:	1532	1705	
13497:	130	1479	1532	1614	
13498:	108	158	1479	1496	
13504:	166	
13516:	1432	
13522:	1	5	82	188	190	199	236	267	305	1440	1598	1619	1649	
13525:	17	69	74	82	83	90	124	125	139	143	172	181	188	191	197	209	216	221	222	223	227	240	241	244	245	258	259	267	284	304	1316	1342	1347	1367	1377	1380	1447	1454	1459	1481	1488	1523	1559	1575	1580	1597	1610	1615	1620	1626	1642	1680	1709	1733	1742	
13531:	124	1733	
13538:	181	240	
13540:	1481	
13553:	236	
13565:	1519	
13566:	1702	
13571:	245	
13573:	1390	1519	
13574:	1519	
13581:	59	1735	
13588:	18	65	112	128	1379	1455	1456	1533	1579	1711	1714	
13592:	1456	
13636:	136	
13643:	1683	
13647:	189	
13653:	1374	
13658:	136	
13664:	1671	
13675:	1693	
13679:	1378	
13686:	25	246	284	1317	1365	1375	1537	1552	1657	
13692:	1444	
13693:	1444	
13701:	209	
13712:	1530	
13715:	79	
13717:	1361	1391	1444	1469	1515	1585	1675	
13719:	1361	1469	1585	
13720:	1444	
13723:	1411	
13734:	181	
13740:	170	1626	1729	
13757:	1386	
13800:	150	
13841:	43	1314	1329	1361	1429	1451	1497	1540	1618	1675	1697	1711	
13844:	1451	
13849:	1636	
13857:	251	1357	
13867:	1449	1641	
13890:	1548	
13893:	1567	
13899:	152	222	237	1484	
13902:	1719	
13903:	1719	
13907:	1451	1454	1465	1481	
13918:	141	
13923:	1667	
13924:	1667	
13929:	1323	1566	
13955:	1693	
13995:	191	
14005:	158	
14006:	93	251	1309	
14028:	1439	
14055:	63	1437	
14114:	110	
14119:	1440	1619	
14121:	73	76	91	100	139	160	194	223	224	1366	1417	1454	1681	1690	1747	
14126:	168	
14130:	4	265	
14162:	239	
14174:	218	
14179:	1	9	20	26	29	38	48	50	65	69	88	102	107	119	121	128	139	152	156	157	178	184	188	190	199	205	206	209	210	222	225	233	262	263	264	274	282	283	306	308	309	310	1346	1377	1454	1523	1583	1615	1652	1661	
14190:	1690	
14198:	1343	1363	1392	1423	1434	1462	1468	1480	1486	1509	1525	1562	1591	1600	1602	1648	1684	1701	
14219:	1423	
14253:	1643	
14262:	105	136	
14285:	1417	1435	
14286:	1435	
14288:	99	1514	
14304:	10	
14306:	195	312	
14309:	1435	
14338:	18	237	
14344:	223	237	1356	1512	1588	1620	
14362:	237	1329	
14364:	237	1329	
14380:	1336	1684	
14382:	80	114	128	194	231	246	264	312	1336	1403	1427	1433	1454	1519	1733	1744	1755	1757	1758	
14384:	1336	1433	1519	
14386:	1385	1615	1670	
14388:	159	178	
14389:	159	
14403:	1641	
14471:	190	282	
14476:	1301	1362	1525	
14522:	9	223	1336	1399	1412	1584	1674	1709	
14523:	1709	
14525:	1412	
14539:	78	93	169	246	251	1309	1427	1738	
14546:	93	251	1309	
14559:	1502	
14573:	217	1411	1412	1483	1642	
14581:	1483	
14583:	120	
14587:	78	127	132	1386	1392	1417	
14591:	31	38	54	65	76	90	100	132	155	164	206	260	262	276	1303	1399	1400	1478	1581	1652	1715	1719	1734	1740	
14598:	1593	
14602:	54	96	178	210	213	233	1339	1346	1377	1615	
14613:	10	
14616:	17	
14619:	1475	
14629:	291	303	1337	1350	1351	1364	1369	1388	1390	1399	1429	1434	1463	1475	1483	1525	1533	1562	1584	1597	1607	1614	1642	1657	1665	1723	
14632:	1369	1434	1463	1475	1657	
14651:	1597	
14659:	264	1428	
14696:	1555	
14697:	17	
14710:	1728	
14713:	1579	
14740:	1402	
14811:	1720	
14825:	282	
14826:	282	
14831:	1524	
14841:	1645	1679	1702	
14844:	1660	
14860:	281	
14865:	1325	
14866:	1320	
14868:	110	1372	
14885:	1685	
14890:	1393	
14892:	1659	
14917:	1753	
14918:	1481	
14928:	1618	
14931:	1586	
14945:	1500	
14947:	1375	
14958:	3	76	88	202	237	1303	1329	1365	1391	1412	1484	1552	1612	1661	1684	1695	1702	1716	1718	
14971:	1391	1661	
14973:	1716	
14976:	1695	
14977:	1552	
14987:	164	
14992:	106	160	1336	1372	1375	1392	1434	1525	1588	1593	1664	1700	
14996:	5	
15008:	1374	
15018:	1	9	18	24	38	44	64	65	78	87	88	90	93	100	128	132	153	156	169	176	177	188	192	194	205	223	231	233	235	243	262	265	266	274	281	305	1303	1417	1441	1454	1459	1478	1520	1523	1543	1568	1585	1588	1616	1634	1636	1652	1657	1664	1719	1731	1747	
15021:	10	13	63	126	169	220	263	1461	1612	
15038:	262	
15044:	38	134	152	188	257	1395	1396	1524	1652	1684	
15048:	1479	
15052:	1433	1466	1654	
15056:	1433	
15078:	152	205	1318	1613	1705	
15091:	1613	
15137:	1671	
15144:	176	291	292	1310	1323	1371	1382	1532	1533	
15145:	1642	
15147:	1307	1450	1642	1684	
15149:	1671	
15150:	1685	
15158:	1444	
15159:	1443	
15176:	1641	
15177:	191	
15178:	191	
15182:	1601	
15186:	1381	
15198:	245	
15199:	245	
15202:	1714	
15214:	146	1460	
15215:	146	
15217:	1460	
15253:	56	
15254:	56	
15267:	212	1594	1681	
15276:	83	102	
15280:	136	164	1315	1505	1509	1665	
15299:	1636	
15319:	1338	1351	1758	
15352:	167	
15355:	185	1463	1506	1657	1735	
15359:	185	
15371:	245	
15387:	1597	
15403:	1345	
15409:	51	
15421:	1381	
15452:	1681	
15489:	1542	
15507:	1724	
15515:	1658	
15523:	1657	
15553:	1435	1465	
15554:	1324	1379	1436	1483	1507	1510	1558	1655	1706	1709	
15574:	1449	1684	1702	
15577:	1361	
15585:	1585	
15592:	1484	
15593:	1484	
15640:	1663	
15641:	217	
15642:	1365	
15644:	1579	
15654:	109	1666	
15669:	189	
15681:	1429	
15682:	1429	
15683:	1604	
15687:	1672	1673	
15692:	37	
15698:	1716	
15699:	1648	
15704:	1694	
15711:	122	159	195	261	265	269	280	287	1732	
15713:	280	
15718:	122	
15756:	1734	1742	
15791:	147	
15794:	277	1704	
15795:	303	1571	1747	
15799:	136	
15818:	219	
15822:	1704	
15828:	1402	1505	1572	
15829:	1505	
15833:	1444	
15849:	1324	1582	1630	1659	1693	
15851:	1630	
15873:	38	39	45	53	66	79	83	90	93	109	117	118	121	127	129	134	142	143	146	155	172	180	191	204	218	228	230	241	244	245	246	272	277	285	303	1304	1336	1337	1342	1343	1364	1369	1374	1377	1380	1382	1385	1389	1390	1392	1394	1396	1414	1416	1420	1426	1427	1429	1432	1433	1434	1436	1444	1446	1448	1455	1459	1460	1462	1465	1475	1476	1481	1483	1485	1491	1506	1508	1511	1512	1513	1515	1527	1529	1530	1533	1534	1542	1553	1561	1562	1570	1573	1575	1578	1580	1581	1582	1585	1592	1597	1599	1602	1604	1607	1609	1610	1613	1614	1615	1620	1621	1622	1626	1636	1638	1642	1649	1652	1655	1657	1659	1662	1666	1667	1670	1671	1675	1677	1681	1682	1683	1684	1693	1694	1700	1702	1705	1706	1709	1717	1723	1726	1730	1742	
15875:	21	37	102	110	118	169	197	278	1407	1517	1625	
15881:	3	20	21	25	26	31	33	36	38	39	41	50	51	54	55	59	60	62	64	65	66	73	76	78	79	85	86	87	90	91	92	93	94	96	97	98	99	101	106	107	114	119	120	121	123	124	125	127	128	129	134	137	139	140	143	144	149	151	155	159	160	162	172	174	175	176	177	181	182	184	192	194	197	200	204	205	206	209	210	213	216	217	218	219	221	223	224	227	229	231	232	235	237	240	241	242	243	245	246	250	257	258	262	264	266	267	272	273	274	277	280	281	283	284	305	306	308	309	312	1302	1303	1304	1307	1308	1310	1321	1324	1325	1330	1336	1339	1346	1348	1356	1359	1361	1365	1375	1376	1377	1379	1380	1381	1383	1385	1388	1390	1391	1392	1395	1396	1397	1398	1399	1400	1403	1408	1411	1417	1424	1427	1434	1443	1444	1447	1451	1454	1459	1463	1464	1474	1476	1484	1486	1499	1501	1503	1504	1507	1508	1509	1512	1514	1520	1524	1525	1527	1529	1536	1542	1544	1556	1557	1560	1563	1564	1572	1573	1583	1586	1593	1597	1600	1601	1608	1610	1612	1615	1618	1620	1623	1624	1626	1627	1629	1633	1634	1637	1639	1645	1652	1658	1661	1664	1667	1668	1670	1674	1680	1681	1682	1700	1702	1703	1704	1709	1712	1714	1716	1719	1729	1734	1736	1737	1738	1740	1742	1744	1748	1749	1751	1752	1753	1754	1755	1757	1758	1759	
15883:	159	305	1383	1680	1704	
15885:	50	62	78	86	94	175	305	1377	1388	1398	1501	1525	1557	
15890:	41	127	140	144	205	232	283	1381	1398	1417	1443	1454	1633	1661	1670	1674	1703	1712	1736	1755	
15891:	140	160	227	281	1536	
15893:	281	
15897:	162	237	312	1348	1391	1411	1661	
15898:	1484	
15899:	73	76	91	139	160	224	1417	1681	
15910:	76	1593	
15917:	43	108	1314	1318	1368	1431	1435	1443	1449	1605	1608	1648	1676	1701	
15920:	1648	
15921:	1676	
15923:	1608	
15934:	43	
15937:	1676	1685	
15940:	1676	
15947:	191	
15962:	1336	
15965:	1669	1675	
15967:	1669	
16004:	1502	1597	
16046:	1520	
16047:	1728	
16048:	1310	
16060:	129	266	1429	1537	1561	1673	
16072:	1441	
16086:	152	1338	1686	
16094:	186	
16099:	1310	
16115:	1627	
16121:	3	1321	1456	
16126:	1474	
16142:	1447	1652	1732	
16143:	1732	
16149:	25	
16151:	136	
16163:	40	62	78	90	106	113	127	129	178	266	1330	1356	1369	1376	1391	1395	1400	1421	1423	1452	1478	1508	1509	1525	1551	1556	1559	1561	1593	1597	1604	1608	1616	1635	1652	1662	1684	1715	
16165:	1693	
16167:	1337	1396	1447	1489	1519	1690	
16180:	1396	
16193:	241	
16220:	1488	
16238:	1444	1452	1515	1669	1675	1677	1695	1705	
16251:	3	198	1334	1365	1375	1412	1546	1618	1635	
16275:	284	
16279:	1450	
16284:	157	
16314:	257	
16339:	101	1381	1447	1489	1552	1566	
16344:	1426	
16374:	133	
16376:	1307	1558	1641	1642	
16381:	1435	
16393:	1466	
16397:	85	
16404:	1715	
16434:	209	
16454:	1315	1584	
16475:	1433	
16479:	1552	1659	
16484:	189	
16493:	1591	
16495:	173	
16506:	1497	
16507:	183	
16510:	183	
16568:	136	
16615:	1448	
16624:	1693	
16625:	1693	
16669:	1435	
16670:	1435	
16671:	257	
16672:	17	93	195	222	1322	1397	1488	1512	
16674:	93	1397	
16683:	1310	1313	1315	1330	1335	1350	1356	1359	1360	1376	1387	1392	1395	1396	1402	1408	1410	1420	1422	1424	1430	1451	1452	1457	1464	1473	1478	1485	1486	1490	1494	1504	1520	1521	1524	1525	1529	1538	1539	1541	1543	1544	1555	1556	1557	1560	1563	1571	1572	1576	1586	1588	1595	1596	1602	1604	1606	1607	1608	1624	1629	1631	1634	1645	1658	1668	1669	1687	1690	1720	1721	1737	
16684:	1690	
16691:	1568	
16693:	1684	
16694:	1322	1324	1340	1436	1510	1566	1690	1707	
16695:	1566	1690	
16698:	1351	1566	
16701:	1396	1630	
16706:	1322	1324	1330	1340	1366	1385	1392	1410	1483	1566	1582	1649	1690	1701	1707	
16707:	1340	1366	1566	
16708:	1350	1351	1352	1354	1466	
16720:	1388	1636	
16733:	251	1385	1655	
16737:	212	
16759:	1574	
16782:	1667	
16783:	1743	
16784:	172	1308	1315	1330	1343	1356	1376	1483	1485	1489	1556	1561	1564	1632	1677	1683	1686	
16786:	1433	
16787:	1433	
16802:	1728	
16821:	1728	
16827:	1461	
16843:	34	165	
16847:	1374	
16848:	1703	
16849:	1724	
16853:	185	
16854:	185	
16866:	1304	
16911:	1441	
16912:	1	78	137	148	164	263	279	281	1339	1365	1424	1445	1543	1563	1600	1612	1639	1648	1716	
16918:	1642	
16927:	185	1452	
16933:	185	
16950:	1693	
16951:	1393	1484	
16956:	1484	
17004:	1537	
17007:	105	
17010:	1707	
17022:	110	1558	
17024:	21	84	1555	
17033:	1650	
17064:	245	
17084:	1676	
17099:	1676	
17100:	1368	
17104:	45	57	256	1353	
17119:	271	
17176:	1469	
17191:	1519	
17192:	1655	
17193:	1324	1465	1573	
17194:	1320	
17198:	1671	
17199:	1671	
17200:	1320	1579	
17201:	1655	
17203:	1372	
17216:	1714	
17231:	1726	
17232:	1447	
17243:	1388	
17246:	10	64	129	190	282	1301	1313	1372	1488	1571	1612	1652	1660	1676	1679	1735	1743	1758	
17255:	166	168	
17263:	245	
17282:	1717	1728	
17283:	1717	
17302:	1378	
17312:	1386	1660	
17334:	1600	
17362:	1676	
17385:	1479	
17429:	136	
17434:	1676	
17437:	1737	
17444:	1583	
17445:	1553	
17489:	1506	1650	
17499:	1308	1564	
17518:	1532	
17529:	133	
17569:	1553	
17578:	1310	1640	
17601:	1497	
17624:	1676	
17625:	1676	
17633:	1735	
17687:	1525	1547	
17702:	1654	
17711:	1426	
17742:	1449	1665	
17765:	1558	
17788:	1579	
17858:	147	1481	1537	
17877:	1347	1479	1510	1532	1580	
17887:	1479	
17892:	1508	
17957:	1660	
17990:	1426	
17995:	1649	
18016:	1418	
18028:	1513	
18059:	128	
18072:	305	
18112:	107	
18115:	1729	
18175:	152	1301	1317	1375	1396	1411	1437	1559	1626	1729	
18186:	1317	1375	
18190:	1559	
18192:	1411	
18195:	1317	1375	
18199:	1375	
18201:	1317	1437	
18251:	105	
18255:	1579	1642	
18265:	1519	
18268:	105	
18286:	1629	
18292:	1374	
18294:	1313	
18301:	251	
18327:	182	1373	
18336:	1381	
18338:	1381	
18367:	1481	
18368:	1481	
18397:	208	
18424:	237	1329	
18442:	1621	1622	
18467:	91	
18479:	1426	1649	
18480:	1426	
18509:	277	
18510:	1730	
18511:	1597	
18513:	103	
18515:	1621	1622	
18516:	236	
18534:	1389	
18550:	1620	
18575:	1411	
18577:	121	
18586:	1443	
18606:	245	
18642:	1429	1586	
18643:	1429	1586	
18657:	82	97	131	223	1315	1351	1369	1379	1388	1390	1392	1395	1399	1415	1434	1449	1458	1459	1475	1593	1594	1609	1669	1684	1702	1727	1732	
18676:	14	
18677:	1667	
18715:	1349	
18716:	1337	1508	
18733:	10	13	85	222	264	277	1364	1493	
18768:	153	277	1592	1699	
18787:	1463	
18803:	1597	
18820:	112	
18827:	264	
18883:	60	118	
18897:	168	1315	1350	1351	1354	1356	1408	1424	1436	1444	1464	1562	1600	1631	1677	
18898:	1315	1356	1408	1424	1464	1562	1600	1631	1677	
18900:	1579	
18901:	1579	
18940:	1621	1622	
18941:	1621	1622	
18956:	1441	
18961:	130	280	
18965:	1466	
18988:	251	1359	1373	
19000:	1490	
19007:	1654	
19022:	9	1301	1437	1636	1701	1715	
19025:	1301	
19030:	9	1301	1636	
19032:	1351	1354	
19043:	1443	
19093:	1465	1601	
19095:	1465	
19132:	4	63	78	85	105	127	136	158	1467	1493	1562	1593	1648	1701	1759	
19133:	127	136	158	
19146:	5	
19149:	1433	
19155:	1512	1620	
19177:	1310	
19181:	1310	
19236:	39	127	265	1575	1711	1716	
19269:	1463	
19304:	33	57	110	170	198	223	256	292	1344	1353	1372	1401	1412	1488	1598	1626	
19371:	80	
19372:	80	
19386:	1372	
19400:	305	
19430:	180	
19437:	1479	
19500:	1522	1657	1723	
19509:	1388	1519	
19510:	1350	
19514:	1585	
19556:	181	1342	1347	1502	1580	
19571:	1480	
19583:	1475	
19587:	191	
19603:	130	
19604:	130	
19621:	114	
19627:	1450	
19628:	1449	
19630:	245	
19641:	1381	
19643:	1450	
19645:	1307	1323	1324	1342	1347	1380	1381	1385	1506	1507	1510	1513	1528	1530	1558	1573	1580	1582	1587	1655	1693	1706	1722	
19675:	223	
19685:	1557	
19690:	292	
19711:	1461	
19729:	1696	
19741:	245	
19743:	110	
19756:	155	287	
19759:	1427	
19763:	1435	
19764:	1435	
19780:	191	1379	1638	
19850:	1378	
19897:	1412	
19898:	1412	
19909:	25	26	31	35	39	41	44	58	66	87	124	137	151	172	174	195	204	231	242	257	259	277	1325	1348	1349	1400	1420	1463	1465	1476	1477	1512	1525	1582	1623	1628	1633	1645	1657	1674	1679	1696	1704	
19910:	172	1463	1633	
19917:	296	
19918:	296	
19923:	1378	1558	
19929:	260	
19942:	110	
20005:	1347	
20006:	245	
20008:	1428	1463	
20052:	1600	
20069:	1669	
20101:	74	152	156	199	1522	
20103:	64	
20106:	133	
20131:	134	
20148:	1488	
20156:	66	
20214:	272	277	1364	1367	
20215:	272	
20225:	1636	1648	1658	1712	
20227:	1307	
20251:	1368	1676	
20254:	1676	
20294:	95	
20301:	1600	1671	1714	
20314:	1392	1582	1593	
20318:	93	150	1443	1476	1600	1714	
20333:	1333	
20336:	236	
20343:	1318	1505	1543	
20346:	131	
20358:	1381	
20367:	181	
20375:	1613	
20389:	147	
20404:	153	1337	1397	1476	1668	
20414:	1314	
20441:	130	
20462:	1728	
20463:	1728	
20545:	1556	
20547:	1728	
20568:	1361	
20575:	1715	
20599:	129	
20645:	133	
20653:	110	1344	1511	1517	1526	1603	1649	
20658:	1517	
20659:	170	1372	
20660:	170	1372	
20672:	1347	1350	1351	1354	1378	1411	1481	1558	1641	
20675:	200	
20679:	1350	1408	
20715:	1483	
20724:	142	
20729:	245	
20740:	181	1351	1379	1390	
20752:	110	181	256	1321	1530	1553	1635	
20761:	1381	1559	1659	1671	1693	
20804:	1509	1701	1714	
20807:	1714	
20863:	245	
20867:	1553	
20874:	1426	
20875:	1426	
20888:	1310	
20889:	1310	
20893:	129	172	228	245	1315	1459	1604	1647	1700	
20895:	181	
20897:	158	
20902:	164	1383	
20909:	1484	1728	
20935:	1729	
20942:	1759	
20959:	277	
21002:	189	1660	
21020:	53	93	182	245	1337	1340	1342	1347	1349	1350	1351	1352	1354	1374	1378	1380	1385	1386	1436	1450	1465	1474	1481	1508	1513	1580	1597	1601	1621	1622	1666	1667	1682	1696	1709	
21022:	1349	1474	
21023:	1349	1474	
21024:	1347	
21029:	1337	1513	
21031:	1666	
21038:	286	1553	
21046:	127	
21049:	127	
21051:	1393	1456	
21063:	84	236	1301	1319	1321	1437	1444	1699	
21070:	1372	1547	
21073:	1630	1714	
21074:	1630	
21076:	1714	
21083:	1630	
21100:	1447	
21112:	62	133	146	181	1443	1444	1497	1532	
21118:	288	
21119:	93	97	143	159	160	170	209	245	246	292	1481	1732	
21129:	1350	
21147:	153	
21151:	312	
21189:	237	
21216:	27	97	122	131	217	1398	1414	1575	
21221:	27	122	131	
21224:	1690	
21236:	142	1426	1431	1528	
21242:	142	
21243:	1431	
21254:	1494	
21257:	207	1303	1427	1490	1586	1593	
21259:	1411	1431	
21262:	1411	
21270:	1	3	5	9	38	43	65	76	88	91	100	101	102	114	123	127	129	132	134	137	155	172	188	207	227	234	246	263	280	281	288	305	1304	1321	1348	1393	1411	1412	1417	1436	1451	1465	1489	1519	1552	1575	1592	1594	1640	1652	1655	1696	1701	1705	1709	1714	1719	1724	1759	
21272:	1724	
21275:	1304	1451	
21280:	1436	
21283:	1	3	5	9	38	43	65	76	88	91	100	101	102	114	127	129	132	134	137	155	188	207	227	234	263	280	281	288	305	1393	1411	1412	1417	1552	1594	1652	1719	1759	
21305:	1705	
21309:	1411	
21315:	1696	
21316:	1465	
21317:	1465	
21331:	123	
21348:	185	292	1406	1434	1480	1656	1663	1723	1726	
21362:	292	
21387:	1459	1469	
21392:	1600	
21412:	1426	
21413:	245	1349	
21420:	180	
21431:	1374	
21443:	1426	
21450:	1426	
21460:	1660	
21471:	17	123	125	185	1348	1366	1502	
21477:	125	
21501:	1330	1406	1434	1468	1469	1494	1537	1585	1620	1636	1650	1656	
21503:	1469	1650	
21507:	1406	1434	1469	1494	1585	1620	1656	
21508:	1468	
21527:	9	18	24	39	40	41	44	76	79	80	92	94	99	104	114	119	121	122	128	139	144	172	178	195	196	223	241	246	258	259	264	277	279	288	306	1307	1309	1330	1335	1343	1361	1369	1381	1388	1398	1402	1432	1440	1450	1458	1463	1466	1478	1486	1492	1503	1508	1515	1544	1546	1548	1556	1572	1576	1582	1583	1597	1601	1609	1627	1628	1633	1652	1654	1666	1676	1681	1687	1688	1703	1704	1707	1716	1752	1754	
21528:	24	
21529:	24	
21531:	259	
21534:	39	44	1633	
21536:	1448	
21538:	1448	
21563:	1345	
21568:	1463	
21578:	1329	
21594:	1676	
21597:	1529	
21601:	106	168	1308	1313	1315	1330	1343	1356	1359	1360	1365	1373	1376	1392	1395	1396	1402	1408	1422	1424	1430	1452	1462	1464	1473	1478	1483	1485	1486	1489	1494	1512	1524	1525	1529	1538	1541	1542	1543	1544	1555	1556	1557	1562	1564	1570	1572	1576	1577	1586	1593	1596	1600	1602	1606	1607	1608	1620	1624	1629	1631	1632	1645	1658	1669	1673	1677	1684	1687	1698	1701	1714	1720	1721	1727	1737	
21602:	1483	
21603:	106	1308	1313	1315	1330	1343	1356	1359	1360	1365	1373	1376	1392	1395	1396	1408	1422	1424	1430	1452	1462	1464	1473	1478	1483	1485	1486	1489	1494	1512	1524	1525	1529	1538	1541	1542	1543	1544	1555	1556	1557	1562	1564	1570	1572	1576	1577	1593	1596	1600	1602	1606	1607	1608	1624	1629	1631	1645	1658	1669	1673	1677	1684	1698	1701	1714	1720	1721	1727	1737	
21613:	1381	
21670:	1621	1622	
21712:	191	
21774:	147	
21798:	1728	
21827:	1714	
21836:	1379	
21853:	1427	1635	
21860:	1383	
21875:	45	57	203	256	1401	1530	1635	
21883:	20	26	50	90	98	104	107	119	124	139	172	178	192	216	219	221	222	233	240	258	262	274	284	287	306	1394	1454	1523	1594	1615	1731	1759	
21886:	65	1477	1637	
21889:	1382	
21896:	1310	
21905:	185	236	
21919:	34	
21920:	1378	
21928:	1395	
21929:	1599	
21932:	256	1321	1530	1553	1635	
21938:	1449	1696	
21951:	1345	1508	1667	
21958:	136	
21977:	1546	
21979:	1546	
21980:	1546	
21983:	1318	
21998:	88	1313	1679	1740	
22000:	1313	
22001:	1587	
22015:	237	
22044:	17	76	191	1411	1427	1732	
22046:	1661	1758	
22060:	1601	
22062:	120	
22073:	1566	
22086:	312	
22123:	1308	1356	1564	1683	
22131:	80	
22132:	80	
22142:	1641	
22143:	1349	
22144:	1349	
22146:	1349	
22151:	1633	
22155:	80	
22156:	80	
22163:	90	127	
22165:	90	127	
22169:	1695	
22175:	1634	
22191:	168	1660	
22198:	232	1660	
22202:	4	168	1301	1660	
22212:	45	57	1353	1635	
22215:	1586	
22228:	1667	
22252:	256	
22295:	93	
22299:	223	1339	1537	1620	1672	
22300:	148	213	266	1451	1474	1544	1608	1662	1684	1752	
22302:	48	60	274	1346	1556	1670	1696	
22311:	93	1488	1621	1622	
22322:	27	59	97	230	240	1302	1309	1398	1549	1628	1670	1736	
22324:	1398	
22325:	1398	
22326:	1736	
22336:	1610	
22359:	1386	
22361:	106	1495	1609	
22402:	1374	
22494:	161	1380	1465	1513	1597	1709	1736	
22502:	50	69	107	126	145	152	156	164	190	221	265	269	1310	1391	1553	1612	1652	1662	1715	1758	
22513:	1715	
22534:	277	
22543:	53	
22557:	181	
22579:	191	304	
22581:	1621	1622	
22582:	1621	1622	
22631:	1614	
22632:	1614	
22644:	1552	
22646:	1426	
22686:	1310	1547	
22705:	1381	
22706:	1381	
22709:	1593	
22732:	1369	1388	1415	1449	1462	1642	1702	
22733:	1369	1449	1462	
22734:	1388	
22739:	53	1378	1392	1428	1444	1460	1476	1492	1508	1572	1574	1597	1609	1641	1667	1702	
22740:	1476	1508	1574	
22742:	1572	
22743:	1492	
22747:	1428	1476	1508	1574	
22749:	1508	1667	
22755:	1449	1696	
22756:	1428	
22760:	1476	
22764:	1353	
22768:	13	1393	1412	1437	
22771:	260	1321	1393	1412	1661	
22776:	260	1393	1412	1661	
22783:	88	95	1318	1319	1437	1484	1530	1566	
22786:	1484	
22788:	1319	
22827:	1382	
22828:	97	1511	
22849:	1724	
22852:	80	
22884:	1603	
22898:	1435	
22945:	1407	
23000:	91	193	197	228	272	296	1358	1364	1414	1511	1647	
23001:	197	
23023:	1630	
23032:	100	
23048:	1506	
23056:	1529	
23078:	1566	1707	
23094:	18	20	24	26	66	91	99	106	118	124	127	129	132	134	139	155	160	192	196	204	205	218	221	230	245	248	257	259	277	279	281	311	1336	1342	1380	1394	1435	1436	1448	1465	1580	1601	1613	1642	1652	1664	1681	1705	
23145:	245	
23192:	198	
23195:	5	1643	
23204:	1319	1320	
23210:	1459	1469	
23221:	196	1558	
23222:	196	1558	
23247:	9	27	88	97	126	207	230	1302	1398	1412	1514	1670	
23273:	153	
23277:	153	
23291:	79	
23299:	1738	
23300:	1349	
23302:	1349	
23355:	1387	1504	
23368:	21	60	128	140	143	160	210	217	241	257	283	288	305	1310	1355	1417	1433	1525	1538	1631	1664	1720	1746	
23369:	21	
23372:	1310	1525	1538	1631	1720	
23383:	1547	
23384:	1586	1594	1643	
23385:	1586	
23386:	236	
23392:	1497	
23393:	1497	
23399:	1662	
23400:	1324	1386	1391	1519	
23407:	141	
23411:	204	
23413:	1386	
23417:	1506	
23429:	1475	1494	
23432:	151	250	
23435:	174	266	287	1392	1703	
23436:	266	1392	1703	
23437:	174	
23440:	64	124	262	287	1758	
23463:	1590	1623	
23475:	133	
23499:	1614	
23500:	1614	
23510:	1728	
23533:	170	179	1667	
23534:	170	1667	
23547:	1372	
23549:	1321	
23570:	1449	
23571:	1	9	31	32	48	64	76	78	86	88	90	94	98	120	121	124	128	129	132	137	140	143	149	155	172	188	194	263	266	285	303	305	1304	1310	1313	1315	1322	1323	1330	1336	1356	1365	1369	1373	1376	1388	1391	1392	1395	1396	1399	1415	1423	1429	1430	1432	1434	1444	1449	1451	1452	1459	1475	1476	1478	1483	1490	1494	1506	1508	1509	1512	1516	1525	1533	1543	1545	1547	1553	1555	1556	1557	1558	1568	1570	1571	1572	1573	1576	1578	1581	1586	1587	1588	1593	1594	1597	1600	1608	1609	1612	1616	1624	1632	1643	1648	1652	1657	1662	1669	1677	1684	1688	1698	1701	1702	1703	1712	1714	1715	1716	1719	1727	1758	
23573:	1356	
23578:	7	9	50	82	190	1388	1408	1429	1451	1464	1506	1529	1544	1547	1553	1571	1586	1612	1662	1669	1701	1703	1714	
23593:	1449	
23598:	1634	
23609:	66	
23610:	50	1523	
23621:	1484	
23622:	1484	
23624:	99	
23637:	9	17	18	31	78	93	106	117	129	195	203	213	228	232	237	265	1313	1330	1351	1352	1354	1429	1441	1477	1486	1508	1525	1529	1553	1586	1612	1616	1634	1652	1669	1715	1729	1732	
23640:	228	1477	
23649:	228	
23655:	18	93	265	
23656:	18	93	265	
23660:	17	93	1441	
23661:	1715	
23663:	1621	1622	
23668:	1411	
23674:	1508	
23692:	271	1344	1553	
23733:	1759	
23741:	1728	
23745:	1621	1622	
23747:	1481	
23781:	1590	1623	
23786:	1616	
23798:	147	262	1365	1399	1427	1488	1514	1535	1662	1736	1740	1743	1753	1755	
23800:	80	
23801:	236	1331	
23810:	272	275	1385	1479	
23820:	1337	
23828:	21	1511	
23836:	63	
23838:	29	
23844:	1351	
23849:	245	1351	1484	1500	
23861:	1621	1622	
23870:	1356	1695	
23884:	1505	
23904:	1583	
23910:	9	18	31	93	110	112	134	152	159	191	205	208	234	244	259	261	263	264	265	269	280	300	304	1322	1324	1337	1359	1396	1435	1553	1555	1560	1566	1598	1616	1634	1652	1662	1664	1709	1715	1729	1732	
23912:	1634	
23916:	1337	
23928:	191	205	
23939:	185	
23943:	86	
23949:	142	
23954:	1	9	20	26	29	38	48	50	65	69	88	102	107	119	121	128	139	152	156	157	178	184	188	190	199	205	206	209	210	222	225	233	262	263	264	274	282	283	306	308	309	310	1346	1377	1454	1523	1583	1615	1652	1661	
24006:	10	13	
24055:	1310	
24056:	1597	
24077:	1450	
24078:	1450	
24085:	1450	
24086:	1696	
24087:	1696	
24088:	1696	
24091:	21	
24111:	1662	
24120:	1614	
24127:	1396	
24129:	1347	
24158:	309	
24170:	1492	1574	
24185:	1466	
24276:	1532	
24291:	1648	
24302:	285	1660	
24318:	191	
24322:	122	246	1448	1705	
24324:	1448	
24332:	86	
24341:	1597	
24342:	145	265	1643	
24351:	1579	
24375:	83	1364	1743	
24377:	1322	1392	1412	1420	1421	1527	1557	1608	
24386:	164	1367	1603	
24399:	1302	
24407:	3	123	165	228	237	1321	1463	1484	1500	1639	
24412:	1463	
24413:	1463	
24429:	1531	
24430:	1531	
24436:	1441	1463	1657	
24437:	1463	1657	
24443:	24	228	245	1363	1406	1458	1494	1742	1749	1754	
24452:	1754	
24453:	1406	1469	
24458:	91	1317	1349	1375	1474	1497	1676	1702	
24459:	91	1317	1375	1497	1702	
24465:	5	9	29	35	76	86	87	100	125	137	169	178	188	199	205	208	240	241	250	266	267	288	308	1304	1356	1373	1385	1394	1424	1429	1441	1492	1504	1537	1563	1568	1586	1588	1594	1637	1656	1662	1664	1672	1684	1715	
24487:	1304	1569	
24492:	1304	
24504:	80	
24505:	80	
24508:	5	
24514:	1466	
24540:	44	1525	
24558:	1411	
24562:	296	
24563:	1592	1738	1746	
24635:	1642	
24636:	83	144	223	230	1307	1318	1320	1365	1381	1392	1411	1475	1508	1527	1568	1597	1616	1675	1727	
24638:	1318	
24641:	223	1307	1381	1392	1475	1527	1568	1597	
24677:	73	
24681:	275	1347	1350	1558	1598	
24691:	1614	
24698:	1662	
24702:	155	
24717:	1393	
24721:	1423	
24752:	3	103	1532	1728	
24753:	234	1664	
24754:	1759	
24784:	176	1417	
24786:	45	57	241	1321	1344	1486	1553	
24788:	208	
24791:	202	
24797:	263	
24798:	1649	
24803:	34	127	158	204	260	1372	1437	1593	
24810:	7	91	110	
24815:	118	
24821:	1381	
24822:	1381	
24826:	1367	
24830:	271	1344	
24841:	312	
24843:	264	
24845:	1	2	5	7	17	18	20	21	26	29	31	32	35	36	38	43	46	48	50	51	54	55	56	57	60	64	65	66	69	74	75	78	80	83	85	87	88	89	90	91	92	93	94	96	98	99	100	101	102	104	106	107	114	118	119	120	121	124	125	126	128	129	132	133	134	135	137	139	140	143	144	145	148	149	151	152	153	155	156	159	161	166	168	169	172	174	175	176	177	178	184	185	186	188	190	192	194	196	197	199	200	203	204	205	207	209	210	212	216	218	219	221	222	223	225	227	231	232	234	235	237	240	241	242	243	248	251	256	257	258	259	262	264	265	266	272	273	274	275	277	279	280	281	282	283	284	288	292	293	295	300	305	306	307	309	310	311	312	1310	1314	1315	1318	1320	1330	1334	1339	1343	1345	1353	1356	1357	1363	1364	1365	1366	1367	1372	1375	1377	1382	1384	1391	1394	1395	1396	1400	1403	1421	1427	1428	1431	1437	1443	1451	1454	1462	1479	1483	1489	1494	1500	1503	1504	1523	1524	1525	1526	1529	1539	1546	1552	1555	1556	1560	1565	1570	1575	1579	1583	1586	1588	1593	1594	1596	1603	1612	1615	1617	1618	1619	1625	1626	1637	1647	1652	1664	1675	1676	1680	1686	1688	1695	1701	1716	1717	1719	1720	1721	1730	1731	1734	1735	1742	1747	1748	1750	1752	1753	1754	1755	1757	1758	1759	
24846:	280	1625	
24847:	60	140	
24848:	1374	
24852:	1	3	5	7	9	17	20	21	24	31	32	33	35	36	38	39	48	50	51	54	55	59	60	64	65	66	75	76	78	86	88	89	90	92	94	96	98	99	100	102	110	112	113	114	119	120	121	123	124	125	126	127	128	129	132	134	135	137	140	143	144	148	149	151	152	155	156	157	159	161	169	170	172	175	176	177	184	188	191	192	194	199	200	204	205	207	209	210	212	218	221	224	225	227	230	233	234	235	240	241	242	243	244	246	248	257	258	262	263	266	267	269	272	274	277	279	280	281	283	288	293	295	305	312	1303	1309	1315	1348	1363	1371	1372	1382	1383	1384	1391	1393	1394	1397	1400	1403	1408	1411	1412	1417	1427	1443	1465	1478	1483	1490	1503	1535	1552	1575	1581	1583	1593	1594	1598	1612	1616	1618	1633	1635	1637	1652	1661	1664	1674	1680	1688	1705	1719	1728	1729	1731	1733	1739	1740	1742	1743	1744	1747	1750	1751	1752	1753	1755	1757	1759	
24855:	33	1753	
24856:	123	246	1348	
24860:	1363	1661	
24861:	1412	
24862:	140	
24866:	1618	
24867:	92	1403	1427	1465	1581	1652	1739	1740	1743	1744	1747	1750	1751	1755	1757	
24873:	92	134	151	1503	1664	
24876:	277	1598	
24878:	24	
24881:	134	155	204	218	230	248	1394	1705	
24882:	17	
24888:	1	5	7	9	17	21	35	38	48	50	64	65	66	76	78	86	88	90	92	94	96	98	99	102	113	114	119	120	125	126	128	129	132	134	135	137	144	149	151	152	155	156	157	159	169	176	177	184	188	192	194	199	204	207	209	210	212	218	221	224	225	234	235	262	263	266	267	269	272	274	280	281	283	288	293	295	305	312	1371	1382	1383	1391	1393	1400	1417	1478	1581	1583	1594	1612	1652	1674	1719	1731	1733	1742	1759	
24889:	227	
24891:	88	
24894:	39	
24901:	112	
24907:	72	
24908:	262	304	
24910:	228	1367	
24919:	32	33	60	88	89	118	120	140	143	144	153	155	172	175	205	210	212	223	241	257	264	288	305	1330	1365	1384	1402	1420	1483	1539	1624	1637	1664	1680	
24961:	1458	
24987:	224	
24991:	1396	1435	
25011:	185	1591	1754	
25013:	185	
25029:	43	1314	1396	1435	1559	1593	1626	1714	
25033:	1396	1435	
25034:	1593	
25036:	1582	
25051:	1310	1433	1597	
25055:	1310	
25060:	1433	
25112:	43	1435	1480	
25128:	27	97	123	230	240	246	1348	1398	1549	1583	1670	1736	
25130:	27	97	1549	1736	
25157:	1676	1685	
25158:	1676	1685	
25173:	1728	
25182:	1447	
25198:	1329	
25217:	1490	1516	
25226:	1547	1733	
25263:	1649	
25264:	1649	
25276:	1435	
25277:	1435	
25318:	1552	
25319:	1552	
25330:	1426	
25337:	1601	
25344:	25	181	1443	
25372:	80	
25374:	17	33	
25375:	33	
25381:	296	1393	1547	1642	1643	
25388:	1547	
25429:	168	
25445:	28	33	312	1319	1388	1403	1414	1514	1521	1695	1738	1739	1740	1743	1744	1745	1747	1748	1749	1750	1751	1753	1755	1756	1757	1758	1759	
25447:	18	76	79	92	118	128	139	240	258	1307	1343	1361	1386	1388	1402	1432	1450	1508	1576	1583	1601	1642	1672	
25448:	128	1450	1672	
25451:	3	9	76	88	100	102	112	120	126	134	137	143	145	160	207	227	267	281	312	1303	1401	1412	1427	1447	1514	1533	1594	1598	1740	1747	1758	
25457:	1553	
25459:	27	40	41	44	97	1398	1620	1633	1704	
25479:	1621	1622	
25482:	1552	
25483:	1552	
25561:	80	
25564:	80	
25565:	80	
25567:	93	1620	
25600:	1630	
25616:	1329	
25641:	80	
25667:	1381	
25675:	1381	
25695:	112	
25696:	1671	
25697:	1643	
25716:	95	
25731:	1640	
25767:	1366	1474	1707	
25768:	1474	
25777:	93	264	1301	1666	
25778:	1349	
25780:	1597	
25781:	122	
25784:	1489	1714	
25799:	1715	
25826:	287	
25905:	303	
25934:	300	1567	1693	1732	
25953:	1414	
25977:	5	69	91	93	106	107	118	119	121	127	134	147	156	175	184	190	204	232	243	257	263	269	281	1330	1336	1356	1364	1380	1390	1392	1399	1459	1464	1480	1488	1514	1524	1529	1560	1563	1588	1656	1657	1658	1673	1676	1695	1702	1715	1720	1739	1748	1753	1756	
25978:	5	69	93	107	118	121	127	134	156	175	184	190	204	232	243	257	263	269	281	1330	1336	1356	1364	1380	1390	1392	1399	1459	1464	1480	1488	1514	1524	1529	1560	1563	1656	1657	1673	1676	1695	1715	1720	1748	1756	
25979:	1711	
25980:	1711	
25983:	76	1427	1661	
26001:	167	
26003:	1379	1449	
26021:	1700	
26033:	1648	
26087:	30	
26104:	1572	
26110:	81	
26126:	1663	
26134:	1657	
26153:	1400	1460	1591	
26167:	1591	
26169:	1591	
26204:	1	
26254:	1429	
26257:	1685	
26282:	1350	
26284:	1350	
26347:	1532	
26380:	245	
26402:	1614	
26403:	1706	
26471:	1414	
26482:	1724	
26501:	251	
26502:	251	
26504:	54	65	100	114	176	190	
26529:	1683	
26534:	1590	1623	
26558:	136	
26568:	85	232	257	271	1463	1510	
26585:	1614	1662	
26588:	1614	1662	
26589:	1460	1508	
26593:	1614	
26596:	1402	1505	1572	1614	1662	1668	1701	
26597:	1614	
26599:	1614	
26636:	1706	
26641:	80	
26642:	177	
26647:	167	
26679:	1310	
26692:	1329	1618	
26697:	80	1630	
26698:	1572	1618	1668	
26702:	1618	
26787:	1495	
26794:	78	
26806:	1480	1495	
26811:	1728	
26817:	1386	
26821:	1666	
26831:	263	
26832:	122	131	205	1627	1704	
26833:	122	131	1627	1704	
26848:	91	1704	
26853:	1	5	7	9	17	20	21	29	31	32	35	38	48	50	54	64	65	66	76	78	83	86	87	88	90	92	94	96	98	99	100	102	104	113	114	119	120	121	125	126	127	128	129	132	134	135	137	143	144	149	151	152	155	156	157	159	161	164	169	176	177	184	188	192	194	199	202	204	206	207	209	210	212	213	218	221	222	224	225	231	233	234	235	243	246	260	262	263	266	267	269	272	274	276	280	281	282	283	285	288	293	295	303	305	312	1303	1309	1313	1315	1320	1329	1330	1339	1365	1371	1382	1383	1391	1393	1399	1400	1403	1412	1417	1427	1429	1444	1451	1459	1475	1478	1488	1490	1491	1512	1514	1516	1522	1529	1533	1544	1547	1555	1572	1575	1578	1581	1583	1586	1594	1606	1609	1612	1616	1626	1633	1634	1639	1643	1652	1661	1662	1664	1669	1674	1681	1703	1714	1715	1716	1717	1719	1720	1726	1729	1731	1732	1733	1734	1735	1736	1740	1742	1744	1747	1750	1751	1753	1755	1757	1758	1759	
26854:	305	
26857:	1	
26858:	38	78	243	
26859:	1	9	31	32	76	78	90	94	98	121	129	132	143	149	188	263	266	285	303	1315	1330	1365	1391	1429	1444	1451	1475	1478	1490	1516	1533	1547	1572	1578	1581	1586	1609	1612	1616	1643	1652	1662	1669	1714	1715	1719	
26878:	1465	1490	1506	1516	1530	1693	
26888:	1422	1524	1525	1560	1703	1714	
26896:	111	
26900:	1396	
26903:	1396	
26910:	142	1728	
26918:	1717	
26967:	140	
26977:	261	
26994:	1592	
27001:	1329	
27017:	1406	
27019:	1490	
27081:	80	
27102:	1618	
27108:	60	128	140	160	283	1355	1664	1746	
27111:	1519	
27112:	241	
27116:	83	
27126:	295	
27176:	149	1372	
27191:	1728	
27196:	1532	
27215:	237	
27248:	91	
27249:	91	
27264:	1621	1622	
27275:	3	44	60	76	83	86	100	130	148	241	251	257	265	267	1316	1325	1329	1334	1346	1356	1363	1365	1366	1373	1393	1396	1399	1411	1412	1429	1441	1443	1445	1447	1454	1488	1490	1499	1505	1552	1612	1626	1634	1636	1662	1672	1674	1686	1695	1696	1714	1720	1753	
27277:	3	267	1411	1412	
27284:	1415	
27295:	130	1411	1552	
27304:	53	
27305:	53	
27307:	1449	
27312:	1705	
27313:	1674	
27317:	142	1385	
27320:	1399	1459	
27330:	1304	
27351:	1676	
27367:	1559	
27397:	1676	
27459:	1337	1489	
27462:	1687	
27469:	1330	1483	
27472:	1489	1668	
27478:	1630	
27485:	1320	1436	1446	1528	1665	1666	
27497:	1318	
27547:	1351	
27548:	1351	
27562:	1368	
27576:	1495	
27577:	1495	
27623:	1614	
27627:	234	1313	1351	1420	1429	1484	1525	1553	1593	1698	
27630:	1698	
27631:	69	156	306	
27635:	1436	
27637:	1325	1388	
27652:	1562	
27665:	106	223	1315	1322	1330	1336	1359	1415	1464	1472	1509	1511	1525	1554	1561	1593	1606	1629	1634	1703	
27672:	1634	1715	
27675:	24	33	81	191	288	1317	1338	1390	1423	1458	1501	1519	1522	1598	1610	1640	1742	
27676:	24	
27684:	1610	
27702:	18	24	38	44	65	78	93	132	176	177	194	223	231	233	235	262	266	281	1303	1417	1441	1454	1459	1520	1523	1543	1568	1588	1616	1664	
27729:	1336	1435	
27743:	10	
27754:	164	
27786:	233	1301	1612	1753	
27787:	1612	
27799:	66	
27815:	306	1743	1758	
27822:	208	1594	
27850:	110	239	
27853:	1666	
27871:	1667	
27872:	1667	
27878:	79	
27879:	84	156	157	
27882:	183	
27891:	79	
27909:	65	277	
27910:	277	
27920:	76	95	147	169	247	282	1317	1318	1319	1362	1365	1372	1375	1581	1583	1598	1652	1695	1728	
27930:	142	191	227	245	1307	1337	1365	1366	1374	1385	1435	1443	1447	1455	1465	1507	1519	1666	1707	
27933:	1525	
27936:	20	32	35	36	55	60	88	89	91	98	106	118	120	124	125	128	144	153	155	166	168	172	175	182	185	192	200	204	205	210	212	218	223	241	242	245	248	257	262	265	273	288	305	311	1304	1308	1310	1313	1315	1316	1322	1323	1324	1330	1335	1336	1337	1340	1343	1356	1359	1360	1363	1365	1366	1373	1376	1378	1384	1385	1387	1388	1392	1395	1396	1399	1400	1402	1406	1408	1410	1416	1420	1421	1422	1423	1424	1430	1432	1433	1444	1445	1451	1452	1457	1462	1464	1468	1472	1473	1474	1475	1476	1478	1483	1485	1486	1489	1490	1494	1495	1499	1504	1505	1507	1508	1509	1512	1515	1520	1521	1524	1525	1527	1529	1538	1539	1541	1542	1543	1544	1545	1551	1553	1554	1555	1556	1557	1560	1561	1562	1563	1564	1566	1568	1569	1570	1571	1572	1573	1576	1577	1582	1586	1587	1588	1593	1595	1596	1597	1600	1602	1604	1605	1606	1607	1608	1609	1616	1620	1624	1629	1630	1631	1632	1634	1637	1645	1654	1658	1662	1664	1667	1668	1669	1671	1672	1673	1677	1679	1680	1683	1684	1686	1687	1688	1693	1698	1701	1702	1703	1707	1714	1715	1720	1721	1722	1725	1727	1730	1737	
27938:	168	1330	1561	1609	
27941:	60	185	212	1310	1478	1507	1521	
27942:	192	
27944:	1721	
27946:	1420	
27947:	1715	
27952:	1363	1456	
27977:	1529	
27983:	1317	1375	1748	1749	1756	
27985:	256	1635	
27991:	1437	
28026:	244	246	1302	
28077:	3	31	66	119	120	155	228	1592	1610	1676	1686	1736	1738	1743	1744	1748	1753	1755	
28079:	31	66	155	1676	
28082:	139	
28087:	1440	
28090:	122	131	170	
28091:	293	
28119:	1397	1590	1670	
28123:	1591	
28129:	1590	
28184:	1435	
28185:	1435	
28198:	1397	
28201:	7	
28213:	1	35	78	208	1731	1733	
28220:	287	
28248:	1699	
28249:	1429	1508	1512	1715	
28251:	1426	
28254:	1426	
28289:	1754	
28292:	5	
28301:	20	26	98	107	114	266	306	
28309:	1340	
28310:	1489	
28399:	1368	
28417:	1717	
28430:	295	1716	
28445:	79	
28448:	79	
28458:	1628	
28485:	1402	
28494:	1732	1735	
28510:	1435	
28515:	34	158	1532	
28521:	1441	
28525:	133	
28539:	65	97	172	245	1308	1351	1352	1354	1387	1393	1426	1477	1479	1481	1502	1504	1564	1682	1686	
28542:	1426	
28549:	245	
28567:	4	72	133	181	1301	1493	1537	1641	1660	1759	
28574:	1641	
28583:	1437	
28607:	79	237	
28616:	3	100	101	117	130	1411	1552	1583	
28630:	79	114	1594	
28632:	168	1308	1564	
28635:	1511	
28637:	9	
28642:	81	147	152	216	1320	1350	1695	
28649:	1730	
28655:	217	
28659:	118	119	172	1408	1423	1464	1643	1657	1715	
28661:	37	41	86	88	227	236	239	263	275	303	1334	1391	1414	1477	1633	1704	1723	1727	1747	
28662:	86	
28667:	1727	
28668:	3	80	88	141	156	164	237	267	276	292	1317	1318	1320	1329	1375	1391	1411	1412	1437	1497	1552	1553	1614	1635	1705	
28670:	1343	1633	
28672:	40	41	131	195	1704	
28675:	237	245	1597	1743	
28685:	45	256	285	1353	
28690:	1553	
28696:	141	
28700:	1401	
28710:	305	
28729:	172	241	
28743:	147	1439	
28744:	147	
28748:	1682	
28750:	1476	
28754:	1612	1652	
28758:	1523	
28759:	62	
28765:	1563	
28766:	1600	
28777:	1547	
28805:	1649	
28816:	1404	
28823:	1435	
28840:	1399	
28846:	3	9	164	1382	
28848:	275	
28863:	271	1344	1553	
28868:	1553	
28869:	1553	
28870:	1553	
28903:	1506	
28916:	1458	
28917:	245	
28918:	1506	
28919:	191	
28920:	191	
28967:	95	
28973:	1375	
28975:	1375	
28978:	32	
28983:	1317	1375	
28988:	1317	1375	
28996:	1375	
29006:	1528	
29014:	1381	
29017:	1317	1437	
29019:	1458	
29021:	1465	1696	
29027:	1351	1354	1621	1622	
29030:	1441	
29037:	1423	
29039:	1423	
29058:	1734	
29070:	1540	
29078:	1743	
29091:	17	59	83	93	95	97	123	124	205	231	244	246	261	263	264	269	273	275	277	281	287	305	1302	1398	1435	1441	1488	1549	1583	1642	1680	1695	1736	1747	
29093:	1642	
29094:	83	1680	
29108:	202	1303	1391	1716	1718	1741	
29113:	245	
29118:	53	
29120:	1381	
29123:	1302	
29141:	1489	
29156:	95	
29159:	1627	
29172:	245	
29191:	1481	
29195:	1484	
29204:	105	
29205:	105	
29261:	119	
29324:	284	1634	1703	
29331:	9	31	64	78	88	91	102	125	127	130	132	145	179	204	228	266	281	288	1382	1490	1515	1575	1612	1626	1627	1652	1662	1704	1719	1732	
29332:	91	1704	
29355:	105	142	1347	1411	1426	1479	1717	
29370:	244	
29377:	212	
29384:	1559	
29391:	1598	
29397:	1676	
29398:	1676	
29400:	1662	
29402:	43	181	1310	1314	1559	1668	1711	
29422:	1541	
29433:	158	
29448:	1579	
29493:	189	
29494:	189	
29496:	1302	
29551:	39	264	1666	1714	
29558:	1666	
29565:	90	127	
29580:	1505	
29618:	1396	
29660:	147	
29661:	110	
29678:	1423	
29680:	245	
29692:	1361	
29699:	1641	
29721:	65	123	281	
29728:	91	140	160	257	
29741:	91	305	1664	
29752:	1416	
29786:	122	
29789:	90	
29820:	25	103	136	1380	1396	
29842:	1397	1431	1590	1623	
29843:	1397	
29856:	62	205	1340	1433	1460	1525	1605	1626	1714	1729	
29861:	62	
29863:	1525	
29880:	1451	1701	
29926:	1503	
29927:	239	
29964:	1552	
29975:	1618	
29982:	189	
29983:	189	
29991:	1485	
30011:	1336	
30082:	259	262	1373	1657	
30114:	1660	
30117:	1421	
30141:	1310	
30156:	1374	1474	1492	1690	
30172:	1374	
30183:	1367	1647	
30197:	1498	
30232:	1579	
30234:	1730	
30238:	1603	
30242:	112	
30276:	1579	
30278:	198	
30290:	18	1714	
30330:	1426	
30336:	1386	
30359:	1614	
30394:	1621	1622	
30396:	87	
30403:	1632	
30445:	142	
30446:	142	
30466:	1569	
30492:	1569	
30510:	53	1492	1667	
30512:	53	1492	1667	
30513:	109	
30525:	1435	
30551:	1614	
30564:	1450	
30566:	1666	
30571:	1360	
30607:	1614	
30655:	1510	
30675:	1566	1707	
30677:	1706	
30684:	1385	
30700:	1435	
30723:	1474	1690	1707	
30732:	1693	
30757:	1709	
30773:	79	1451	1676	1693	
30779:	79	
30783:	147	
30791:	1676	
30793:	1447	
30794:	1447	
30796:	1447	
30808:	110	
30818:	44	62	159	182	245	258	288	291	305	1313	1378	1380	1435	1440	1445	1456	1465	1537	1557	1584	1601	1614	1619	1627	1662	1681	1696	1709	
30821:	1619	
30890:	1492	
30929:	1374	
30999:	169	
31008:	10	
31019:	185	237	1318	1334	1365	1370	1375	1382	1412	1497	1500	1531	1532	1552	1619	1695	1721	
31021:	237	1334	1365	1375	1382	1532	1619	
31022:	237	1334	1365	1375	1382	1619	
31026:	1386	
31030:	1366	1566	
31035:	1528	
31048:	1436	
31074:	7	1634	1657	1699	
31110:	1343	1426	
31114:	1530	
31123:	241	1466	
31135:	1676	
31144:	1693	
31148:	1426	
31159:	191	
31161:	182	
31168:	1411	
31170:	105	
31174:	1435	
31197:	1443	
31198:	1443	
31200:	1641	
31201:	1552	1671	
31204:	1552	
31209:	1595	
31236:	1458	
31243:	1392	
31244:	1392	
31259:	1426	
31260:	1426	
31261:	1426	
31299:	1407	
31309:	66	155	232	1370	1371	1372	1676	
31310:	66	232	1371	1676	
31338:	308	
31374:	167	
31387:	1317	
31400:	1461	
31401:	1499	
31406:	166	
31420:	1481	
31421:	1481	
31428:	1443	
31440:	1593	
31444:	1448	1460	1660	
31482:	1461	
31508:	245	
31527:	1670	
31543:	1486	
31549:	1667	
31554:	1408	
31561:	1493	
31570:	18	292	1310	1388	1441	1503	1600	1613	1614	1620	1621	1622	1627	1714	
31571:	1388	
31613:	1307	1324	1342	1347	1366	1502	1558	1580	1582	
31615:	1307	1502	
31616:	1671	
31622:	1641	
31625:	1641	
31639:	1740	
31657:	1676	
31671:	25	1392	1435	
31682:	1396	
31684:	1581	
31689:	1415	
31707:	1374	
31742:	1316	1324	1458	
31743:	1316	1324	1458	
31798:	41	
31805:	1364	
31814:	104	
31816:	1443	
31817:	1621	1622	
31825:	237	
31828:	1684	
31837:	88	
31842:	1513	
31843:	1513	
31849:	139	
31855:	185	
31867:	1380	
31874:	189	
31876:	1436	1484	
31913:	43	
31915:	1431	
31928:	1696	
31929:	1696	
31948:	1450	
31957:	1364	1647	1676	
31968:	1479	
31970:	1469	
31971:	152	1469	
31998:	1449	
32022:	1590	
32048:	130	175	1360	1516	1597	1605	1673	
32056:	208	1345	1401	1454	1648	1673	
32059:	18	21	31	43	76	112	277	292	1314	1330	1336	1344	1372	1456	1519	1582	1593	1711	1754	
32070:	1359	1629	
32082:	80	
32092:	9	35	36	51	65	78	96	99	107	113	177	178	194	209	213	224	231	246	251	260	274	276	1330	1377	1472	1529	1533	1538	1553	1576	1615	1634	1715	1733	1734	
32093:	1529	1553	1634	
32094:	1449	
32107:	1650	
32125:	17	65	83	100	101	119	151	160	197	259	280	1316	1346	1347	1395	1411	1427	1428	1454	1481	1488	1552	1636	1652	1670	1720	1758	
32126:	1316	1395	
32129:	228	
32130:	228	
32131:	228	
32133:	1718	
32136:	91	118	223	1304	1321	1330	1392	1411	1434	1520	1542	1553	1560	1586	1593	1624	1668	1676	1681	1715	
32141:	1351	1747	
32142:	1351	
32156:	1515	1673	
32159:	183	
32160:	183	
32171:	153	1329	1469	1636	
32194:	1366	
32228:	185	
32231:	185	
32232:	185	
32239:	1367	
32240:	70	
32259:	1629	
32260:	1676	
32271:	208	1417	
32342:	30	1359	1360	1445	1451	1490	1505	1572	1600	1616	1626	1668	1679	1699	
32343:	1360	1505	1572	1668	1679	
32350:	1445	1490	1505	
32355:	1451	
32369:	1621	1622	
32378:	95	1495	
32391:	43	1314	1347	1433	1435	1525	1605	1608	1626	1668	1714	
32409:	1451	
32418:	1662	
32421:	1444	
32425:	1479	
32445:	1505	
32447:	1505	
32482:	1714	
32539:	1338	1439	
32565:	147	1338	
32604:	245	1400	1426	1436	
32607:	1436	
32646:	79	
32648:	1435	
32649:	1435	
32665:	1748	1756	
32676:	1481	
32711:	1709	
32713:	1743	
32718:	1381	
32728:	1349	1411	
32730:	1349	1411	
32731:	1411	
32732:	1349	
32739:	192	242	259	292	1359	1423	1542	1716	
32745:	1709	
32759:	1738	
32762:	1359	1501	
32765:	208	
32770:	1385	1615	
32777:	227	1380	1642	1709	
32789:	1506	
32790:	1324	
32792:	1310	
32799:	185	1381	1519	
32801:	1460	
32807:	1506	1507	
32813:	123	
32814:	129	
32819:	31	36	73	106	210	223	292	311	1321	1380	1381	1509	1560	1658	1703	
32848:	86	
32860:	1398	
32863:	1416	1432	1498	
32875:	227	
32877:	127	
32894:	174	
32906:	1647	1678	
32915:	1539	
32975:	185	1444	
32977:	1444	
32986:	155	
32996:	179	
33050:	70	
33051:	1690	
33068:	1662	
33070:	1359	1360	
33079:	161	
33084:	1529	
33085:	1397	
33093:	1451	
33100:	213	
33114:	1533	
33130:	1662	
33160:	276	
33163:	1556	
33216:	130	1456	
33245:	190	
33287:	94	
33295:	1378	
33296:	1378	
33354:	13	
33378:	102	
33382:	1602	
