28:	2597	
29:	3	
32:	96	
44:	57	110	
49:	141	
61:	6	
73:	223	
191:	47	
204:	82	
220:	87	
270:	101	
350:	23	38	41	43	50	58	61	70	93	98	106	110	114	115	125	132	137	157	164	170	182	183	202	203	215	217	218	1072	2598	2603	2604	
375:	228	
382:	62	66	84	102	189	2604	
413:	175	
450:	38	66	78	123	145	1371	
486:	197	
488:	4	
490:	4	
492:	58	197	
507:	64	73	
601:	81	
617:	9	
619:	3	4	173	
630:	34	
633:	163	220	
641:	11	14	28	31	34	35	38	81	85	86	108	121	125	139	142	145	146	150	152	154	156	158	159	160	161	162	165	166	167	179	189	192	193	210	212	220	221	226	2608	
642:	14	189	212	
643:	28	154	156	162	193	
658:	72	
665:	205	
690:	123	213	2596	2600	
779:	2	228	
825:	43	208	1072	
828:	208	
851:	6	25	29	47	50	56	84	101	105	119	126	131	138	183	186	197	203	205	209	222	
869:	66	85	95	160	170	
875:	85	
934:	9	
966:	160	
989:	197	
1007:	59	
1019:	190	
1045:	2596	2600	
1047:	11	
1050:	65	
1056:	37	
1057:	191	
1076:	49	
1096:	3	4	66	173	212	
1097:	129	
1101:	112	
1120:	56	
1126:	17	130	2605	
1156:	65	140	146	162	194	
1279:	204	
1404:	44	117	
1409:	20	
1430:	116	
1431:	32	90	
1438:	32	
1512:	110	
1520:	62	64	
1543:	169	
1624:	3	4	6	7	8	9	10	13	17	23	25	32	33	34	37	39	40	42	44	46	47	48	49	53	56	62	66	67	69	70	74	82	88	90	94	95	97	100	101	102	103	105	106	109	114	117	119	120	126	128	130	131	134	135	138	171	172	173	174	177	183	184	186	187	188	189	195	203	205	208	209	211	214	215	217	218	222	224	225	227	230	231	233	1130	1248	1371	2597	2598	2601	2602	2603	2604	2605	2607	
1625:	6	9	17	70	101	177	189	203	217	2598	2603	2605	
1626:	8	9	17	25	37	39	47	48	53	70	74	82	100	101	102	105	106	117	119	120	126	128	130	138	186	187	203	209	215	217	222	224	230	1371	2598	2601	2602	2603	2604	2605	
1636:	183	
1637:	72	112	
1653:	1	4	12	57	75	79	88	95	114	155	164	171	183	194	197	212	213	1130	1165	
1702:	73	
1710:	89	
1711:	1	30	38	60	197	
1796:	2596	2600	
1806:	39	
1833:	197	
1834:	197	
1837:	205	2606	
1838:	110	197	2596	2600	
1846:	12	25	44	47	56	138	170	171	209	232	
1868:	32	90	200	206	
1874:	206	
1901:	58	88	95	110	148	1371	
1904:	213	2596	2600	
1910:	37	44	83	97	177	
1917:	13	46	100	1130	
1919:	171	
1923:	223	229	
1926:	2606	
1927:	2606	
1938:	107	
1961:	163	
1963:	70	102	130	175	2607	
2017:	111	
2024:	78	133	167	
2032:	11	101	139	145	147	155	159	161	167	220	
2085:	197	
2088:	38	76	
2130:	15	58	90	132	197	201	
2131:	197	
2143:	197	
2222:	218	
2242:	132	
2256:	112	123	201	
2282:	7	37	38	175	230	
2284:	38	230	
2297:	4	25	37	39	62	70	82	100	101	102	103	105	110	119	186	197	201	209	211	215	222	224	2603	2604	2607	
2299:	100	
2301:	201	
2331:	15	
2363:	202	
2366:	203	
2378:	50	110	
2390:	9	2596	2600	
2403:	28	35	81	85	86	142	146	148	150	152	156	158	162	166	193	220	2608	
2411:	200	
2489:	39	
2492:	60	
2519:	42	88	108	184	
2541:	4	
2581:	38	163	
2611:	4	
2627:	100	101	
2629:	212	
2645:	197	
2685:	32	
2700:	30	
2715:	80	
2816:	4	6	9	21	22	32	41	62	80	90	95	110	116	118	123	124	128	163	172	195	197	200	201	202	219	229	2596	2600	
2821:	197	229	
2825:	197	
2829:	32	
2835:	32	80	90	
2873:	157	
2879:	112	197	
2890:	2596	2600	
2902:	24	128	130	138	186	230	
2935:	2605	
2978:	208	
2989:	75	
3036:	205	
3056:	50	2606	
3091:	81	
3092:	81	
3118:	181	
3160:	4	
3226:	28	145	
3235:	10	
3237:	6	7	8	14	15	17	19	21	25	28	33	37	39	49	53	63	66	80	101	105	106	116	119	128	138	139	145	147	153	161	162	164	167	186	196	209	216	224	227	229	2597	2605	2606	
3251:	116	
3252:	15	
3254:	145	
3310:	7	53	
3321:	30	56	119	217	224	1371	2598	
3325:	217	2598	
3358:	68	
3381:	133	170	176	186	188	210	
3389:	13	117	
3396:	52	
3410:	63	137	169	
3420:	7	
3424:	68	
3425:	41	110	
3446:	113	
3458:	46	90	
3460:	46	
3469:	201	
3470:	191	
3492:	12	38	45	87	101	102	110	115	117	130	132	133	135	157	164	192	200	202	224	
3501:	84	
3518:	231	
3547:	94	223	233	
3566:	223	
3567:	87	
3570:	87	
3573:	98	
3636:	172	
3660:	75	129	191	223	
3668:	68	
3741:	9	46	104	108	144	152	158	161	193	
3742:	9	
3766:	30	
3801:	188	
3802:	188	
3888:	3	14	41	48	135	174	188	
3924:	123	
4021:	197	
4053:	121	
4173:	176	
4251:	22	118	
4258:	9	223	
4334:	205	
4351:	32	80	
4358:	28	73	86	125	139	145	150	159	161	220	221	
4362:	123	
4443:	14	
4494:	189	
4534:	78	
4575:	38	58	72	77	117	132	167	
4677:	38	
4778:	12	
4815:	39	119	2603	2604	2607	
4818:	8	74	172	186	
4851:	117	
4857:	93	122	197	
4880:	3	52	61	109	173	193	
4891:	66	73	75	147	164	196	
4895:	75	77	
4900:	77	
4902:	61	
4925:	155	
4936:	151	
5025:	112	
5027:	112	
5188:	30	
5192:	197	
5227:	90	163	
5248:	68	
5315:	114	169	176	186	213	
5454:	70	
5455:	70	
5491:	14	
5503:	21	
5507:	62	
5536:	164	
5537:	164	
5566:	152	
5567:	6	7	9	17	23	37	47	53	56	62	70	100	102	106	119	128	130	138	175	186	203	211	214	224	225	230	2603	2604	2605	
5569:	128	
5570:	102	230	
5653:	3	4	34	64	66	145	173	176	197	218	
5658:	60	78	133	137	157	164	
5662:	176	
5676:	138	
5693:	199	
5768:	223	
5769:	223	
5801:	141	147	162	
5846:	210	
5850:	87	
5880:	103	139	145	150	
5890:	12	
5918:	197	
5933:	77	
5934:	77	213	
6027:	11	28	61	66	73	121	220	2608	
6038:	210	
6042:	77	
6069:	30	
6130:	120	
6205:	40	
6214:	84	
6215:	84	
6268:	7	119	227	
6277:	75	
6281:	73	189	197	
6302:	64	
6303:	64	
6323:	30	
6341:	36	
6369:	233	
6382:	25	209	
6463:	26	142	
6538:	68	
6543:	40	
6568:	62	172	
6573:	202	
6585:	115	
6596:	38	
6602:	80	
6607:	197	
6677:	30	
6695:	1	3	109	135	173	
6702:	1371	
6705:	25	209	
6708:	1	3	43	109	135	173	226	229	1072	2596	2600	
6709:	2596	2600	
6710:	43	1072	
6716:	189	1371	
6717:	1130	1139	1165	1248	1301	1371	
6719:	1301	
6720:	1301	
6732:	43	1072	
6738:	43	228	1072	
6745:	1371	
6750:	4	233	
6753:	107	213	
6778:	112	192	
6789:	35	125	142	147	150	152	161	163	179	226	2608	
6798:	77	
6809:	53	145	150	226	
6824:	35	86	147	150	152	179	226	
6853:	150	
6854:	150	
6976:	59	
6978:	30	
7028:	1371	
7041:	10	
7087:	130	218	
7106:	38	83	
7116:	38	39	54	70	75	77	112	117	132	184	192	230	
7151:	38	
7170:	66	
7173:	105	
7189:	66	
7270:	76	
7275:	2601	
7276:	188	197	232	
7286:	197	
7287:	232	
7301:	213	
7306:	24	58	90	114	170	171	172	232	
7308:	171	
7317:	172	
7324:	205	
7329:	10	113	
7334:	90	
7342:	111	205	
7351:	172	
7384:	45	58	
7386:	58	
7429:	10	
7432:	30	
7555:	56	
7573:	2596	2600	
7588:	2604	
7593:	73	
7684:	62	
7699:	62	
7778:	112	138	
7810:	59	
7818:	76	
7833:	66	87	
7834:	97	
7835:	97	
7837:	139	161	
7838:	28	150	161	
7839:	15	21	26	29	34	45	55	61	64	75	85	104	108	121	139	145	146	147	165	167	193	220	221	1301	
7859:	108	
7908:	129	
7942:	191	
7988:	42	
7994:	88	
8001:	110	
8002:	9	32	33	56	70	74	82	90	195	1130	1371	
8013:	137	
8031:	10	119	230	
8082:	46	90	
8095:	97	
8183:	72	
8197:	50	90	130	
8202:	50	
8216:	61	85	1248	
8311:	57	
8330:	218	
8336:	153	
8454:	202	
8465:	84	
8503:	202	
8531:	41	
8563:	228	
8607:	128	
8622:	201	
8639:	2597	
8653:	2596	2600	
8665:	188	
8671:	211	
8709:	104	147	167	
8731:	43	173	208	1072	
8735:	208	
8860:	78	
8861:	78	
8867:	123	
8993:	25	
9037:	205	1165	
9073:	232	
9091:	36	
9092:	36	
9147:	26	28	29	52	85	121	139	142	144	145	146	154	156	158	159	161	162	163	165	179	193	220	221	
9148:	29	193	
9311:	42	
9314:	57	
9324:	224	
9325:	189	
9332:	10	125	
9336:	37	57	89	112	116	177	184	231	
9341:	57	
9347:	6	8	34	106	126	
9353:	35	52	81	86	104	142	144	146	154	162	166	167	185	193	231	2608	
9355:	163	
9390:	86	135	139	145	150	212	215	232	
9398:	123	
9406:	8	
9413:	112	
9419:	2606	
9429:	62	217	2598	
9447:	108	
9450:	59	
9461:	81	
9466:	213	
9482:	130	
9483:	2604	
9491:	205	
9541:	60	63	69	73	78	79	88	90	133	134	155	174	196	1248	
9546:	60	79	
9547:	60	63	73	78	133	
9563:	10	33	39	47	56	62	70	102	105	106	117	119	130	138	175	186	203	214	215	225	2603	2604	2607	
9564:	56	62	102	117	130	
9565:	56	62	102	117	119	130	138	186	
9568:	10	
9573:	47	62	70	102	105	130	138	175	2603	2604	2607	
9574:	130	
9583:	128	
9584:	6	7	8	13	23	37	39	47	54	56	62	70	74	100	101	102	105	106	117	119	126	130	138	175	186	189	203	211	214	215	217	222	224	225	227	2598	2601	2603	2604	2605	2607	
9585:	10	
9589:	116	192	
9591:	75	84	116	
9593:	84	
9595:	227	
9610:	64	
9614:	33	203	
9616:	205	
9639:	60	
9668:	162	
9683:	213	
9685:	197	
9717:	2603	
9754:	2596	2600	
9797:	229	
9806:	208	2596	2600	
9841:	130	
9847:	2606	
9861:	82	
9921:	153	
9994:	196	
10037:	213	
10045:	213	
10049:	13	19	36	66	67	107	113	143	153	188	
10052:	13	107	113	143	
10053:	13	107	113	143	
10061:	133	
10094:	218	
10110:	98	
10144:	133	
10150:	75	174	
10160:	65	169	
10161:	65	
10172:	2601	
10174:	2601	
10183:	47	94	100	130	173	197	
10214:	64	
10218:	64	
10225:	1	71	75	155	231	
10254:	42	170	172	197	201	
10255:	197	
10257:	42	
10259:	201	
10297:	218	
10320:	218	
10325:	63	89	133	137	140	157	
10345:	14	66	95	154	155	190	204	
10349:	38	
10360:	57	130	177	2604	
10375:	80	
10377:	90	
10380:	213	231	
10383:	229	
10388:	80	
10405:	213	
10436:	172	
10437:	66	
10446:	11	
10531:	205	
10550:	8	101	105	106	128	186	211	222	224	230	2603	
10557:	2606	
10560:	2606	
10564:	213	
10565:	230	
10566:	56	2604	
10593:	133	
10628:	145	
10656:	83	
10661:	10	
10709:	87	123	
10717:	43	1072	
10718:	43	1072	
10730:	190	
10752:	50	
10770:	216	
10788:	161	
10816:	57	68	218	1301	
10822:	231	
10860:	198	
10871:	128	
10945:	212	
11177:	4	12	170	189	200	206	232	
11195:	1	21	61	155	160	201	
11255:	38	58	
11262:	58	
11275:	38	77	
11295:	200	
11296:	200	
11393:	116	197	
11460:	8	44	49	74	128	1371	
11503:	227	228	
11602:	62	
11610:	4	6	7	9	14	17	21	23	25	34	60	64	70	74	79	101	102	110	114	126	134	137	145	155	157	170	172	175	177	183	189	197	201	203	207	209	217	224	227	229	232	1130	1165	2598	2603	2605	
11680:	43	50	1072	
11681:	43	1072	
11706:	46	80	115	
11745:	134	
11891:	38	
11932:	117	
12051:	14	72	115	127	132	149	
12075:	14	
12084:	84	98	
12096:	14	
12129:	6	
12134:	111	
12142:	171	
12217:	59	
12304:	66	
12323:	112	
12324:	205	
12344:	84	
12360:	84	87	176	
12362:	176	
12371:	87	150	
12399:	64	88	95	176	195	
12400:	64	88	95	176	195	
12408:	84	
12409:	205	
12433:	196	
12436:	205	
12445:	231	
12448:	33	47	53	62	82	101	102	119	126	130	186	203	222	2601	2604	2607	
12449:	189	
12463:	200	
12499:	21	108	153	201	
12504:	199	
12596:	227	
12597:	10	
12602:	150	
12609:	1	4	55	109	146	151	212	231	
12614:	87	
12618:	26	62	
12621:	4	62	130	
12654:	94	2606	
12655:	94	2606	
12696:	2597	
12713:	43	1072	
12714:	64	
12752:	30	
12762:	184	
12789:	73	
12812:	87	
12838:	186	2599	
12841:	59	
12908:	131	
12946:	207	
12947:	44	98	120	136	187	218	2602	
12948:	44	98	187	2602	
12949:	136	
12950:	28	29	35	52	73	81	86	125	142	144	145	146	150	152	154	158	159	161	162	164	166	193	198	220	221	2603	2608	
12954:	205	
12958:	17	40	57	66	95	151	177	2604	
12961:	57	
12962:	163	
12974:	39	47	2607	
12975:	180	
12976:	198	
12977:	198	
12982:	30	
12983:	30	
12984:	30	
13030:	189	
13034:	26	
13051:	10	
13062:	218	
13067:	94	2606	
13104:	233	
13113:	30	2597	
13122:	39	119	2603	2604	2607	
13123:	2604	
13136:	62	105	138	227	2603	
13146:	184	
13151:	175	
13206:	62	
13215:	202	
13249:	32	90	206	
13251:	90	
13265:	88	
13271:	206	
13283:	90	
13328:	75	
13359:	4	15	21	40	80	85	133	139	153	219	223	227	
13369:	219	223	
13394:	75	
13415:	189	
13423:	48	188	2606	
13504:	212	
13506:	8	105	106	128	186	211	224	230	
13522:	4	130	133	147	
13525:	38	79	197	215	
13553:	126	183	
13668:	112	
13677:	57	112	
13678:	112	
13750:	30	
13814:	167	
13817:	2606	
13857:	200	
13916:	62	
13947:	58	
13964:	2596	2600	
14006:	2606	
14055:	107	
14121:	13	93	182	
14144:	75	
14153:	44	
14176:	1	199	
14179:	171	
14198:	116	212	
14305:	113	
14367:	55	59	198	218	2606	
14382:	2597	
14386:	222	
14397:	2606	
14398:	2606	
14462:	64	
14476:	229	
14505:	146	
14522:	60	
14539:	2606	
14546:	2606	
14573:	212	
14579:	212	
14591:	197	
14629:	76	213	229	
14659:	21	26	147	165	
14663:	151	
14692:	1371	
14720:	55	146	151	
14819:	111	
14852:	116	
14853:	116	
14890:	18	20	199	
14891:	18	
14919:	205	
14926:	50	
14958:	32	88	90	95	154	191	
14977:	90	
14987:	20	88	228	
14988:	20	
14994:	64	
14996:	38	
15018:	39	171	192	
15021:	117	
15044:	89	154	
15070:	110	
15078:	75	88	90	114	123	212	
15101:	75	223	233	
15113:	10	205	
15144:	1	7	100	203	224	
15222:	4	66	146	218	
15225:	150	
15236:	228	
15280:	35	38	57	112	116	156	174	184	210	222	
15281:	184	
15283:	57	
15287:	35	
15292:	87	
15296:	60	
15318:	184	
15355:	38	75	163	210	
15481:	4	205	
15520:	79	
15548:	35	147	166	226	2608	
15561:	111	
15692:	108	
15711:	197	201	
15787:	231	
15806:	10	
15834:	218	
15841:	218	
15862:	211	
15873:	45	164	202	
15875:	1	3	4	6	8	9	13	34	43	50	75	103	106	109	119	126	135	136	173	188	191	204	223	1072	1371	
15876:	135	
15881:	13	14	17	23	24	28	32	37	38	43	44	47	54	56	57	58	62	85	87	90	93	105	106	110	112	122	130	138	139	154	175	177	180	189	197	201	203	207	211	214	215	224	225	230	1072	1248	2603	2604	2605	2607	
15888:	130	
15891:	93	122	197	
15897:	110	201	
15899:	13	
15905:	56	
15937:	57	
16060:	88	203	
16086:	24	28	68	90	121	147	153	166	226	2597	
16111:	105	
16121:	232	
16126:	62	
16132:	110	
16142:	201	
16143:	201	
16163:	50	106	116	189	2601	
16167:	58	
16179:	58	
16227:	223	
16238:	66	178	
16251:	66	
16322:	210	
16339:	30	
16364:	77	
16392:	209	
16493:	202	
16701:	64	150	226	
16720:	32	1130	
16736:	98	
16742:	43	135	228	1072	
16744:	43	228	1072	
16746:	115	135	138	173	
16759:	43	1072	
16771:	107	
16772:	107	
16828:	120	
16849:	43	68	1072	
16888:	88	
16951:	200	218	2606	
17018:	230	
17022:	1	
17154:	75	
17203:	126	
17217:	2603	
17241:	139	145	147	161	167	
17246:	39	62	117	189	2607	
17255:	147	161	
17259:	123	
17392:	4	
17393:	4	
17429:	30	
17457:	68	
17569:	123	184	
17684:	110	
18018:	163	
18104:	160	
18105:	160	
18116:	47	
18117:	47	
18175:	197	
18226:	202	
18436:	130	
18437:	130	
18446:	139	156	222	
18449:	222	
18453:	222	
18485:	60	
18633:	116	
18657:	4	56	82	102	138	147	155	172	184	188	189	197	201	215	223	233	
18697:	87	
18716:	30	
18720:	210	
18733:	15	21	
18768:	1	4	57	62	218	
18961:	136	
19004:	21	
19022:	88	90	116	197	206	
19025:	197	
19132:	113	133	
19133:	133	
19215:	213	
19262:	155	190	231	
19304:	1	3	13	14	34	35	41	60	66	73	75	97	125	134	137	142	150	154	155	157	164	174	194	215	216	223	226	228	
19308:	73	
19326:	1371	
19376:	64	
19382:	116	2603	
19414:	210	
19426:	223	
19442:	204	
19500:	49	
19533:	210	
19535:	210	
19541:	75	85	195	210	
19542:	210	
19546:	210	
19562:	204	
19573:	88	
19591:	85	97	152	
19600:	87	
19630:	38	
19648:	38	
19649:	38	
19897:	88	
19909:	4	40	88	117	132	
19929:	155	
20008:	1	10	14	24	103	109	123	135	167	173	184	188	212	
20044:	83	
20076:	195	
20087:	218	
20093:	99	
20095:	2596	2600	
20101:	79	
20119:	94	
20121:	4	8	11	13	27	28	47	55	56	57	62	105	106	120	138	146	180	186	190	207	218	219	230	231	
20123:	180	
20155:	56	
20157:	23	55	57	119	187	227	2604	
20251:	210	
20254:	210	
20263:	191	
20294:	3	14	41	135	
20312:	77	
20341:	2604	
20343:	77	
20379:	161	
20404:	102	
20448:	41	174	
20471:	170	197	200	
20488:	113	
20592:	68	
20626:	2602	
20631:	150	
20653:	78	155	164	
20658:	133	
20659:	3	14	34	
20660:	3	14	34	
20663:	10	
20668:	102	
20679:	38	227	
20705:	123	
20707:	123	
20740:	87	98	
20752:	133	
20834:	226	229	
20867:	63	
20880:	213	
20893:	138	
20895:	211	
20924:	89	
20953:	175	
21020:	197	
21037:	88	
21038:	197	218	
21039:	197	
21041:	81	154	167	193	2608	
21063:	3	4	14	21	32	38	44	51	57	64	69	76	80	88	95	112	116	173	184	205	206	210	212	223	229	
21070:	10	
21112:	30	1139	
21118:	26	85	228	
21119:	14	43	62	88	100	113	126	172	201	218	227	1072	
21216:	40	87	197	
21224:	197	
21254:	134	
21270:	58	60	164	
21283:	58	
21320:	164	
21348:	55	57	59	76	173	196	198	233	1301	
21359:	196	
21471:	80	164	
21501:	55	164	
21502:	55	
21527:	40	230	
21568:	7	8	17	23	25	30	34	70	102	106	146	175	177	187	203	209	211	214	222	224	225	2603	2605	
21569:	177	
21570:	8	34	
21571:	146	
21574:	125	1130	
21575:	107	
21578:	37	
21584:	6	8	106	126	
21587:	35	52	81	86	104	142	144	154	158	162	166	167	185	193	2608	
21588:	81	154	167	193	2608	
21592:	37	
21647:	2596	2600	
21648:	2596	2600	
21653:	11	
21695:	89	
21736:	89	
21773:	213	
21774:	87	
21791:	213	
21832:	1	13	17	25	33	100	102	106	173	175	188	203	209	216	222	224	230	2603	2604	2607	
21860:	62	
21870:	32	
21871:	32	
21875:	63	89	133	137	140	157	
21883:	5	2606	
21905:	163	
21932:	137	157	
21977:	104	121	139	145	159	161	221	
22044:	201	
22093:	230	
22100:	26	
22126:	47	2605	
22180:	173	
22184:	231	
22212:	6	34	60	78	89	157	184	188	230	
22223:	227	
22224:	56	
22252:	157	
22285:	30	
22300:	112	192	
22304:	4	44	215	1371	
22316:	217	2598	
22322:	136	219	223	
22400:	50	
22494:	12	197	
22502:	64	197	
22559:	62	
22624:	154	
22732:	192	
22733:	192	
22739:	4	
22753:	75	116	
22756:	185	218	
22768:	1	3	14	34	97	100	109	135	170	171	172	173	188	189	200	208	223	228	232	
22771:	1	64	87	
22783:	1	3	7	34	46	47	49	57	65	66	88	90	94	95	97	109	112	129	134	135	173	177	184	194	195	206	210	212	215	218	1130	
22784:	34	
22788:	90	112	
22809:	213	
22811:	2596	2600	
22819:	213	
22828:	11	136	219	
22829:	136	219	
22830:	136	219	
22894:	80	
22902:	213	
22980:	42	
22984:	24	
22986:	21	199	
22989:	198	
23000:	36	202	
23001:	202	
23023:	163	
23027:	78	
23056:	77	
23094:	64	2606	
23187:	1	
23191:	130	154	184	
23204:	32	80	
23210:	80	
23247:	2	15	21	228	
23319:	56	
23320:	56	
23321:	56	
23334:	110	
23340:	110	
23341:	110	123	
23348:	1371	
23359:	110	
23368:	11	14	28	29	34	35	66	93	125	135	139	145	146	147	152	154	155	156	159	161	167	193	220	221	226	
23371:	147	161	221	
23384:	62	
23411:	189	
23420:	163	
23443:	164	
23521:	219	
23523:	190	
23541:	150	161	
23571:	192	
23592:	85	147	161	
23624:	98	201	
23625:	98	
23637:	62	197	201	
23660:	197	
23683:	205	
23692:	223	
23717:	38	
23733:	9	
23797:	38	
23798:	7	
23800:	77	
23810:	72	79	112	
23828:	161	196	219	228	1371	
23829:	161	
23849:	66	
23865:	165	
23870:	232	1371	2603	
23884:	77	
23910:	62	201	215	
23939:	121	139	145	146	147	156	159	161	167	
23953:	212	
23954:	171	
23962:	1	
24010:	83	
24011:	31	35	142	152	166	
24041:	87	
24042:	23	39	117	138	2604	2607	
24147:	4	6	7	17	25	74	103	106	126	130	186	187	209	215	223	224	231	
24211:	101	
24302:	6	56	126	138	187	189	233	
24316:	197	
24322:	40	
24386:	55	121	146	151	219	
24394:	55	
24429:	62	
24443:	172	218	
24465:	155	184	210	
24476:	44	
24477:	223	
24502:	44	
24508:	75	103	173	233	
24519:	50	
24540:	87	2596	2600	
24636:	57	63	90	155	164	195	216	
24638:	90	
24641:	90	
24646:	196	
24681:	17	216	224	
24724:	70	101	106	126	1165	
24742:	9	
24755:	14	95	190	
24777:	17	52	75	193	224	2608	
24781:	26	28	31	34	35	81	85	121	139	142	145	146	150	152	154	156	158	159	160	161	165	166	167	179	220	221	2608	
24786:	68	78	98	157	
24805:	119	
24810:	7	12	199	224	
24811:	12	224	
24820:	173	
24825:	14	
24841:	213	
24845:	1	8	9	13	16	22	25	26	32	33	37	39	40	44	47	55	56	58	60	61	63	66	67	72	74	89	90	93	100	101	102	103	106	107	109	112	113	115	117	118	119	126	128	132	133	137	138	143	146	157	164	184	187	188	196	203	209	211	213	215	216	218	222	224	227	228	229	231	232	233	1130	1248	1371	2603	2604	2605	2606	
24846:	216	
24847:	93	
24852:	1	3	9	14	21	34	40	43	60	62	64	66	75	86	88	97	98	106	107	115	117	123	132	134	135	145	164	170	172	173	174	180	183	184	188	189	197	206	215	223	228	229	232	1072	1130	2601	2604	2606	
24861:	197	
24866:	183	
24871:	66	
24875:	66	164	
24877:	134	
24885:	107	
24891:	145	
24907:	184	
24919:	34	66	72	134	
24982:	112	
24991:	112	
25011:	8	34	42	44	46	49	74	85	123	184	198	223	2597	
25016:	34	42	
25019:	198	
25029:	57	112	
25046:	55	146	
25049:	75	
25051:	50	
25071:	138	2603	
25072:	2604	
25112:	75	90	212	
25122:	2596	2600	
25123:	2596	2600	
25138:	3	172	173	215	
25148:	129	223	
25149:	129	223	
25197:	74	135	
25199:	186	
25208:	173	
25216:	186	
25226:	229	
25252:	32	
25297:	40	
25313:	218	
25374:	5	10	12	15	21	40	42	49	53	66	87	97	103	106	108	128	134	173	215	231	1130	1371	2597	
25375:	10	42	49	87	1130	1371	2597	
25381:	197	200	216	232	
25447:	1	3	106	109	135	171	186	226	229	2596	2600	
25450:	173	
25451:	62	64	
25455:	213	231	2596	2600	
25456:	213	2596	2600	
25469:	4	9	37	43	188	233	1072	
25487:	106	
25488:	208	
25498:	223	
25571:	205	
25578:	101	
25580:	101	
25616:	89	
25700:	231	
25795:	77	
25905:	14	135	139	143	154	199	
25934:	108	
25944:	73	
25977:	9	13	14	50	52	70	88	101	105	112	159	167	171	189	203	220	2603	
25978:	9	13	14	50	52	70	88	101	105	112	159	171	189	203	220	2603	
26014:	50	
26037:	110	
26046:	110	197	
26047:	110	
26079:	90	
26086:	39	
26097:	44	
26111:	84	
26146:	45	
26153:	50	192	
26278:	196	
26329:	75	
26344:	41	
26382:	77	
26384:	7	
26418:	106	
26504:	142	150	152	160	
26507:	142	
26508:	142	
26513:	160	
26532:	160	
26533:	160	
26534:	160	
26558:	92	153	
26568:	9	189	
26806:	75	
26851:	227	
26853:	64	197	199	201	
26870:	48	188	
26912:	77	
27041:	205	
27042:	205	
27060:	205	
27084:	205	
27087:	210	
27107:	66	
27108:	93	
27139:	77	
27149:	190	
27275:	135	189	197	
27289:	110	
27302:	210	
27336:	116	
27379:	139	154	156	161	220	
27459:	223	
27485:	66	
27590:	10	
27591:	111	
27596:	205	
27602:	6	17	126	224	
27627:	73	
27637:	9	
27647:	231	
27660:	38	
27665:	26	
27675:	6	13	15	21	34	42	45	49	55	66	123	134	135	173	228	2597	
27676:	15	
27702:	39	171	
27736:	57	
27796:	30	
27849:	183	
27867:	73	
27879:	151	173	184	210	212	229	
27901:	130	223	233	
27902:	59	
27920:	32	46	57	69	73	74	87	88	95	110	114	116	197	206	213	1301	
27921:	88	
27930:	202	
27935:	32	
27936:	28	38	72	75	86	150	
27941:	38	
27971:	218	
27987:	76	
28026:	184	
28060:	55	
28077:	17	25	39	63	138	180	209	217	224	2598	2603	2607	
28082:	112	
28085:	233	
28098:	55	
28119:	21	40	134	
28174:	2603	
28228:	77	
28229:	77	
28265:	190	
28301:	2606	
28326:	76	233	
28365:	111	
28369:	205	
28372:	205	
28379:	181	
28386:	205	
28445:	197	
28493:	184	
28494:	201	
28539:	6	126	
28550:	2606	
28552:	2606	
28567:	88	112	113	184	210	
28630:	40	
28632:	219	
28642:	43	87	98	156	163	164	220	1072	
28646:	87	
28659:	39	1248	
28661:	66	142	145	159	167	197	
28668:	1	32	51	85	88	90	123	147	154	155	185	195	210	233	1130	1248	
28675:	87	
28684:	79	
28685:	79	133	157	
28686:	73	
28704:	123	
28709:	177	
28806:	1371	
28863:	63	157	223	
28877:	91	
28948:	7	
28967:	41	
28973:	65	
28975:	65	
29023:	32	
29036:	184	
29091:	5	12	49	67	108	133	197	
29156:	108	155	
29157:	155	
29159:	58	
29237:	101	
29288:	102	229	
29302:	223	
29331:	117	197	201	
29402:	117	
29432:	130	
29447:	197	
29534:	153	
29551:	12	21	
29559:	15	
29562:	111	
29601:	104	
29604:	163	
29610:	8	10	33	186	
29611:	8	186	
29618:	66	116	
29650:	10	205	
29651:	205	
29652:	205	
29695:	30	
29703:	10	
29728:	93	
29741:	21	223	
29761:	200	
29790:	205	231	
29809:	57	
29811:	25	187	209	222	
29812:	51	
29827:	77	
29856:	38	
29898:	77	
29929:	159	
30059:	198	
30144:	188	
30183:	202	
30290:	197	
30317:	60	
30429:	4	221	
30434:	145	
30543:	38	
30608:	88	
30753:	79	
30818:	197	
31002:	111	
31004:	205	
31006:	111	
31019:	32	58	71	74	89	90	164	197	213	216	218	228	1130	
31020:	218	
31021:	32	58	74	89	90	164	218	228	1130	
31022:	58	74	89	90	164	218	228	1130	
31061:	219	
31062:	219	
31070:	213	
31074:	171	
31123:	39	
31128:	30	
31201:	223	
31211:	206	
31290:	38	
31309:	19	
31320:	66	
31342:	210	
31350:	95	
31570:	14	87	
31587:	206	2605	
31661:	83	
31717:	205	
31719:	205	
31746:	11	
31749:	35	
31759:	189	
31795:	59	
31803:	1371	
31823:	11	28	29	35	52	81	85	86	121	125	139	142	145	147	150	152	154	161	162	166	167	179	193	220	221	226	2608	
31849:	100	
31971:	1	55	76	139	167	173	233	
32012:	205	
32017:	134	
32040:	205	
32043:	68	
32051:	104	
32056:	38	
32059:	172	
32086:	2604	
32092:	116	189	
32110:	84	133	
32116:	210	
32125:	56	106	138	172	173	184	200	211	
32135:	191	
32136:	58	62	
32141:	54	
32143:	54	
32156:	64	
32171:	4	78	134	
32199:	83	
32214:	210	
32215:	210	
32228:	55	75	
32271:	117	
32283:	2	228	
32320:	110	
32371:	205	
32378:	135	
32421:	89	90	
32425:	112	
32485:	77	
32539:	87	
32565:	98	
32592:	65	
32645:	30	
32665:	44	
32765:	87	
32770:	222	
32799:	75	162	196	
32819:	54	175	185	192	2603	2607	
32886:	59	
32890:	59	
32904:	202	
33065:	94	
33214:	14	
33216:	90	
33230:	30	
33263:	87	
