22:	79	
44:	112	
61:	49	82	170	196	1525	
94:	131	
228:	92	
269:	70	
286:	1530	
287:	175	
350:	15	20	21	24	33	36	48	61	71	72	73	93	94	101	104	110	115	118	128	131	132	133	136	138	139	145	172	174	185	194	197	199	202	204	208	226	232	1532	1536	1548	
354:	72	1548	
377:	196	
382:	20	139	172	204	
392:	24	
413:	197	
422:	13	131	
423:	131	175	
450:	51	68	139	148	156	190	202	
467:	144	
492:	72	73	94	170	195	
498:	72	
600:	217	
602:	187	
616:	217	
670:	121	1541	
690:	13	61	62	81	141	142	143	144	169	180	182	183	234	1529	1533	
692:	81	
693:	143	
719:	36	
727:	1549	
750:	81	
751:	36	222	
764:	58	
807:	81	86	109	187	1549	
834:	29	68	106	156	
835:	29	68	106	
836:	156	
837:	156	
851:	14	25	26	61	80	112	121	136	137	166	178	227	232	
1097:	138	182	
1156:	178	229	
1283:	122	1546	
1299:	122	1546	
1343:	122	1546	
1400:	1549	
1401:	131	
1404:	12	
1410:	15	16	21	24	32	37	72	78	82	94	104	122	125	126	127	128	130	170	172	187	197	198	228	1532	1546	1548	
1411:	15	16	21	24	32	72	78	82	94	104	122	125	127	128	130	170	172	197	198	228	1532	1546	1548	
1412:	125	198	
1413:	12	15	24	33	78	130	133	136	170	1544	
1428:	230	
1431:	7	
1456:	162	
1520:	1	155	187	217	1549	
1528:	68	
1624:	19	230	1545	
1637:	230	
1653:	11	63	86	107	109	112	156	175	187	199	217	227	1549	
1665:	1525	
1670:	76	1525	
1676:	15	24	32	33	57	78	130	133	136	170	1525	1532	1544	1548	
1677:	15	24	33	78	130	133	136	170	1544	
1693:	57	
1702:	29	68	
1711:	59	80	90	232	
1729:	232	
1736:	13	15	42	50	111	127	144	168	180	198	
1738:	180	
1772:	7	
1806:	187	
1815:	137	174	
1817:	86	224	
1820:	224	
1833:	22	224	
1834:	224	
1838:	26	
1846:	22	73	156	
1848:	152	
1849:	152	
1850:	152	
1857:	214	
1858:	214	
1867:	200	
1868:	37	72	82	86	178	224	230	1545	
1874:	37	
1889:	152	
1893:	30	67	87	88	92	98	107	108	113	121	134	137	155	160	162	184	189	203	205	220	223	230	1534	
1901:	19	
1904:	138	
1916:	73	
1928:	170	
1999:	12	
2016:	106	164	
2024:	1	12	33	42	75	93	101	131	164	168	170	195	208	
2029:	170	
2035:	106	152	182	195	
2037:	106	195	
2039:	182	
2041:	164	
2078:	41	131	1544	
2085:	72	75	86	148	
2088:	164	225	
2090:	164	
2111:	125	127	
2130:	12	13	29	32	37	48	49	59	68	72	75	85	91	106	110	125	127	131	164	187	216	
2133:	13	
2138:	29	
2161:	29	
2241:	86	
2256:	230	
2282:	21	82	129	1548	
2297:	29	198	232	
2308:	50	
2311:	165	
2370:	214	
2378:	115	187	
2409:	13	
2489:	13	178	197	
2492:	1542	
2560:	121	1533	
2561:	1533	
2567:	1533	
2581:	156	178	
2601:	232	
2664:	37	
2668:	104	155	
2669:	155	
2677:	182	
2682:	104	
2685:	95	112	155	175	230	1525	1545	
2686:	95	112	155	175	230	
2722:	65	
2780:	224	
2816:	8	14	18	22	27	30	37	43	58	59	63	73	85	91	93	95	109	112	119	121	125	127	137	146	152	155	156	175	187	192	200	213	214	216	217	227	1521	1523	1525	1526	1533	1534	1536	1538	1542	1545	
2821:	30	
2835:	8	27	43	112	146	192	1526	1534	1545	
2845:	13	
2855:	13	29	
2860:	29	
2866:	63	155	
2873:	65	
2902:	70	
2920:	33	
2928:	1544	1548	
2929:	1532	1548	
2930:	1548	
3127:	86	
3129:	86	
3237:	12	15	16	21	25	32	36	71	78	110	124	128	129	133	213	1545	
3270:	112	
3271:	86	
3272:	217	
3275:	112	
3276:	86	217	
3277:	217	
3281:	86	112	
3284:	86	
3292:	1523	
3321:	3	13	15	21	25	29	71	94	110	124	128	130	152	182	204	217	232	
3322:	152	
3323:	152	
3348:	112	
3375:	199	
3381:	51	139	1549	
3425:	13	49	138	141	165	187	1533	
3434:	117	1536	
3449:	213	
3456:	76	
3469:	16	21	51	63	110	112	137	139	
3478:	214	
3492:	12	16	42	48	61	70	72	75	93	101	106	126	127	162	164	168	170	185	194	195	206	1542	
3500:	16	72	170	194	
3501:	112	155	156	1545	
3509:	1522	1523	1524	1525	1526	1527	1528	1529	1530	1531	
3510:	1522	1524	1525	
3511:	1526	1528	1530	
3513:	1522	1523	1527	
3514:	1529	
3515:	37	178	
3524:	182	
3525:	182	
3532:	182	
3541:	12	
3547:	12	22	110	
3555:	178	
3613:	13	62	81	142	143	144	169	180	182	183	234	1529	
3626:	1547	
3627:	1547	
3635:	94	
3663:	117	226	1521	1538	1549	
3667:	188	
3703:	218	
3741:	13	85	91	95	175	190	213	216	
3777:	144	
3801:	170	
3802:	170	
3812:	6	9	20	51	117	118	139	141	148	188	190	199	202	226	229	1521	1536	1538	1540	1549	
3813:	139	148	
3816:	117	139	
3817:	51	117	202	
3818:	1521	1538	
3819:	9	20	139	141	190	199	202	229	1536	
3820:	20	
3821:	117	
3822:	22	
3824:	1549	
3828:	190	
3835:	9	51	117	118	139	141	148	202	226	229	1521	1536	1538	1549	
3838:	20	51	
3839:	226	1521	1538	
3844:	226	
3852:	52	
3853:	141	
3858:	226	
3859:	226	
3860:	22	
3861:	139	199	
3865:	27	187	
3908:	7	
4015:	38	
4021:	86	94	155	
4149:	58	
4251:	225	1545	
4266:	122	1546	
4304:	164	
4312:	68	
4329:	65	
4332:	24	
4334:	49	229	1523	
4351:	19	213	
4367:	1548	
4395:	104	197	204	
4396:	104	197	204	
4397:	104	197	
4398:	104	197	
4400:	204	
4443:	22	29	109	
4448:	109	
4450:	109	
4464:	109	
4531:	95	175	
4541:	144	
4659:	115	
4660:	115	
4671:	214	
4772:	19	59	222	
4774:	95	107	112	121	137	175	
4778:	37	82	85	91	121	178	216	
4781:	121	
4784:	37	178	
4798:	78	
4800:	24	106	204	
4818:	112	121	137	
4823:	138	
4824:	138	
4873:	117	
4880:	41	59	122	139	148	155	217	1542	1546	1549	
4891:	162	
4895:	3	
4898:	3	
4923:	26	
4942:	131	
4953:	15	21	24	25	33	78	128	130	131	133	162	218	224	1532	1544	1548	
4958:	224	
4959:	15	21	130	131	162	
4982:	26	
4997:	90	
5023:	30	214	
5087:	36	
5092:	1528	
5093:	99	
5097:	7	
5118:	8	
5143:	124	214	
5157:	39	
5192:	24	133	218	1548	
5227:	115	
5236:	78	
5241:	125	127	
5315:	13	55	62	81	142	143	144	169	180	182	183	234	1529	
5338:	6	
5454:	29	36	39	198	230	232	
5455:	198	
5465:	1548	
5466:	1548	
5507:	26	162	171	
5508:	171	
5611:	68	
5641:	222	
5653:	19	156	187	188	1521	1538	
5658:	1542	
5678:	1523	
5680:	1523	
5703:	51	1521	1538	
5833:	115	192	
5847:	194	
5884:	166	
5885:	38	1521	1538	
5920:	90	
5934:	30	51	117	118	138	146	148	200	202	214	1536	
5944:	115	
5945:	115	
6010:	222	
6025:	115	
6027:	65	190	199	
6032:	1548	
6101:	1525	
6102:	29	87	1539	
6113:	141	1536	
6149:	65	
6251:	226	
6263:	38	
6264:	38	
6281:	37	175	1525	
6418:	1533	
6439:	146	
6472:	123	
6474:	187	
6475:	187	
6478:	187	
6493:	187	
6547:	20	
6551:	8	50	82	122	182	1546	
6552:	82	
6553:	8	
6554:	122	1546	
6555:	50	
6564:	82	130	172	
6565:	130	
6566:	172	
6567:	29	
6568:	22	50	61	101	144	
6577:	130	131	
6588:	13	80	
6589:	80	
6590:	80	
6592:	133	
6594:	133	
6595:	133	
6611:	196	
6613:	196	
6693:	213	
6694:	213	
6742:	187	
6753:	202	
6783:	30	214	
6793:	1533	
6798:	156	
6811:	103	
6877:	11	
6910:	185	
6979:	131	
7039:	68	
7050:	71	
7085:	1525	
7087:	1	12	15	16	21	24	25	32	33	36	50	71	75	78	93	94	104	106	110	124	126	128	129	130	133	136	145	164	170	195	212	218	1532	1544	1548	
7094:	12	25	75	78	128	145	
7095:	75	
7096:	16	75	130	195	1544	
7116:	75	170	
7151:	232	
7165:	68	
7173:	97	
7195:	121	
7233:	193	
7251:	90	
7276:	13	126	
7298:	33	41	72	197	198	
7299:	72	
7300:	238	
7306:	13	48	50	61	72	133	144	
7307:	61	
7329:	80	144	
7338:	19	
7352:	42	48	61	75	195	
7356:	42	61	75	195	
7357:	42	
7369:	40	59	
7476:	162	
7508:	38	
7572:	109	
7583:	232	
7584:	232	
7588:	12	72	94	104	131	172	204	208	222	1548	
7593:	68	
7594:	156	
7600:	30	
7601:	30	
7640:	36	152	
7648:	48	
7655:	1549	
7658:	1539	
7659:	1539	
7668:	187	
7671:	142	209	
7672:	209	
7673:	142	
7684:	30	53	68	80	169	178	180	183	187	214	232	237	1521	1538	
7700:	178	
7701:	80	
7707:	180	
7708:	53	
7709:	183	
7725:	36	81	222	
7726:	143	
7737:	11	
7738:	11	
7774:	199	226	1521	1538	
7775:	226	
7776:	226	
7777:	226	
7778:	9	20	41	48	51	59	61	80	95	117	118	139	141	178	190	229	1523	1549	
7785:	51	
7786:	51	
7808:	42	82	
7818:	8	41	122	1546	
7823:	122	1546	
7833:	51	117	139	202	1536	
7839:	117	121	138	139	166	178	187	1521	1523	1538	
7922:	200	
7923:	7	142	
7993:	1542	
7994:	7	16	125	126	127	130	145	198	230	1532	
8002:	125	127	145	170	200	
8006:	123	213	230	
8013:	79	93	171	
8031:	68	86	112	207	1009	1535	
8035:	207	
8036:	207	
8055:	178	
8058:	213	
8077:	142	
8128:	14	
8159:	115	
8183:	79	
8186:	79	
8197:	49	131	132	
8216:	68	
8411:	146	
8463:	22	
8499:	51	1549	
8526:	139	
8557:	182	
8584:	94	144	
8589:	106	144	
8603:	138	
8675:	152	
8695:	1542	
8698:	175	
8699:	125	127	
8731:	26	36	109	222	
8735:	26	109	
8781:	121	
8791:	204	
8792:	204	
8838:	152	
8856:	1523	
8860:	117	188	
8999:	58	1545	
9001:	58	1545	
9091:	206	
9129:	1548	
9142:	218	
9209:	72	
9336:	19	
9351:	138	
9365:	1523	
9429:	1543	
9470:	152	
9472:	25	
9482:	32	133	198	
9488:	197	
9502:	195	
9523:	38	
9541:	11	117	162	187	1536	
9547:	162	
9573:	15	16	21	24	25	32	33	128	129	133	170	198	1544	1548	
9574:	32	133	198	
9576:	15	21	25	198	1548	
9609:	152	182	
9610:	19	59	86	138	200	226	230	
9622:	104	
9623:	218	
9626:	156	
9632:	1548	
9636:	85	91	121	216	227	
9693:	90	
9797:	156	
9806:	26	109	156	
9810:	156	
9827:	172	
9895:	172	
9897:	1525	
9898:	38	
9946:	1522	
9951:	156	
9977:	1529	
10026:	59	
10027:	59	
10046:	1	1532	
10049:	30	58	59	63	115	144	152	156	170	171	184	185	215	224	226	232	1542	
10052:	30	59	63	115	144	152	156	170	171	185	215	224	232	1542	
10053:	30	59	63	115	144	152	156	170	171	185	215	224	232	1542	
10061:	90	222	
10066:	123	
10143:	124	
10148:	138	
10179:	1	
10211:	29	
10244:	38	
10254:	75	90	174	1548	
10277:	13	95	112	121	182	213	217	230	
10325:	1542	
10345:	22	109	217	
10360:	32	110	133	198	
10377:	26	156	
10410:	156	
10415:	225	
10445:	184	
10446:	214	
10525:	182	
10537:	121	
10549:	29	199	
10575:	137	
10649:	238	
10668:	29	68	106	
10717:	156	
10741:	29	
10816:	190	
10881:	105	
10884:	115	
10972:	51	139	141	187	1536	1549	
10989:	230	
11037:	13	
11077:	176	
11086:	68	
11137:	37	66	78	87	108	134	
11144:	68	226	
11150:	68	
11151:	68	
11173:	24	78	170	218	1544	
11177:	13	80	104	182	195	217	232	
11189:	232	
11195:	123	156	
11211:	32	93	99	106	164	169	171	
11213:	164	
11214:	32	
11215:	99	171	
11218:	164	
11219:	169	
11221:	169	171	
11222:	169	
11255:	7	30	70	178	1532	
11260:	70	
11393:	13	80	
11400:	13	
11410:	112	121	175	230	
11411:	1534	
11413:	46	63	112	155	175	214	
11415:	46	63	112	155	175	214	
11418:	30	95	112	
11419:	30	
11421:	131	
11423:	63	155	175	214	
11469:	24	222	
11546:	152	
11547:	152	
11602:	217	
11610:	1	8	13	15	18	21	26	37	63	71	73	104	109	110	112	126	137	145	152	175	187	199	214	230	1525	1536	1545	1549	
11629:	182	
11653:	164	
11662:	175	
11706:	199	
11735:	29	170	
11932:	197	
11967:	1541	
11968:	1541	
11972:	12	
12021:	7	170	198	1532	
12026:	7	1532	
12045:	217	
12051:	13	68	95	112	170	175	217	222	
12055:	170	
12060:	65	
12074:	125	
12091:	48	195	1542	
12132:	42	
12155:	1533	
12183:	152	
12258:	72	131	
12275:	170	208	
12276:	170	208	
12282:	121	
12304:	155	
12360:	1542	
12399:	82	
12446:	7	
12453:	175	
12464:	1	7	8	12	15	16	21	24	25	32	33	36	38	71	72	78	82	94	104	110	122	123	124	125	126	127	128	129	130	131	133	136	145	162	170	172	194	197	198	204	208	222	228	1532	1544	1546	1548	
12465:	36	
12466:	24	222	
12467:	126	130	
12468:	172	
12469:	7	12	16	24	32	36	104	123	125	126	130	131	194	198	204	222	1532	
12470:	15	21	122	124	182	1546	
12474:	155	
12499:	16	132	
12589:	29	
12599:	30	
12621:	156	1523	
12622:	156	
12672:	229	
12682:	229	
12684:	128	
12714:	188	
12751:	115	
12772:	115	
12773:	115	
12791:	162	
12801:	53	169	232	237	
12834:	105	
12962:	38	85	91	216	
12965:	85	91	216	
13136:	75	
13155:	65	
13188:	51	117	188	
13193:	22	54	
13202:	68	141	
13203:	141	
13206:	29	51	101	
13209:	29	
13249:	7	19	32	128	145	170	1545	
13265:	7	16	125	126	127	130	145	198	230	1532	
13273:	7	127	
13275:	127	
13378:	80	
13416:	156	
13464:	36	125	127	
13525:	59	144	182	1549	
13553:	36	172	
13586:	194	
13588:	107	126	144	155	175	187	
13623:	217	
13644:	1548	
13684:	130	
13686:	59	
13701:	13	70	
13702:	70	
13714:	59	182	
13715:	48	93	101	106	195	
13721:	59	
13800:	121	
13841:	29	37	193	
13842:	193	
13843:	29	37	
13857:	1545	
13899:	41	
13907:	109	175	222	
13987:	170	
14006:	119	122	1546	
14107:	182	
14110:	174	
14153:	71	110	
14198:	178	
14233:	144	
14251:	36	
14263:	115	
14323:	182	
14337:	86	
14338:	35	58	85	91	95	107	112	121	137	146	155	156	173	175	191	200	214	216	227	233	
14339:	58	137	155	200	
14340:	191	
14344:	30	37	46	58	63	67	68	81	85	87	88	91	92	95	98	102	107	108	112	113	121	134	137	140	146	149	155	156	160	162	163	175	176	177	184	189	203	205	214	215	216	220	223	227	230	238	1534	1545	
14346:	155	177	215	220	230	1545	
14347:	175	
14348:	85	91	149	216	
14350:	63	121	214	
14351:	51	139	
14358:	36	182	222	
14359:	36	222	
14360:	222	
14362:	59	86	144	175	218	1533	
14364:	59	175	218	1533	
14367:	117	1533	
14388:	93	
14400:	38	
14402:	144	
14403:	217	
14449:	156	
14457:	222	
14476:	13	28	36	85	91	143	156	216	217	226	
14482:	156	
14486:	28	
14490:	156	
14492:	143	
14539:	38	119	122	178	1546	
14546:	119	122	1546	
14599:	13	
14614:	15	25	122	1546	
14616:	63	155	156	
14629:	30	146	182	200	213	214	1523	1533	
14634:	30	214	
14663:	178	
14664:	178	
14679:	165	
14688:	1540	
14692:	119	
14707:	8	
14713:	200	
14720:	1548	
14728:	182	
14821:	29	
14838:	29	
14924:	59	
14947:	59	
14958:	9	11	19	20	50	51	59	85	86	91	112	117	118	119	138	139	141	148	178	187	190	200	202	213	215	216	217	218	229	230	1521	1523	1533	1536	1538	1549	
14967:	118	
14973:	1521	1538	
14977:	59	187	
14978:	9	
14992:	42	170	172	190	
14993:	68	
15018:	21	85	91	216	
15021:	166	
15040:	86	
15041:	86	
15044:	20	129	133	
15078:	29	30	86	95	112	121	137	146	155	187	200	213	
15144:	42	132	1549	
15198:	121	
15206:	130	182	
15207:	182	
15225:	65	
15264:	187	
15266:	187	
15267:	1549	
15292:	1549	
15294:	11	139	187	
15295:	1525	
15342:	175	
15366:	222	
15577:	1537	
15692:	72	214	
15711:	214	
15762:	121	
15792:	86	
15798:	141	1536	1549	
15801:	182	
15802:	62	
15804:	182	
15873:	42	93	106	164	168	185	206	
15881:	1	7	8	12	22	24	25	26	29	32	37	41	42	48	49	50	61	63	65	71	72	75	78	80	82	86	90	93	94	95	106	109	110	112	121	124	126	128	129	131	132	136	137	144	145	152	155	164	165	170	172	174	175	187	194	208	214	217	230	1523	1525	1545	1548	1549	
15883:	26	
15897:	1	8	71	109	175	214	1525	1545	
15904:	65	
15905:	12	24	
15907:	165	
15910:	75	
15937:	206	
15965:	8	41	
16064:	19	
16065:	19	
16086:	37	104	199	
16098:	165	
16121:	93	
16126:	182	227	
16148:	121	
16163:	75	115	132	232	
16222:	68	
16238:	86	
16239:	86	
16251:	9	11	21	58	73	112	115	126	182	226	230	1523	1536	1549	
16254:	182	
16258:	18	133	
16295:	152	
16324:	11	
16335:	68	
16374:	80	
16381:	90	
16464:	121	
16511:	178	
16512:	178	
16518:	121	
16520:	225	
16580:	90	
16595:	155	
16604:	171	
16672:	80	
16720:	156	226	
16735:	225	
16773:	222	
16810:	226	
16817:	226	
16818:	226	
16862:	222	
16890:	1532	
16911:	1	24	25	33	41	104	182	197	198	204	208	
16912:	8	18	41	50	71	204	218	
16951:	32	
17000:	115	
17024:	109	
17051:	182	
17052:	182	234	
17053:	182	234	
17054:	234	
17055:	182	
17056:	182	
17057:	182	
17058:	182	
17076:	232	
17104:	1542	
17136:	178	
17167:	95	
17194:	230	
17206:	175	
17226:	225	
17227:	225	
17229:	225	
17246:	1	
17255:	199	
17360:	80	
17384:	13	38	
17419:	226	
17420:	226	
17424:	182	
17476:	117	139	141	148	202	226	229	1521	1536	1538	
17578:	222	
17635:	33	125	126	133	170	182	1532	
17636:	133	
17637:	182	
17639:	133	1525	
17643:	11	
17648:	33	41	133	197	198	
17649:	33	41	197	198	
17657:	30	
17658:	200	
17659:	187	
17660:	29	30	67	81	87	88	92	98	107	108	113	121	134	137	155	160	162	176	184	189	203	205	220	223	227	230	1534	
17661:	29	
17663:	217	
17666:	217	
17679:	62	
17680:	200	224	
17689:	1523	
17692:	11	
17693:	33	
17705:	58	
17706:	58	
17754:	58	
17756:	58	
17759:	58	
17765:	13	
17858:	36	155	172	
18010:	127	
18040:	94	
18041:	48	61	
18042:	48	
18047:	125	127	
18056:	20	
18060:	42	
18152:	194	
18175:	19	59	
18186:	59	
18187:	59	
18195:	59	
18201:	59	
18244:	155	
18300:	68	
18352:	121	
18370:	115	
18373:	115	
18374:	72	
18382:	155	182	1009	1535	1537	
18383:	1537	
18384:	1009	1535	
18385:	12	127	
18389:	8	72	122	1546	
18393:	8	
18397:	1	7	8	12	15	16	21	24	25	32	33	36	38	41	50	71	72	73	78	82	94	104	110	122	124	125	126	127	128	129	130	131	133	136	145	152	170	172	182	197	204	208	212	1532	1544	1546	1548	
18398:	126	
18399:	1	12	15	16	21	24	25	32	33	71	110	124	126	128	145	170	212	1532	1544	
18400:	8	41	122	1546	
18401:	71	110	
18403:	15	
18404:	15	21	122	124	182	1546	
18405:	204	
18407:	50	129	
18408:	41	122	1546	
18410:	12	15	32	72	110	125	130	131	170	172	
18414:	133	
18415:	8	
18417:	122	175	182	222	1546	
18420:	1	21	110	
18424:	8	15	21	49	50	59	71	122	124	152	175	182	218	1533	1546	
18428:	62	
18485:	1542	
18504:	48	
18506:	101	
18581:	93	
18641:	16	
18657:	29	80	112	162	
18716:	164	
18806:	227	
18856:	94	
18863:	117	
18875:	94	
18932:	138	
18933:	138	
18934:	138	
18964:	96	
19004:	141	1536	1549	
19022:	18	133	
19032:	31	
19040:	31	
19048:	129	
19110:	1525	
19122:	115	
19149:	182	
19213:	211	
19216:	182	
19217:	182	
19236:	37	63	137	156	
19303:	165	
19304:	138	162	1542	
19308:	162	
19348:	107	
19349:	107	
19353:	130	
19366:	115	
19530:	226	
19744:	109	
19897:	9	20	41	51	139	175	188	1521	1536	1538	
19909:	24	25	26	90	94	110	195	213	225	
19910:	195	
19929:	117	
20088:	22	
20101:	70	117	132	138	1536	
20194:	1548	
20315:	21	
20316:	21	
20343:	213	
20359:	38	
20368:	105	
20404:	3	
20420:	24	
20429:	104	182	1523	
20431:	13	
20486:	141	
20540:	217	
20541:	217	
20543:	220	
20566:	197	
20590:	152	
20603:	198	
20611:	171	
20613:	68	
20672:	3	68	
20674:	68	
20679:	163	214	
20682:	163	214	
20705:	9	11	51	202	226	1521	1538	1549	
20706:	9	202	
20709:	1549	
20710:	9	11	1549	
20719:	70	
20747:	199	
20752:	1542	
20802:	127	
20867:	9	11	1549	
20893:	174	1548	
20902:	36	
20934:	195	
20949:	168	
20979:	61	
20980:	61	
21020:	80	90	185	
21046:	3	68	69	178	
21059:	115	
21060:	115	
21063:	19	49	68	175	1549	
21093:	218	
21107:	26	
21108:	26	
21112:	1533	
21116:	131	156	
21119:	71	123	1549	
21136:	59	
21146:	130	
21254:	200	
21270:	50	85	91	121	133	156	216	227	
21272:	156	
21283:	50	133	
21298:	85	91	121	216	227	
21348:	138	
21392:	185	
21527:	16	18	75	104	121	130	131	132	164	171	195	198	1544	
21578:	115	
21658:	173	
21662:	173	
21663:	13	
21691:	115	
21695:	115	
21820:	166	
21844:	32	
21870:	86	
21873:	124	
21874:	124	
21875:	1542	
21883:	123	
21905:	226	
21926:	30	
21977:	115	
21979:	115	
22022:	218	
22039:	1541	
22040:	1541	
22041:	182	
22042:	182	
22044:	38	
22055:	34	152	155	182	232	237	
22057:	237	
22126:	199	
22135:	37	
22139:	202	
22141:	202	
22195:	68	
22199:	68	107	
22212:	1542	
22252:	1542	
22283:	182	
22311:	13	15	42	50	111	127	144	168	198	
22353:	68	
22385:	68	
22428:	142	
22494:	90	
22502:	50	51	59	86	132	194	
22559:	222	
22600:	75	
22684:	156	
22725:	68	
22771:	11	51	63	112	187	224	
22773:	224	
22775:	63	
22781:	218	
22783:	19	1549	
22790:	232	
22791:	232	
22803:	218	
22806:	29	
22972:	48	61	101	
22984:	110	
23014:	165	
23023:	225	
23078:	115	
23080:	185	
23084:	226	
23094:	90	118	132	190	226	
23123:	58	
23145:	178	
23186:	20	51	
23204:	145	
23227:	13	
23273:	80	1548	
23290:	144	
23291:	49	53	93	207	
23293:	207	
23295:	75	
23297:	144	
23298:	94	
23335:	117	
23411:	1536	
23435:	13	85	91	216	
23492:	230	
23568:	65	
23571:	132	
23589:	49	75	
23609:	65	
23637:	7	29	49	57	59	72	85	91	169	171	178	182	187	194	214	216	237	1525	
23638:	178	
23733:	198	
23803:	1521	1538	
23810:	165	
23828:	55	
23870:	82	
23910:	85	91	156	216	
23939:	138	
23946:	1533	
23960:	138	
24017:	7	24	33	41	94	126	131	133	145	198	1544	
24018:	33	198	
24019:	33	198	
24023:	32	
24047:	68	
24054:	132	
24070:	13	
24106:	105	137	
24108:	137	
24124:	146	
24166:	1541	
24167:	202	1521	1538	
24170:	165	
24179:	165	
24212:	121	
24213:	121	
24218:	49	164	
24219:	164	
24340:	217	
24377:	214	
24407:	24	37	41	43	51	59	72	80	125	144	146	170	194	213	214	1523	
24408:	146	
24409:	24	194	
24410:	214	
24421:	72	
24422:	72	
24429:	49	
24443:	94	174	
24454:	187	
24465:	59	109	204	217	
24540:	11	94	112	187	
24547:	183	
24561:	42	
24563:	231	
24613:	12	133	136	
24636:	13	29	82	119	155	170	172	192	200	202	1523	
24637:	29	
24638:	155	
24641:	13	82	170	172	202	
24648:	1536	
24670:	121	
24681:	22	
24755:	22	
24777:	86	1536	
24786:	55	70	213	
24845:	1	9	13	18	20	30	32	35	37	42	46	49	51	58	59	63	70	72	81	85	91	95	102	107	112	113	115	118	119	121	122	128	132	134	137	138	139	140	143	144	146	152	155	156	163	170	171	175	176	178	182	184	185	187	190	197	199	200	202	203	213	214	215	216	217	223	224	226	231	232	1523	1525	1526	1530	1533	1536	1542	1546	1549	
24852:	14	18	19	86	109	132	137	182	187	230	1523	1549	
24860:	86	
24866:	137	
24986:	139	
25122:	155	217	
25124:	155	
25226:	156	222	
25228:	217	
25252:	86	
25301:	65	70	122	1546	
25303:	65	
25399:	182	
25400:	182	
25409:	65	
25445:	36	
25447:	48	121	132	152	198	
25451:	1	155	187	217	1549	
25667:	36	59	
25699:	1	24	
25701:	170	
25718:	1549	
25784:	59	
25944:	162	
25953:	146	149	
25976:	222	
25977:	12	49	51	133	187	194	226	1549	
25978:	12	49	51	133	187	194	1549	
25983:	1523	1549	
25984:	121	152	
26003:	156	
26023:	57	
26031:	226	
26039:	141	226	1549	
26083:	37	
26153:	1533	
26459:	11	
26494:	48	
26504:	8	11	
26534:	65	
26546:	65	
26568:	68	72	126	
26573:	15	1548	
26679:	61	204	
26681:	109	204	
26698:	13	237	
26741:	131	
26826:	125	127	
26832:	164	195	
26836:	164	
26840:	225	
26846:	1527	
26851:	13	
26853:	132	
26859:	132	
26893:	122	1546	
26910:	102	
27066:	121	1533	
27067:	121	1533	
27115:	121	
27215:	37	109	194	
27275:	29	59	1542	
27296:	13	126	137	155	169	171	182	227	238	
27332:	115	
27362:	7	
27429:	104	
27430:	104	
27438:	122	1546	
27459:	20	39	68	141	148	190	1523	1536	
27537:	211	
27584:	51	175	
27609:	117	118	202	
27627:	68	
27641:	131	
27642:	131	
27672:	1549	
27675:	139	156	175	187	200	1523	1549	
27681:	139	1549	
27683:	156	
27702:	21	85	91	216	
27705:	139	
27714:	79	
27719:	118	202	229	
27767:	1523	
27776:	38	1523	
27799:	65	
27864:	152	
27891:	75	93	
27920:	6	8	19	22	29	117	187	
27922:	41	122	1546	
27934:	82	165	
27936:	199	
27954:	80	230	
27960:	1548	
27970:	38	
27971:	80	
27977:	38	
27985:	13	
27987:	20	51	139	187	188	190	202	1549	
27994:	13	
27995:	12	129	194	
28042:	226	
28061:	138	
28077:	13	65	75	
28091:	117	138	1549	
28242:	38	1549	
28249:	50	
28262:	12	
28268:	188	
28271:	9	
28272:	1536	
28378:	238	
28433:	121	
28438:	129	1548	
28445:	49	75	106	
28448:	75	106	
28449:	49	
28451:	49	
28460:	29	233	
28468:	49	75	
28485:	175	
28495:	101	
28539:	37	196	232	
28548:	232	
28564:	145	
28607:	29	109	
28616:	144	
28630:	101	
28642:	122	138	229	1546	
28659:	104	126	170	172	198	208	1532	
28661:	22	138	142	156	187	209	224	
28668:	49	59	73	109	117	132	141	178	187	213	226	229	1523	1533	1536	1549	
28675:	37	
28686:	162	
28754:	199	
28776:	68	
28799:	185	
28809:	1548	
28901:	78	
28983:	59	
29017:	59	
29023:	1525	
29048:	22	
29091:	70	132	
29159:	1523	
29208:	15	16	32	104	198	204	208	1532	
29209:	208	
29288:	80	145	
29302:	1542	
29336:	57	
29381:	13	1525	
29393:	155	
29530:	132	
29571:	57	
29649:	238	
29692:	164	
29694:	138	
29749:	16	
29752:	16	19	
29784:	59	
29896:	121	
29897:	121	
29984:	8	
30020:	63	
30032:	175	187	1549	
30100:	75	
30117:	156	
30290:	33	37	126	1548	
30330:	196	
30419:	141	1536	1549	
30510:	90	
30557:	68	
30603:	190	
30604:	190	
30608:	182	
30715:	196	
30733:	37	
30773:	37	48	61	101	195	
30808:	175	
30874:	106	
31015:	207	
31019:	18	19	35	37	58	81	85	91	95	102	107	112	113	121	122	128	134	140	143	146	149	155	175	176	178	182	184	190	200	203	205	214	216	217	223	226	1523	1525	1530	1536	1546	1549	
31020:	37	
31021:	18	19	35	58	81	95	102	107	112	113	121	122	128	134	140	143	146	155	175	176	182	184	200	203	205	214	217	223	226	1523	1525	1530	1536	1546	
31022:	18	35	58	81	95	102	107	112	113	121	122	128	134	140	143	146	155	175	176	182	184	200	203	214	217	223	226	1523	1525	1530	1546	
31068:	137	230	
31074:	21	124	129	
31085:	38	
31088:	72	131	
31131:	202	226	
31145:	72	
31154:	115	
31165:	58	
31201:	155	
31211:	213	
31236:	182	214	
31326:	117	
31341:	123	
31362:	11	
31570:	101	130	174	195	
31709:	85	91	216	
31779:	121	
31780:	121	
31849:	156	
31876:	68	
31962:	65	
32017:	200	
32059:	37	75	109	
32070:	1534	
32092:	12	15	32	72	110	125	130	131	170	172	204	
32107:	58	1545	
32118:	38	58	144	1523	
32125:	1525	1549	
32134:	1549	
32136:	13	59	126	139	170	172	226	1548	
32141:	107	155	175	
32171:	9	156	1009	1521	1523	1535	1538	
32186:	131	
32204:	155	178	
32214:	86	
32217:	200	
32226:	156	
32228:	156	230	
32239:	33	
32271:	7	38	72	78	131	170	
32273:	7	
32342:	13	237	
32349:	237	
32462:	1	
32465:	146	
32473:	227	
32474:	227	
32480:	162	
32481:	162	
32556:	139	
32561:	155	
32580:	11	
32600:	140	
32646:	93	106	
32793:	182	
32794:	182	
32819:	170	
32878:	11	
32967:	33	
32998:	178	
33170:	30	
33216:	19	122	230	1546	
33318:	165	
33379:	75	
33422:	1542	
33429:	1524	
