21:	1016	
44:	2	3	73	117	347	431	451	1010	
49:	102	1016	
61:	40	137	188	434	
68:	11	102	171	181	183	197	1004	1015	
120:	53	
127:	221	
204:	185	246	
215:	22	187	189	
242:	218	
316:	363	
329:	31	
350:	1	3	6	11	14	26	27	36	39	40	42	49	51	53	54	56	57	58	73	74	75	84	86	87	89	93	94	95	97	101	105	106	107	116	117	118	119	122	123	126	127	132	137	138	140	143	145	152	153	156	157	158	159	167	169	172	176	181	183	188	190	194	197	200	203	204	207	209	214	215	225	226	228	231	233	238	240	241	243	245	246	249	253	254	255	258	265	266	271	272	274	275	278	282	285	286	291	301	303	304	308	309	312	315	319	320	323	324	327	328	332	333	334	338	343	344	346	347	351	353	356	357	364	366	367	372	377	379	389	392	393	396	398	399	400	405	413	424	426	427	431	435	436	438	439	442	443	448	451	454	459	460	461	465	467	468	470	473	475	476	477	482	485	486	487	499	1005	1006	1010	1012	1014	1015	1016	
353:	3	53	86	89	93	118	119	122	123	159	204	228	231	253	254	266	282	323	343	344	351	367	377	475	1010	1012	
360:	324	
361:	324	
364:	470	
380:	3	116	147	
382:	96	134	137	261	318	436	483	1007	
385:	159	
395:	231	
413:	177	472	
450:	34	335	423	
492:	21	36	77	87	91	106	278	293	423	424	438	
493:	87	91	293	
506:	1	88	116	117	121	122	126	149	231	261	282	284	299	345	355	446	462	464	483	490	497	1007	
629:	1	118	
641:	284	300	
642:	284	300	
651:	326	
657:	137	
658:	121	168	299	472	
663:	111	
678:	24	
690:	136	197	257	264	303	347	442	
749:	243	
825:	51	152	177	395	417	
826:	177	417	
828:	152	
834:	153	177	417	454	
835:	153	454	
836:	177	417	
841:	400	
851:	13	17	38	47	78	116	117	139	140	153	192	210	214	215	224	229	247	269	270	272	288	297	306	307	310	327	338	340	345	382	390	393	398	400	408	432	437	446	453	488	491	497	499	
869:	1005	
909:	182	
938:	324	
1027:	299	438	
1033:	401	
1034:	401	
1086:	110	452	1005	
1096:	66	
1097:	188	
1119:	62	67	89	158	
1156:	112	
1187:	44	399	
1205:	443	
1270:	473	
1276:	112	
1373:	72	304	
1404:	18	65	83	88	117	160	203	206	235	286	306	327	336	345	346	465	
1405:	18	65	88	117	160	203	206	235	306	327	336	345	346	465	
1436:	324	
1462:	421	
1520:	463	
1563:	110	271	
1574:	271	
1624:	300	
1637:	54	124	408	
1642:	408	
1643:	124	
1653:	11	40	52	86	105	132	143	165	192	216	224	229	243	249	262	268	269	270	272	278	284	309	310	315	334	341	353	372	376	382	393	398	415	432	469	477	1007	
1654:	415	
1702:	404	
1711:	7	12	58	102	137	354	463	
1815:	52	
1817:	11	14	17	18	27	32	33	36	37	39	42	43	45	47	53	58	65	71	76	79	80	101	105	113	115	120	136	149	155	167	168	188	194	203	206	207	223	229	232	235	236	238	241	242	252	261	266	270	279	283	286	288	297	300	303	306	307	308	309	322	324	337	345	352	364	379	380	381	382	384	401	437	442	451	465	466	468	476	483	487	497	1003	1007	1008	1016	
1818:	101	149	155	203	261	297	309	345	379	465	483	497	1007	
1819:	297	307	
1820:	45	188	337	
1821:	235	1016	
1822:	27	47	53	65	115	167	242	261	286	307	442	
1833:	2	11	15	23	36	40	44	49	52	56	58	63	69	76	78	80	85	92	94	95	97	101	122	123	132	136	137	139	143	144	145	150	155	157	167	168	178	181	185	188	203	207	212	214	215	223	224	225	234	235	240	242	243	251	261	271	275	277	282	284	293	298	299	300	306	307	309	311	315	316	318	322	332	334	336	338	342	345	346	347	353	355	366	372	379	383	390	400	410	418	420	432	434	443	447	456	460	465	467	468	476	483	497	499	1000	1003	1004	1007	1009	1015	1016	
1834:	2	11	15	36	40	44	49	52	56	63	69	76	78	80	85	92	94	95	101	122	123	132	136	137	139	143	144	150	155	157	167	168	178	181	185	188	203	207	212	214	215	223	224	234	235	240	242	243	261	271	275	277	282	284	293	298	299	300	306	307	309	311	315	316	318	322	332	334	336	338	342	345	346	347	355	366	372	379	383	400	410	418	420	432	434	443	447	456	460	465	467	468	476	483	497	499	1000	1003	1004	1007	1009	1015	1016	
1838:	56	122	132	235	243	315	334	366	440	492	1016	
1846:	214	215	
1859:	151	443	
1868:	1	2	3	4	6	8	10	11	12	14	15	16	17	19	20	21	22	23	25	26	27	28	29	30	32	33	36	37	38	39	40	41	42	43	44	45	47	48	49	50	52	53	55	56	57	58	60	62	63	64	65	67	69	71	72	73	74	76	78	79	80	81	82	83	85	86	87	88	89	91	92	93	94	95	97	99	100	101	102	104	105	106	107	108	110	113	114	115	116	118	119	120	121	122	123	127	132	135	136	137	138	140	142	147	149	150	151	154	155	156	157	158	159	161	163	165	166	167	168	169	170	171	172	175	176	177	178	179	180	181	182	183	184	185	187	188	189	190	191	192	193	194	195	197	201	202	203	204	205	207	208	209	211	214	215	216	217	219	222	223	224	226	227	228	229	230	231	232	233	234	235	236	237	238	239	240	241	242	243	245	246	247	248	249	250	252	253	254	255	258	260	261	262	263	264	265	266	267	269	270	271	272	273	274	275	276	277	278	279	280	282	283	284	285	286	287	288	289	290	291	293	294	296	297	298	299	300	301	303	304	305	307	308	309	310	311	312	314	315	316	318	320	321	322	323	324	325	326	327	328	330	331	332	333	334	336	337	338	339	340	341	343	344	345	346	347	349	351	352	353	355	356	357	358	359	360	361	362	364	365	366	367	368	371	372	373	375	376	377	378	379	380	381	382	383	384	385	386	388	390	391	392	393	398	400	401	404	405	406	407	409	410	413	414	415	416	418	419	421	423	424	426	427	429	430	431	432	433	434	435	437	438	439	441	442	443	444	445	446	447	448	449	451	452	453	454	456	459	460	461	464	465	466	467	468	470	471	474	475	476	478	479	482	483	485	486	487	489	491	492	493	494	495	496	497	499	1000	1002	1003	1004	1005	1006	1007	1008	1010	1011	1012	1013	1014	1015	1018	1019	1020	
1869:	168	
1870:	118	119	247	250	274	416	1010	
1871:	340	
1873:	29	89	105	140	147	172	179	224	230	240	247	287	299	318	331	338	375	392	437	
1874:	1	3	4	6	8	10	12	14	16	17	19	20	21	22	23	25	26	27	29	32	33	36	37	38	39	40	41	42	43	44	45	47	48	49	50	52	53	56	58	60	62	63	65	67	69	71	72	73	74	76	78	79	80	81	82	83	85	86	87	88	89	91	92	93	94	95	97	99	100	101	102	104	105	106	107	108	113	114	115	116	118	119	120	121	122	123	127	132	138	140	142	147	149	150	151	154	156	157	158	161	163	165	166	167	168	169	170	171	172	175	176	178	180	181	182	183	184	185	187	189	190	191	192	193	194	195	197	201	202	203	204	205	207	208	209	211	214	215	216	217	219	222	223	224	226	227	228	229	232	233	236	238	239	240	241	242	243	245	246	247	248	249	250	252	253	254	255	258	261	262	263	264	265	266	267	269	270	272	273	274	275	276	277	278	279	280	282	283	284	285	286	287	288	289	290	291	293	296	297	298	299	303	304	305	307	308	309	310	314	315	316	318	320	321	322	323	325	326	327	328	330	331	332	333	334	336	337	338	339	340	341	343	344	345	346	347	349	351	352	353	355	356	357	358	359	360	361	362	364	365	366	367	371	372	373	375	376	378	379	382	383	384	385	386	388	390	391	392	393	398	401	404	405	406	407	409	410	413	415	418	419	421	423	426	430	431	432	433	434	435	437	438	439	441	442	443	444	445	446	447	448	449	451	452	453	454	456	459	460	461	465	466	467	468	470	471	474	475	476	479	482	483	485	486	487	489	491	492	493	494	495	497	499	1000	1002	1004	1005	1007	1008	1010	1011	1012	1013	1015	1018	1019	1020	
1875:	16	23	303	341	491	493	
1893:	336	
1901:	32	33	40	48	288	364	410	
1923:	188	
1924:	188	
1963:	168	
1965:	143	477	
1990:	23	432	434	
1993:	456	
1995:	45	
2014:	210	
2015:	210	
2024:	7	58	101	111	149	155	188	199	203	249	251	261	297	309	319	343	345	379	391	415	430	465	483	497	1007	1009	
2085:	83	143	228	233	294	
2088:	90	148	287	312	
2097:	287	
2108:	81	380	381	
2130:	1	2	3	6	11	12	15	16	21	23	26	28	29	30	36	38	40	44	52	56	58	60	62	63	65	67	74	76	80	81	83	84	85	86	88	89	94	95	99	100	101	105	114	115	116	118	119	122	123	127	133	136	137	140	147	150	151	153	157	163	168	169	171	175	178	180	181	184	185	187	193	197	200	202	203	204	205	208	209	211	212	214	215	216	224	225	228	231	233	234	236	238	239	249	254	255	258	260	262	264	269	274	275	276	278	279	284	286	290	291	298	299	300	303	308	311	318	324	325	327	330	332	333	339	341	342	343	344	345	346	347	351	353	355	356	358	360	365	366	367	370	372	373	376	378	383	389	390	391	393	398	400	408	413	418	420	422	423	424	427	429	436	441	442	447	451	454	456	460	463	464	468	470	471	475	476	479	484	485	491	492	493	497	499	1000	1002	1003	1007	1008	1011	1012	1013	1014	1015	1016	1018	
2138:	424	
2145:	463	
2147:	286	465	
2164:	370	
2178:	148	
2241:	347	377	
2242:	150	173	380	381	463	1015	
2247:	435	
2256:	484	
2262:	484	
2272:	262	
2282:	15	36	122	147	150	185	246	281	284	314	318	360	370	431	437	
2284:	314	
2297:	52	65	
2322:	111	
2363:	31	387	469	
2366:	28	93	1004	
2378:	143	477	
2390:	15	118	377	
2407:	380	381	
2408:	398	
2411:	49	361	
2419:	183	
2420:	183	
2436:	171	
2454:	188	
2489:	58	101	134	
2492:	7	41	66	68	116	374	433	472	
2517:	132	243	315	334	
2519:	294	
2535:	16	
2581:	164	
2582:	164	
2590:	210	438	
2601:	298	
2612:	148	
2645:	95	155	399	
2646:	155	399	
2680:	261	
2692:	293	
2715:	91	224	
2717:	91	
2780:	69	235	306	346	
2783:	139	336	
2816:	1	3	4	6	8	10	11	14	16	17	18	19	20	21	22	23	24	25	26	28	29	30	32	33	36	37	38	39	40	41	42	43	44	47	48	49	50	51	52	53	55	56	57	60	63	64	65	67	70	72	78	79	80	81	83	84	85	88	89	91	93	94	99	100	101	104	105	110	113	114	115	116	117	118	120	121	122	132	133	136	143	147	151	152	156	157	160	161	162	163	165	167	168	169	171	172	175	177	178	180	182	184	185	187	189	190	192	193	195	202	203	204	205	206	207	210	211	214	215	216	217	222	223	227	229	232	236	238	239	240	241	242	243	245	246	247	249	250	253	254	255	258	260	261	262	263	264	265	266	267	269	270	273	274	277	279	280	282	283	284	285	286	287	288	290	291	298	299	301	302	304	306	307	310	311	314	315	318	320	321	322	323	324	325	326	327	328	330	331	333	334	336	337	339	341	343	344	345	346	347	349	351	352	355	356	357	360	361	362	365	366	367	370	371	372	375	376	378	379	382	384	387	388	389	390	391	392	393	394	395	396	398	401	406	409	410	414	417	418	420	421	423	427	431	437	439	442	443	444	445	447	448	449	451	452	454	455	456	459	460	461	462	464	467	468	470	472	475	476	477	478	479	483	486	487	489	490	491	492	493	494	495	497	1000	1002	1003	1005	1008	1010	1011	1013	1014	1015	1016	1017	
2821:	152	250	262	
2829:	72	229	325	352	390	459	
2835:	18	36	38	39	64	84	117	118	122	156	195	206	210	211	229	242	279	286	290	327	331	355	356	388	393	414	427	478	479	1013	
2837:	326	409	
2839:	122	203	346	406	
2855:	336	
2873:	35	211	220	
2879:	30	44	252	374	386	447	448	460	463	491	
2883:	459	
2902:	103	143	
2912:	127	
3002:	127	352	
3003:	127	
3096:	252	
3134:	28	
3136:	164	
3175:	485	
3182:	110	485	
3184:	408	
3213:	363	
3215:	363	
3237:	7	28	30	32	45	51	55	57	62	65	70	79	81	84	85	89	91	94	99	100	108	110	114	115	151	159	161	163	165	167	168	173	175	184	187	189	211	216	242	252	255	263	286	287	290	298	307	310	331	333	337	366	375	376	379	392	393	394	398	404	408	413	415	420	427	438	442	449	451	454	456	460	461	464	472	473	486	492	1002	1007	1008	1016	1020	
3240:	81	
3254:	408	
3272:	446	
3310:	165	
3321:	1	57	63	85	91	92	116	118	119	136	151	158	177	208	212	224	245	247	248	274	278	284	299	320	324	333	340	356	375	404	418	424	429	442	472	476	478	482	499	1005	
3324:	248	
3327:	91	151	224	404	476	
3348:	346	
3381:	15	210	408	
3398:	282	312	
3410:	145	173	319	414	
3414:	284	
3415:	363	
3420:	363	
3425:	3	28	47	71	74	127	133	193	279	352	360	364	485	490	
3434:	98	
3456:	185	
3457:	82	
3469:	336	
3478:	497	
3484:	424	
3486:	51	395	
3487:	18	65	149	196	206	235	306	345	451	481	
3488:	18	65	149	196	206	235	306	345	451	481	
3492:	5	52	58	95	101	102	111	115	126	145	166	168	171	173	183	188	199	210	212	233	234	251	271	278	295	301	302	314	328	335	342	366	370	399	402	414	424	429	434	438	463	496	1004	1014	1015	1016	
3501:	196	481	
3515:	306	346	432	
3518:	287	
3524:	150	
3527:	377	
3528:	12	137	234	
3530:	1018	
3547:	70	84	258	310	1020	
3548:	258	310	1020	
3554:	176	
3561:	278	
3567:	32	473	
3574:	101	420	
3612:	294	
3629:	112	306	
3680:	234	
3703:	188	235	
3704:	235	
3741:	35	190	220	436	459	
3748:	110	
3774:	12	101	137	234	400	
3776:	164	419	
3779:	473	
3812:	300	
3865:	188	347	
3896:	64	478	
3905:	271	
3920:	347	
3923:	347	
4251:	54	455	
4304:	402	
4326:	399	
4334:	380	381	
4351:	28	
4359:	93	271	
4367:	262	
4443:	38	117	139	
4504:	271	
4584:	197	
4611:	314	460	
4619:	91	110	
4664:	91	110	366	
4674:	80	160	301	347	460	
4745:	166	
4755:	400	
4763:	166	
4766:	181	1006	
4768:	454	
4772:	106	
4778:	306	346	370	432	
4784:	306	346	432	
4795:	51	
4800:	440	
4818:	101	110	127	284	294	373	391	472	1016	
4825:	363	
4864:	139	224	
4880:	93	94	285	373	379	434	
4891:	110	138	296	404	
4902:	296	
4926:	287	
4931:	420	
4949:	24	52	84	101	224	261	270	299	300	358	366	379	434	438	497	499	1007	
4951:	24	499	
4953:	52	94	139	155	224	235	420	
4955:	139	224	
4958:	420	
4969:	24	
4979:	353	
4998:	155	
5025:	334	405	
5027:	405	
5032:	182	
5041:	28	93	208	209	271	278	353	
5043:	208	209	
5044:	209	
5047:	209	
5048:	208	209	271	
5064:	347	
5082:	314	
5110:	3	302	
5115:	117	
5127:	166	
5143:	204	245	336	
5145:	204	336	
5178:	359	
5181:	176	
5187:	97	107	176	206	273	314	315	334	359	
5190:	107	
5192:	28	97	107	176	271	273	314	331	372	
5197:	28	97	176	271	273	
5198:	372	
5202:	107	
5215:	93	127	132	271	273	314	460	
5218:	460	
5226:	132	271	460	
5227:	97	107	176	273	314	359	
5236:	164	226	424	
5284:	485	
5285:	485	
5286:	231	
5308:	212	
5315:	143	319	408	477	483	
5316:	143	477	
5320:	171	
5332:	166	
5333:	166	
5336:	12	
5357:	134	
5359:	324	
5394:	182	
5409:	239	
5416:	182	
5431:	26	240	
5454:	284	320	
5474:	18	252	291	
5483:	298	
5507:	14	18	65	70	88	95	117	140	160	193	203	206	235	247	284	286	306	327	336	345	346	366	377	392	406	418	456	465	
5600:	116	277	289	
5601:	116	277	289	
5614:	283	349	351	
5641:	225	268	
5653:	137	211	294	1009	
5658:	34	35	68	145	173	268	319	335	374	414	1018	
5660:	120	
5801:	102	1016	
5850:	74	158	473	1005	
5852:	158	
5854:	1005	
5855:	1005	
5858:	1005	
5864:	363	
5948:	112	420	
5949:	112	
5959:	339	1011	
5981:	171	
6042:	363	
6055:	197	
6069:	148	
6083:	91	156	426	
6118:	60	206	307	361	434	
6119:	65	
6151:	289	291	
6227:	117	
6277:	334	
6281:	48	58	119	126	150	164	190	214	215	225	262	271	278	326	383	400	404	452	
6311:	182	
6312:	182	
6337:	171	
6338:	171	
6339:	171	
6341:	387	
6359:	171	
6382:	424	
6384:	315	
6413:	342	
6473:	427	
6522:	90	
6550:	91	299	416	
6568:	7	12	21	36	224	274	275	324	331	337	
6577:	155	
6596:	150	
6599:	148	
6606:	121	202	239	
6740:	118	
6759:	65	102	127	203	325	346	
6766:	29	163	
6773:	18	
6778:	18	223	410	
6798:	152	
6824:	199	
6837:	34	
6919:	280	
6934:	441	443	
6979:	126	155	234	261	370	1007	1016	
6980:	155	
6994:	299	
7006:	327	
7022:	148	
7051:	276	
7087:	2	45	52	70	82	84	101	113	126	134	153	173	188	199	212	225	251	261	270	278	306	341	342	399	400	418	422	424	451	456	1007	
7094:	45	52	126	134	
7095:	212	
7096:	113	424	
7116:	18	50	90	101	148	182	193	218	223	226	228	233	285	293	346	347	364	395	410	431	434	448	1014	1018	
7117:	228	233	
7148:	271	
7151:	7	447	
7173:	38	211	
7233:	427	
7234:	427	
7251:	122	
7260:	363	
7275:	393	
7276:	155	159	188	364	
7306:	1	173	275	299	300	400	1006	
7314:	400	
7336:	12	
7337:	12	
7339:	342	
7352:	223	284	410	
7363:	401	
7384:	402	
7409:	470	
7461:	306	358	430	483	
7462:	306	
7510:	372	
7538:	336	
7573:	200	
7588:	200	400	
7589:	200	
7590:	137	
7593:	280	
7600:	419	
7606:	419	
7631:	363	
7637:	148	
7684:	166	196	284	288	304	336	340	1017	
7718:	64	478	
7743:	182	
7778:	34	149	155	189	263	267	402	414	1018	
7780:	155	
7833:	473	
7839:	402	473	
7962:	1018	
7994:	3	28	82	123	183	188	384	419	1004	
7997:	214	215	
8002:	30	32	36	40	51	53	56	60	62	72	110	115	120	122	140	157	158	169	175	190	211	223	226	240	241	249	254	258	261	266	272	291	299	304	306	309	310	321	330	335	343	344	345	349	352	356	357	362	364	367	373	384	386	391	393	398	400	406	415	421	430	439	441	442	459	462	487	1005	1007	1010	1012	
8003:	299	
8006:	284	
8013:	116	199	210	211	
8031:	202	208	239	306	325	
8034:	202	239	
8077:	353	
8078:	353	
8086:	496	
8098:	363	
8158:	304	
8183:	54	463	465	
8187:	204	336	
8191:	234	
8197:	1	2	12	18	28	38	39	40	56	60	63	76	79	80	82	85	94	95	101	112	121	122	136	137	139	153	157	168	177	185	188	203	212	224	225	234	235	240	260	261	275	277	284	299	300	306	309	324	331	339	341	345	346	355	365	380	381	391	394	400	408	415	418	420	434	436	446	453	459	465	466	468	472	476	483	497	1003	1005	1007	1011	
8198:	400	
8199:	225	
8200:	225	234	400	408	420	
8202:	400	
8203:	12	18	299	306	394	436	465	
8205:	300	
8216:	225	
8219:	492	
8235:	159	294	463	
8246:	164	
8258:	5	
8429:	424	
8444:	304	
8447:	420	
8454:	218	
8502:	261	299	479	483	1007	
8510:	127	
8570:	496	
8577:	1	293	
8584:	1	87	110	271	293	
8589:	299	484	
8590:	484	
8618:	3	
8671:	91	
8674:	91	
8692:	1	
8698:	377	
8715:	156	426	
8731:	51	55	57	88	116	126	166	235	260	261	263	276	395	408	435	462	464	472	478	483	1007	1010	
8732:	116	
8735:	55	57	126	235	260	261	276	435	462	472	478	483	1007	1010	
8790:	161	
8835:	112	196	481	
8847:	272	398	
8903:	98	
8926:	23	432	434	
8956:	4	
8971:	422	
8999:	1019	
9000:	1019	
9001:	1019	
9003:	116	
9009:	423	
9011:	423	
9201:	387	
9308:	306	
9360:	363	
9382:	148	
9389:	298	
9398:	325	
9408:	351	
9470:	338	1017	
9472:	52	169	240	270	341	371	418	456	
9479:	309	310	
9487:	7	
9499:	77	81	
9502:	7	
9503:	7	
9504:	7	
9541:	7	34	35	75	98	156	173	220	268	281	295	374	426	433	1018	
9546:	374	
9547:	7	34	35	75	173	220	268	1018	
9591:	303	
9599:	148	
9604:	148	
9605:	148	
9609:	347	
9610:	118	137	143	424	477	
9639:	7	
9658:	148	
9739:	110	
9741:	306	
9745:	90	
9750:	153	408	409	
9762:	110	117	306	394	
9781:	1005	
9797:	51	152	324	334	394	
9806:	55	57	126	152	235	260	261	276	326	435	462	472	478	483	1007	1010	
9841:	12	166	263	400	
9861:	185	246	
9883:	467	
9884:	438	
9958:	431	
9965:	53	
9974:	105	
9978:	102	
9993:	427	
10049:	7	38	41	44	48	78	101	134	185	203	221	268	277	288	297	303	304	306	316	320	336	337	338	346	390	409	414	415	418	427	432	446	447	452	453	454	465	467	483	487	497	
10051:	101	
10052:	7	41	44	134	288	297	304	306	346	390	415	418	427	432	446	447	453	454	483	487	
10053:	7	41	44	134	288	297	304	306	346	390	415	418	427	432	446	447	453	454	483	487	
10061:	71	321	340	465	487	
10162:	113	270	
10169:	359	
10179:	30	424	
10183:	1006	
10184:	451	
10189:	479	
10192:	400	420	
10225:	359	
10227:	359	
10230:	359	
10254:	3	15	105	123	300	
10257:	3	
10261:	156	426	
10263:	91	289	320	
10277:	424	
10298:	88	116	282	462	490	
10303:	419	
10304:	164	419	
10325:	7	34	35	108	145	173	268	319	335	374	414	
10333:	197	
10345:	20	206	276	477	
10375:	224	
10377:	57	472	1010	
10378:	472	
10379:	472	
10385:	11	
10388:	11	110	197	
10390:	11	
10391:	11	
10392:	11	
10410:	472	
10415:	339	1011	
10419:	272	398	
10437:	86	156	
10445:	41	283	406	
10481:	210	
10493:	210	
10514:	133	
10569:	485	
10575:	105	477	
10579:	156	426	
10592:	30	
10596:	390	
10668:	153	454	
10709:	281	
10717:	51	152	177	395	417	472	
10719:	417	
10727:	11	
10749:	299	
10929:	116	117	324	366	451	
10931:	38	101	117	135	139	195	252	260	299	379	390	391	
10947:	7	
11084:	246	377	380	381	390	391	400	1003	
11101:	492	
11137:	17	23	36	47	49	52	100	193	235	382	432	497	
11144:	164	188	250	
11168:	70	91	133	
11173:	235	
11176:	64	
11177:	2	3	4	5	10	14	17	19	20	21	22	24	25	26	28	32	33	37	39	42	43	44	45	47	49	53	55	56	57	60	62	65	70	71	78	79	80	81	85	89	91	92	93	99	100	105	110	115	118	120	122	127	136	147	149	151	156	157	163	167	168	169	170	177	178	182	184	185	187	191	192	193	194	203	204	214	215	219	223	224	226	231	236	240	241	245	246	248	249	260	261	265	266	269	274	276	277	282	284	286	288	289	290	291	298	299	300	301	302	303	304	308	311	314	318	324	327	328	333	336	337	338	341	343	345	349	351	352	355	356	358	361	364	365	371	375	378	380	381	389	390	392	406	409	413	415	418	429	430	435	438	439	442	443	445	446	447	448	452	459	460	461	464	472	475	476	483	489	494	495	497	499	1000	1002	1004	1007	1008	1010	1012	1013	1014	1017	1020	
11189:	298	
11194:	304	
11195:	11	380	381	
11206:	209	210	1017	
11208:	24	
11211:	111	199	
11246:	245	
11255:	73	102	106	110	166	171	181	278	312	328	332	402	470	1015	
11260:	102	106	110	171	278	312	328	470	1015	
11275:	363	
11289:	208	209	271	
11295:	235	302	370	1016	
11296:	370	
11297:	1016	
11347:	262	
11393:	3	4	8	10	14	16	17	19	20	22	24	27	29	32	33	36	37	38	40	41	43	44	48	49	50	52	53	56	60	62	64	65	67	72	78	79	87	99	100	105	115	116	121	122	127	135	136	139	140	144	149	157	161	165	168	170	172	175	185	187	189	190	191	192	193	194	203	207	211	214	215	216	217	219	223	224	227	229	231	232	238	240	241	242	245	246	247	248	249	252	254	255	258	261	263	264	265	266	267	268	269	271	272	274	277	279	280	286	287	288	289	290	297	299	304	307	308	309	310	316	318	320	321	322	323	325	326	327	331	336	338	341	342	343	344	345	346	349	352	357	358	360	365	366	367	368	371	373	375	376	379	382	383	384	386	389	390	391	392	393	401	406	409	410	415	418	421	430	432	434	436	437	439	441	442	443	444	445	446	447	449	452	453	454	456	459	461	465	466	467	483	487	489	491	492	493	494	495	497	499	1000	1007	1010	1012	1013	1019	1020	
11403:	87	342	436	
11413:	278	497	
11415:	497	
11446:	335	
11457:	218	221	
11463:	218	221	
11466:	218	221	
11481:	396	
11484:	396	
11487:	324	
11542:	284	
11548:	157	269	
11549:	165	
11576:	92	328	
11602:	235	
11610:	2	3	7	11	21	23	28	30	35	38	40	42	51	52	55	57	74	77	81	83	86	92	93	95	97	101	104	105	107	116	117	118	122	137	143	152	153	156	161	163	169	170	175	177	184	191	194	208	211	216	219	220	224	236	238	246	252	258	260	262	269	274	275	284	289	290	291	294	298	299	300	306	310	311	319	341	351	353	354	360	366	370	374	377	387	394	398	405	408	431	435	436	437	439	441	447	448	454	460	465	469	472	477	479	485	1006	1007	1009	1015	1018	
11644:	164	404	1004	1005	
11680:	51	148	177	395	417	
11681:	51	177	417	
11685:	417	
11706:	28	93	1004	
11713:	1004	
11726:	1004	
11735:	327	
11815:	363	
11826:	410	
11828:	28	29	88	110	116	160	226	282	304	462	464	490	
11847:	218	
11856:	30	87	
11924:	314	
11996:	95	188	
12021:	28	82	93	95	123	164	197	211	228	257	278	287	312	328	331	419	
12027:	123	419	
12028:	278	419	
12036:	82	95	123	
12040:	123	164	419	
12051:	117	143	152	336	342	408	431	463	
12060:	312	419	
12066:	188	
12074:	114	299	318	365	423	438	441	1017	
12084:	473	
12091:	7	75	145	211	220	268	335	
12142:	294	302	
12175:	482	
12177:	482	
12201:	299	
12233:	102	
12304:	400	
12313:	1005	
12360:	7	68	
12371:	473	
12388:	357	
12399:	47	48	62	175	190	226	254	277	349	364	383	417	442	1007	
12400:	47	48	62	175	190	226	254	277	349	364	383	417	442	1007	
12413:	1004	
12419:	1004	
12463:	210	370	1003	
12499:	3	
12605:	268	
12606:	268	
12621:	225	400	
12625:	225	400	
12693:	268	
12720:	400	
12725:	377	
12729:	354	
12797:	15	
12824:	12	153	424	
12895:	6	
12905:	50	
12947:	281	
12999:	261	
13008:	148	
13009:	242	
13072:	6	16	
13113:	472	
13146:	294	
13155:	18	112	235	420	
13206:	134	153	212	234	342	
13212:	342	
13219:	1018	
13234:	297	
13244:	446	
13245:	446	
13249:	110	
13265:	3	28	82	123	183	188	384	419	
13285:	278	
13298:	484	
13335:	363	
13359:	284	296	
13365:	296	
13403:	320	
13423:	374	
13434:	70	133	
13478:	470	
13479:	470	
13520:	70	91	110	314	324	
13522:	94	304	355	415	477	
13525:	7	102	139	263	278	284	299	324	328	400	1005	1017	
13529:	328	
13548:	324	
13549:	324	
13553:	81	159	235	275	391	394	477	
13578:	81	
13580:	34	75	268	
13582:	472	
13588:	127	188	299	402	
13655:	97	107	176	243	273	314	315	
13657:	243	
13668:	224	243	
13691:	112	306	
13697:	112	
13701:	137	440	
13717:	270	277	445	
13760:	293	
13768:	363	
13841:	183	299	
13846:	14	24	28	70	84	133	156	192	210	252	261	289	299	351	438	1017	
13847:	52	
13849:	377	
13854:	465	
13855:	4	10	19	20	21	22	32	33	36	37	38	41	42	43	48	50	56	64	72	78	79	84	88	89	92	93	100	105	113	114	115	116	117	122	133	136	140	157	171	175	190	193	202	203	214	215	222	223	231	232	239	241	247	249	255	261	269	270	280	282	283	284	287	288	289	307	309	321	323	327	331	341	343	345	346	349	352	357	366	371	375	382	391	392	404	406	409	410	415	423	430	437	438	439	442	444	445	446	447	451	459	461	462	465	467	478	479	483	486	489	490	494	497	1000	1003	1007	1010	
13856:	93	
13857:	2	4	6	8	10	14	16	17	19	20	21	22	23	25	26	27	29	32	33	36	37	38	39	40	41	42	43	44	45	47	48	49	50	51	52	53	56	57	60	62	63	65	67	71	72	73	79	81	83	85	86	87	88	89	91	93	99	101	102	105	106	107	113	115	118	119	120	121	123	132	136	140	147	157	158	160	161	163	165	167	169	170	171	175	177	180	181	182	183	184	185	187	189	190	191	192	193	194	195	197	202	203	204	207	208	209	210	214	215	216	217	219	222	223	224	226	227	228	229	231	232	233	236	238	239	240	241	242	243	245	247	249	253	254	255	258	260	261	263	264	265	266	267	269	270	273	274	277	278	280	282	284	285	286	287	288	289	293	299	303	304	307	308	311	315	316	318	323	327	331	332	334	337	339	341	343	344	349	351	352	356	357	358	359	360	362	365	366	367	371	372	375	376	379	383	389	391	392	393	395	396	398	401	404	405	406	409	410	415	417	418	419	421	423	427	430	431	432	434	437	438	441	442	443	445	449	451	452	456	459	460	461	464	465	467	468	470	471	475	476	482	485	486	489	491	492	493	494	495	1001	1002	1005	1007	1008	1010	1011	1012	1013	1015	1020	
13858:	55	57	100	
13863:	112	
13899:	134	484	
13907:	116	117	139	282	324	366	435	451	
13930:	1016	
14006:	203	290	346	351	406	
14055:	90	148	220	
14121:	71	132	188	234	349	
14138:	399	
14152:	58	
14153:	45	
14176:	268	
14178:	433	
14179:	294	302	
14184:	404	
14189:	83	
14196:	102	
14234:	400	
14309:	30	
14310:	30	
14344:	235	251	262	335	336	345	465	497	499	
14362:	196	235	252	300	366	484	
14364:	235	366	
14382:	1	10	15	17	19	20	22	106	118	262	273	282	287	384	479	489	494	495	
14386:	1	119	127	268	282	300	377	380	381	
14449:	51	152	160	177	206	285	287	331	395	396	400	401	417	
14451:	51	
14458:	112	196	481	
14476:	18	28	51	101	152	177	188	235	240	271	293	306	309	324	394	497	
14482:	51	
14486:	51	152	
14522:	28	
14530:	177	
14533:	177	
14539:	110	118	139	203	290	346	351	406	
14546:	203	290	346	351	406	
14559:	73	
14587:	234	
14601:	40	
14619:	41	433	
14629:	94	188	342	
14692:	336	
14696:	110	1004	
14713:	72	304	
14720:	77	472	
14779:	7	
14812:	190	
14816:	449	
14845:	482	
14878:	387	
14924:	150	181	332	
14958:	12	133	320	433	1006	
14967:	1006	
14977:	320	
14992:	11	76	80	136	140	178	240	247	300	302	303	341	345	389	418	456	468	473	1003	
15018:	95	122	127	153	176	188	193	234	1013	
15021:	90	143	477	
15043:	78	
15052:	180	278	328	419	1015	
15060:	328	
15063:	171	
15078:	86	156	188	271	299	384	426	
15101:	86	426	
15105:	86	426	
15144:	16	23	58	74	79	91	97	101	102	180	182	197	202	211	228	233	239	271	288	323	353	354	366	406	434	456	485	491	493	1016	1018	
15150:	96	363	
15151:	96	
15177:	261	1007	
15191:	94	
15212:	379	
15225:	293	
15295:	352	
15296:	211	
15319:	64	112	196	282	377	420	481	1010	
15329:	111	
15402:	1016	
15418:	155	
15419:	25	
15510:	336	
15568:	376	
15585:	231	
15602:	210	
15626:	70	
15630:	70	
15634:	101	
15654:	123	419	
15677:	415	
15680:	251	
15709:	296	
15711:	28	151	181	332	1016	
15730:	263	284	
15788:	386	
15792:	110	
15795:	1	
15809:	64	
15873:	52	58	111	145	173	188	233	271	295	342	399	402	434	463	1016	
15875:	162	
15876:	162	
15878:	38	
15881:	1	2	3	6	7	8	11	12	15	17	24	26	36	38	39	40	42	43	45	51	52	54	56	58	62	63	65	67	70	71	75	76	79	80	81	84	85	86	89	91	93	95	99	101	105	106	111	114	115	116	117	119	122	123	126	127	132	133	134	136	137	138	139	140	147	149	150	151	152	153	155	157	158	159	164	169	178	181	185	187	188	190	193	197	199	203	204	209	211	224	231	236	240	243	245	247	249	253	254	255	260	265	270	271	272	275	277	278	279	280	281	284	286	291	294	299	300	301	303	306	309	311	312	314	315	318	320	322	324	327	330	332	333	334	337	338	341	343	345	346	352	355	357	358	360	362	365	366	367	371	372	376	377	383	386	389	390	391	393	398	408	413	416	418	421	427	429	430	433	434	437	438	442	444	445	446	453	456	459	460	464	465	467	468	471	475	476	484	487	495	496	497	499	1002	1003	1004	1005	1006	1010	1015	
15883:	38	140	153	247	327	338	345	390	446	453	497	499	
15884:	101	
15885:	496	
15889:	86	91	299	
15890:	15	54	95	418	
15896:	116	149	
15897:	40	52	122	437	
15899:	71	132	
15905:	260	445	465	
15917:	28	70	84	93	110	271	303	
15919:	70	84	
15928:	271	
15930:	303	
15964:	293	
16060:	127	155	304	
16086:	52	88	100	307	387	473	
16100:	472	
16121:	65	214	215	274	301	302	324	326	472	
16130:	53	439	
16154:	73	
16163:	12	40	45	67	126	132	177	188	212	225	235	243	275	306	315	334	377	394	400	410	420	465	467	1015	
16167:	28	73	93	110	271	339	1011	
16180:	271	
16193:	73	278	
16223:	1005	
16251:	11	73	78	92	94	101	102	104	116	120	140	151	153	175	181	183	197	228	233	247	266	275	293	306	326	332	339	349	357	362	391	420	454	460	461	476	485	487	1011	1013	
16254:	293	
16333:	398	
16370:	263	
16374:	112	420	
16451:	164	
16492:	221	
16506:	94	294	
16550:	218	
16590:	58	
16591:	58	
16593:	36	70	
16629:	401	
16630:	401	
16701:	284	
16720:	12	366	
16739:	224	275	324	331	
16746:	1	3	56	65	78	85	88	91	93	110	116	120	147	240	260	275	282	301	309	324	365	391	423	460	462	464	476	478	490	497	1003	
16751:	91	
16795:	199	
16812:	150	181	332	
16813:	150	
16951:	41	117	277	297	446	466	497	1016	
16971:	339	1011	
17064:	339	1011	
17073:	115	324	
17076:	339	1011	
17104:	35	220	374	
17176:	456	
17193:	102	
17200:	34	
17208:	1015	
17228:	165	
17232:	73	
17241:	101	420	
17246:	212	1010	
17254:	112	
17255:	88	282	420	
17267:	441	
17273:	499	
17302:	208	
17578:	1	41	88	116	117	121	122	149	164	231	261	282	284	299	345	355	446	462	464	483	490	497	1007	
17581:	1	88	116	117	121	122	149	231	261	282	284	299	345	355	446	462	464	483	490	497	1007	
17638:	276	
17644:	51	395	
17646:	51	
17660:	336	
17687:	276	299	
17743:	339	1011	
17858:	143	400	477	
17944:	181	182	332	
18002:	53	
18011:	44	
18021:	399	
18022:	374	
18039:	1	3	14	36	53	55	57	76	80	81	84	85	89	100	136	147	151	157	163	178	187	193	203	204	205	231	246	260	264	265	274	275	284	286	287	290	303	310	330	345	346	360	390	393	406	413	418	427	439	454	456	468	476	492	1003	1007	1020	
18044:	225	
18049:	241	
18115:	311	
18161:	431	
18175:	26	28	73	83	91	127	197	271	331	
18177:	28	83	
18188:	73	
18190:	197	
18196:	83	271	
18210:	110	
18286:	10	
18385:	52	
18424:	94	137	235	300	366	
18426:	293	
18485:	35	
18511:	199	
18535:	53	
18556:	114	423	438	
18649:	219	437	
18650:	219	
18657:	34	420	
18692:	150	340	446	
18716:	155	212	251	380	381	
18733:	268	
18873:	388	389	
18961:	92	169	205	246	258	291	299	434	448	
18964:	207	
18988:	208	209	
19022:	28	1016	
19027:	1016	
19032:	102	
19037:	102	
19064:	353	
19108:	45	
19136:	1018	
19225:	271	
19236:	3	56	76	80	87	136	205	303	311	344	345	413	468	477	1003	
19279:	499	
19283:	278	
19304:	7	35	110	138	188	296	319	335	374	387	
19384:	122	
19556:	334	
19605:	181	182	332	
19606:	182	
19628:	470	
19629:	470	
19648:	485	
19897:	346	
19903:	182	
19905:	182	
19909:	3	6	8	10	17	19	22	29	45	52	62	70	89	91	105	140	147	172	179	194	199	224	226	230	240	247	270	287	289	299	309	312	318	331	338	349	375	392	399	437	438	487	489	494	495	
19910:	91	312	
19929:	110	
19966:	159	
19980:	209	
19981:	209	
20052:	353	
20077:	173	
20090:	101	
20091:	101	
20101:	433	
20224:	7	374	
20225:	228	233	
20230:	148	
20237:	314	
20266:	148	
20301:	183	420	
20303:	183	420	
20318:	26	91	271	301	
20404:	159	
20469:	81	
20471:	1	2	11	28	39	56	58	76	79	80	82	85	91	93	101	110	115	120	121	122	136	147	157	168	185	188	190	192	214	215	224	249	251	260	270	275	277	278	280	294	299	300	301	303	309	312	318	327	336	341	343	345	347	352	355	358	366	371	375	377	379	383	391	415	418	423	424	427	429	434	442	446	451	456	460	468	476	483	497	1003	1005	1007	
20472:	115	168	188	251	424	429	
20474:	377	
20475:	132	
20481:	278	
20545:	23	432	434	
20567:	225	
20614:	15	
20653:	374	387	469	
20658:	145	211	
20672:	181	208	209	332	
20679:	150	294	370	387	419	
20684:	419	
20740:	100	116	149	203	261	321	346	418	465	478	
20752:	75	173	268	319	374	414	
20761:	118	119	197	
20765:	197	
20777:	197	
20802:	356	418	499	
20848:	86	426	
20888:	380	381	
20893:	52	137	143	271	477	1016	
20895:	21	50	107	187	222	241	265	269	384	441	473	1004	
20902:	477	
21019:	83	
21020:	197	
21038:	234	
21046:	188	
21047:	188	
21070:	126	
21071:	324	
21073:	127	347	
21093:	446	
21107:	366	377	465	
21108:	366	377	
21118:	433	
21119:	1	42	118	145	159	302	366	497	
21122:	366	
21142:	337	
21143:	337	
21224:	28	150	166	180	181	182	278	332	399	402	1006	
21225:	150	180	
21226:	166	
21227:	166	
21228:	166	181	332	
21230:	1006	
21231:	181	1006	
21250:	150	180	181	182	
21257:	275	
21259:	11	171	
21269:	470	
21270:	1	7	70	93	271	275	284	465	1017	
21280:	70	1017	
21283:	1	275	
21288:	284	
21323:	271	
21387:	339	1011	1014	
21388:	1014	
21392:	73	106	171	181	332	
21396:	106	171	
21399:	171	181	
21464:	399	
21467:	399	
21468:	11	181	332	
21471:	306	
21477:	306	
21527:	43	48	91	113	122	210	212	234	273	281	312	342	352	366	406	424	427	492	
21536:	356	
21538:	356	
21543:	91	
21647:	235	
21673:	199	
21832:	326	
21833:	326	
21842:	110	
21846:	1018	
21870:	442	
21875:	7	34	35	108	145	173	268	319	335	374	414	
21883:	463	469	
21915:	75	
21919:	188	
21932:	34	75	145	173	319	374	414	
21951:	320	
21977:	334	
21988:	320	
22015:	258	310	1020	
22044:	102	
22053:	123	278	312	419	
22054:	278	
22090:	37	
22105:	40	441	
22111:	335	
22126:	306	387	
22135:	250	306	465	
22163:	121	
22165:	121	
22174:	127	
22212:	7	34	35	145	220	374	
22223:	151	427	
22252:	145	374	
22253:	18	420	
22287:	1015	
22300:	18	223	410	
22302:	85	266	267	
22322:	261	1007	
22342:	275	
22353:	208	353	
22368:	111	
22370:	111	
22385:	209	278	353	
22387:	353	
22388:	209	
22397:	261	330	
22494:	102	
22502:	143	424	477	
22515:	143	477	
22731:	263	
22732:	400	436	
22768:	2	103	
22771:	69	139	150	185	203	214	215	235	261	300	306	307	336	346	379	446	447	464	465	1007	
22772:	235	261	379	446	1007	
22773:	185	203	214	215	235	307	336	447	465	
22774:	139	336	
22776:	300	
22781:	52	111	235	251	
22783:	143	278	292	477	1005	1006	
22786:	1006	
22789:	13	
22793:	235	316	
22907:	187	
22990:	196	
23000:	387	469	
23023:	347	
23094:	15	58	153	210	233	362	399	452	463	1016	
23102:	452	
23114:	452	
23141:	189	263	449	
23210:	416	
23221:	56	
23222:	56	
23236:	262	
23241:	284	
23247:	3	261	463	1007	
23295:	484	
23333:	496	
23342:	473	
23368:	463	
23384:	1	176	274	315	334	
23400:	143	477	
23435:	150	1018	
23436:	1018	
23449:	81	
23537:	18	
23571:	183	200	1004	
23589:	484	
23602:	18	84	133	
23621:	338	1017	
23622:	338	1017	
23627:	111	
23637:	1	12	58	94	101	107	110	117	126	134	137	145	153	155	156	183	212	224	225	235	252	260	278	294	295	306	341	342	346	355	366	380	381	390	400	408	418	420	422	426	432	436	446	456	477	497	499	1003	1016	
23646:	380	381	
23655:	294	1016	
23656:	294	1016	
23658:	94	477	
23668:	339	1011	
23674:	320	
23733:	122	212	
23798:	78	93	110	123	271	327	355	435	
23803:	1016	
23810:	275	
23828:	35	220	
23829:	35	220	
23849:	200	
23870:	1	347	373	400	470	1015	
23910:	28	96	121	152	166	234	235	237	294	335	1015	1016	
23912:	234	
23928:	1015	
23943:	400	435	
23954:	294	302	
24170:	363	
24209:	445	
24214:	288	
24291:	28	40	271	
24299:	435	
24322:	356	
24324:	356	
24328:	112	
24342:	110	271	
24376:	83	
24407:	306	1017	
24429:	110	156	183	328	346	400	424	426	429	477	1015	
24430:	346	400	424	429	
24436:	183	188	
24437:	183	
24443:	266	271	281	335	
24452:	281	
24465:	94	127	271	333	351	370	424	442	463	
24487:	339	419	470	1011	
24540:	68	117	
24559:	58	1003	1016	
24613:	84	117	
24636:	60	95	101	110	224	280	283	299	322	384	419	420	444	473	
24641:	419	420	
24681:	262	
24721:	110	
24755:	206	
24777:	394	
24786:	7	34	68	159	173	211	307	482	1020	
24804:	54	
24820:	112	
24825:	261	
24826:	296	
24845:	1	3	6	7	9	11	14	15	16	20	21	23	24	25	26	27	28	30	31	32	35	36	37	38	40	41	43	44	45	49	50	51	52	53	55	57	58	60	62	65	67	68	70	71	73	74	75	78	79	82	84	85	86	87	89	91	93	94	97	100	101	106	107	108	110	113	114	115	118	120	122	123	127	132	134	135	137	138	139	140	143	151	157	158	159	160	163	164	165	167	168	169	171	172	175	180	181	183	185	187	190	192	197	198	202	203	204	205	208	209	211	214	215	216	220	224	226	228	231	233	235	236	238	239	240	241	242	243	245	246	247	249	252	253	254	258	261	265	266	270	271	272	273	276	277	278	279	280	282	283	284	285	286	288	290	291	293	294	297	298	299	301	302	304	306	308	309	310	315	316	319	322	326	327	328	331	332	333	334	336	338	339	343	344	346	347	352	353	355	356	357	358	359	362	364	365	366	367	369	371	372	374	376	378	379	382	383	384	386	389	390	391	392	393	396	397	404	409	410	414	415	417	418	419	421	423	424	426	427	429	430	432	433	434	439	446	447	451	452	453	454	455	456	460	461	462	463	464	472	475	476	479	482	483	485	486	487	490	493	497	499	1000	1004	1005	1007	1009	1010	1011	1012	1013	1014	1015	1018	1020	
24846:	57	333	355	
24852:	2	3	6	20	52	58	63	77	85	95	99	100	103	110	117	118	120	122	137	143	149	150	169	177	216	224	229	233	240	249	258	260	271	272	277	279	290	291	296	299	300	306	324	327	330	335	343	352	355	362	366	373	374	376	377	408	410	418	429	431	435	436	451	454	456	463	476	477	1002	1003	1006	1007	1015	
24854:	352	1007	
24860:	118	
24866:	2	118	137	299	300	431	435	1006	
24873:	150	
24875:	296	
24881:	58	233	463	
24888:	436	
24898:	95	
24910:	31	
24919:	296	463	
24928:	321	
24982:	334	
24991:	334	405	
25011:	7	
25029:	28	91	97	273	334	359	405	
25031:	91	359	405	
25033:	405	
25034:	405	
25081:	148	
25100:	148	
25112:	299	
25226:	177	395	472	
25263:	374	
25264:	374	
25271:	306	
25275:	465	
25276:	1016	
25277:	1016	
25284:	306	324	
25293:	58	1003	1016	
25301:	18	65	112	196	206	235	283	306	324	345	401	420	437	451	465	481	
25303:	18	112	
25305:	18	65	112	196	206	306	401	437	481	
25307:	420	
25317:	268	
25323:	171	
25351:	470	
25381:	2	11	103	110	116	121	126	143	159	168	214	215	235	260	261	263	299	300	324	326	365	377	400	429	434	435	477	497	1007	
25382:	126	
25383:	260	
25388:	126	
25391:	116	126	400	435	
25392:	235	
25394:	324	
25395:	126	261	1007	
25398:	1	6	11	29	30	52	65	80	87	89	92	110	114	136	187	196	203	204	242	260	269	275	277	289	294	302	309	318	324	327	330	345	346	366	373	375	378	389	390	392	393	429	434	448	468	475	481	486	497	1003	1008	
25401:	302	
25403:	110	294	300	318	1003	
25409:	149	235	306	446	465	
25414:	355	
25417:	420	
25445:	264	358	482	1003	1009	
25447:	122	234	342	352	394	492	
25451:	463	
25454:	232	
25464:	55	57	100	
25476:	444	
25667:	477	
25690:	400	
25692:	1018	
25777:	234	271	373	469	477	
25784:	110	150	181	271	332	
25788:	271	
25934:	106	171	
25977:	26	40	50	51	119	143	155	214	215	252	278	279	280	282	284	289	291	320	379	383	410	431	444	477	487	1006	1015	
25978:	26	40	119	143	214	215	252	279	280	282	284	289	291	379	383	410	431	444	477	487	1006	1015	
26014:	472	
26046:	496	
26067:	388	389	
26129:	234	
26130:	234	
26153:	164	197	472	
26164:	472	
26291:	383	492	
26373:	299	
26456:	170	
26501:	11	27	28	41	49	50	60	73	75	76	92	93	95	102	106	118	119	123	132	136	138	164	166	171	180	181	182	183	197	208	209	211	228	231	233	238	257	273	278	283	287	303	314	320	325	327	328	331	332	334	349	353	357	372	386	406	419	427	460	470	471	485	1003	1004	1006	1007	1014	1015	
26502:	11	27	28	41	49	50	73	75	76	93	95	102	106	118	119	123	132	136	138	164	166	171	180	181	182	183	197	208	209	211	228	233	238	257	278	283	287	303	314	320	327	328	331	332	334	349	353	357	372	386	419	427	460	470	471	485	1003	1004	1006	1007	1014	1015	
26518:	467	
26534:	90	177	293	483	1007	
26545:	293	
26568:	188	203	346	
26571:	436	440	
26663:	72	304	
26705:	314	
26706:	314	
26730:	7	
26734:	45	
26832:	30	
26834:	30	
26853:	87	183	327	342	436	
26859:	183	
26881:	41	
26900:	293	
26901:	293	
26999:	173	
27015:	84	324	
27056:	92	
27057:	80	168	324	1003	
27058:	11	58	80	137	155	168	188	212	277	324	355	370	1003	
27275:	3	11	26	28	30	40	73	74	82	83	86	92	93	95	102	110	118	119	123	132	137	138	150	156	171	180	181	183	197	208	209	243	251	253	271	273	275	278	314	315	320	328	334	347	352	353	356	370	384	405	419	426	434	460	470	471	485	1004	1006	1007	1014	1015	
27277:	275	1006	
27294:	251	
27295:	373	434	472	
27311:	86	426	
27358:	31	
27481:	303	
27485:	91	110	197	419	
27488:	197	
27555:	293	
27627:	116	126	188	342	400	419	435	
27629:	419	
27637:	4	49	232	241	291	293	465	1010	1012	
27644:	336	
27675:	2	12	107	153	284	391	402	1003	
27696:	400	
27702:	95	122	127	176	188	193	234	
27719:	212	
27735:	251	
27786:	1016	
27852:	359	
27853:	101	200	235	
27859:	200	
27879:	473	
27891:	111	
27900:	234	
27901:	153	
27909:	266	
27912:	27	
27920:	94	102	112	137	143	145	148	188	191	210	219	242	268	278	319	323	377	388	420	1005	1006	1009	
27922:	77	420	
27930:	171	181	197	324	1015	
27936:	58	73	82	110	123	126	164	180	181	183	296	303	328	332	404	419	463	1004	1005	1015	
27937:	164	
27939:	164	
27941:	110	303	328	404	419	1004	
27952:	118	261	266	288	410	
27954:	112	278	324	
27977:	75	183	300	
27982:	149	235	
27983:	1	275	451	
27985:	173	220	
27987:	370	
28026:	110	
28039:	112	420	
28077:	70	91	465	487	1018	
28127:	380	381	
28147:	352	
28198:	420	
28201:	152	
28213:	2	306	324	394	400	408	
28242:	11	188	277	477	
28251:	252	
28252:	252	
28259:	470	
28260:	470	
28392:	148	
28445:	111	155	
28460:	484	
28485:	366	
28491:	3	
28499:	301	
28539:	83	148	159	269	336	
28557:	116	
28616:	300	
28630:	312	
28642:	112	196	235	278	420	466	473	481	487	
28655:	51	112	196	235	481	
28656:	112	235	
28657:	51	112	
28658:	112	
28659:	251	298	
28661:	2	11	15	16	23	36	40	44	49	52	56	58	63	69	76	78	80	85	92	94	95	101	110	122	123	132	136	137	139	143	144	145	150	152	153	155	157	167	168	178	181	185	188	203	207	212	214	215	223	224	225	234	235	240	242	243	251	252	261	271	275	277	282	284	293	298	299	300	303	306	307	309	311	315	316	318	322	332	334	336	338	341	342	345	346	347	355	366	372	379	383	390	400	408	410	414	418	420	432	434	443	447	456	460	465	467	468	476	477	483	491	493	497	499	1000	1003	1004	1007	1009	1015	1016	
28662:	347	
28664:	251	
28665:	143	477	
28666:	58	101	137	145	155	212	225	306	390	400	420	1016	
28668:	52	60	71	90	94	114	137	139	173	246	260	275	279	320	326	341	382	390	409	421	433	436	444	453	473	483	1006	
28675:	199	
28685:	35	1018	
28689:	34	
28690:	75	
28693:	77	377	
28743:	473	
28744:	473	
28747:	148	
28806:	288	
28846:	302	
28863:	68	173	
28864:	68	173	
28890:	40	110	
28937:	80	168	231	324	355	451	
28996:	73	
29012:	83	271	
29085:	7	374	
29090:	1016	
29091:	28	284	354	1016	
29128:	471	
29130:	471	
29159:	152	472	
29200:	440	
29201:	440	
29288:	363	
29302:	188	218	
29316:	218	
29331:	52	212	229	271	284	296	
29336:	301	
29355:	148	363	
29367:	11	
29377:	152	306	
29381:	70	
29386:	283	325	
29387:	283	325	
29402:	188	222	284	467	
29412:	173	
29445:	127	
29457:	241	
29496:	28	1015	
29518:	70	
29535:	171	
29536:	482	
29565:	121	
29614:	312	419	
29618:	334	
29741:	463	
29784:	127	
29790:	294	
29849:	156	
29856:	86	156	188	253	271	281	331	384	426	
29974:	424	
30032:	274	
30047:	377	
30082:	1016	
30117:	358	483	491	
30118:	483	
30131:	157	
30133:	1018	
30225:	173	
30276:	295	
30277:	295	
30290:	28	93	271	
30307:	271	
30328:	370	
30329:	370	
30353:	294	
30366:	224	
30396:	118	
30431:	304	
30432:	304	
30492:	339	1011	
30608:	278	
30737:	30	
30773:	160	358	
30818:	87	102	110	470	
30821:	87	110	
30902:	40	
30940:	485	
31015:	185	263	264	452	453	
31019:	41	63	70	82	91	95	137	139	143	145	167	214	215	235	283	292	309	323	325	383	423	451	468	479	487	
31021:	41	82	139	143	167	214	215	235	283	309	323	383	423	451	479	
31022:	41	82	139	143	167	214	215	235	283	309	383	423	451	479	
31035:	92	328	
31074:	122	199	268	
31100:	362	
31240:	326	
31243:	477	
31255:	103	
31274:	293	
31276:	293	
31277:	293	
31320:	399	
31358:	398	
31413:	40	117	177	185	304	324	366	
31444:	110	
31509:	180	182	228	233	316	
31511:	148	
31530:	148	
31570:	78	134	155	210	284	1018	
31610:	64	
31671:	30	91	
31672:	91	
31732:	441	
31849:	52	63	118	138	140	299	418	430	499	1015	
31879:	462	
31883:	477	
31901:	320	
31931:	116	
31962:	293	
31998:	470	
32034:	5	
32043:	277	
32056:	335	
32059:	1	81	153	278	281	328	380	381	1009	1015	
32060:	278	
32061:	328	1015	
32070:	187	201	272	398	
32092:	11	87	95	101	126	251	261	429	1007	
32107:	1019	
32125:	2	6	15	43	55	67	71	93	115	137	143	209	214	215	232	234	284	285	320	352	382	394	410	477	479	487	1006	
32126:	214	215	
32129:	225	
32136:	106	127	159	188	225	278	452	
32141:	217	234	235	383	400	
32142:	400	
32144:	400	
32155:	150	269	
32171:	165	229	409	490	1009	
32198:	425	
32254:	181	332	339	1011	
32258:	339	1011	
32271:	75	134	377	
32273:	134	
32342:	1	271	339	1011	
32350:	271	
32391:	86	156	253	426	
32401:	86	156	
32436:	359	
32461:	64	
32539:	473	
32553:	223	410	
32600:	202	239	
32659:	237	
32694:	7	374	
32701:	152	
32739:	7	
32747:	86	426	
32750:	86	426	
32754:	143	
32755:	143	
32766:	235	
32767:	235	
32770:	119	300	
32777:	284	299	
32780:	187	189	
32792:	117	164	231	396	466	1003	
32797:	32	194	
32798:	194	
32814:	452	
32819:	106	115	188	237	260	282	296	377	424	429	
32849:	80	110	168	188	231	294	318	324	413	429	451	
32872:	299	
32906:	387	
32953:	386	
33062:	8	10	17	19	20	22	489	494	495	
33163:	23	432	433	434	
33225:	441	
33338:	386	
33341:	38	
33342:	38	
33405:	402	
33418:	164	
33422:	7	374	
