29:	468	
34:	708	
44:	41	86	153	295	330	461	544	569	665	690	773	774	775	786	806	
61:	32	43	53	148	313	336	385	517	667	
91:	223	
96:	481	
100:	197	
129:	551	
151:	25	
172:	509	
195:	325	
200:	551	
202:	496	
232:	155	774	
234:	190	
312:	766	
343:	226	227	310	311	767	771	
350:	8	16	19	25	26	37	40	43	44	46	49	50	51	63	82	83	86	98	102	104	105	107	110	111	113	114	129	130	134	135	136	137	142	150	155	164	169	172	174	175	189	190	196	197	214	216	218	220	224	226	232	235	245	246	274	275	276	280	282	283	288	295	298	313	322	324	332	335	336	343	348	351	377	378	379	383	391	394	404	406	407	409	410	411	433	435	441	451	461	466	470	474	476	483	484	487	492	497	507	512	514	516	518	523	524	527	535	538	546	548	551	552	561	562	566	569	578	581	582	594	599	605	626	627	632	633	643	645	650	652	654	662	667	673	674	680	686	704	748	751	767	773	774	782	785	795	796	797	799	801	806	
360:	643	
361:	643	
367:	324	
377:	343	409	804	
382:	82	104	130	370	456	
391:	551	
396:	544	
408:	296	569	
413:	384	
418:	190	
423:	63	152	166	261	272	378	649	707	
425:	261	
434:	555	
441:	191	
448:	794	
450:	17	40	74	82	111	143	156	170	215	253	327	362	384	399	432	435	441	503	512	525	571	602	608	677	687	705	716	735	792	802	806	
454:	143	
492:	37	58	69	159	274	334	519	610	644	797	
497:	610	
501:	410	
507:	175	224	508	564	
535:	457	
588:	87	
591:	26	
592:	26	769	
604:	248	
608:	399	
611:	295	
615:	542	
619:	45	709	723	
630:	222	
631:	392	663	
641:	43	102	194	216	263	264	298	313	324	335	385	408	410	451	466	474	493	534	535	641	650	651	656	753	
642:	102	324	
650:	703	
651:	599	
658:	677	799	
660:	677	
680:	325	429	525	731	
687:	429	731	
688:	731	
690:	2	7	34	112	148	149	156	170	185	194	199	233	276	309	394	398	399	429	559	655	661	687	692	722	746	785	806	
698:	148	149	276	429	559	
699:	34	156	
715:	65	384	800	
716:	54	113	122	140	224	327	657	687	778	800	
718:	352	394	
732:	410	
748:	352	394	478	601	
754:	777	
759:	159	180	790	
760:	601	
772:	44	583	632	657	686	
783:	165	284	
784:	65	384	800	
785:	444	
800:	523	
801:	350	
804:	736	
807:	144	150	153	162	557	
817:	144	162	
818:	144	153	
819:	150	
820:	150	
825:	126	248	727	
828:	248	
834:	119	285	348	409	
836:	119	285	
838:	119	285	
839:	348	
849:	99	
851:	37	147	150	162	262	274	279	284	300	305	314	447	466	517	536	544	573	617	636	643	654	682	683	686	689	767	800	802	
869:	13	54	55	134	190	235	241	347	468	510	593	704	769	
873:	769	
875:	134	
915:	806	
940:	169	
943:	112	
944:	112	
949:	429	
953:	733	
954:	177	
971:	227	
993:	551	
996:	673	
1003:	171	
1016:	766	
1023:	205	
1045:	319	644	
1066:	350	
1067:	350	
1071:	70	661	
1077:	609	
1079:	146	
1083:	444	
1096:	45	648	709	723	
1097:	186	285	296	451	523	544	605	639	682	767	
1103:	380	
1108:	163	
1119:	775	
1150:	436	
1155:	143	170	801	
1156:	411	443	
1175:	463	
1213:	548	
1266:	83	
1267:	495	
1271:	34	362	
1273:	362	
1279:	314	
1281:	682	
1283:	681	
1287:	204	
1288:	48	64	
1289:	64	
1293:	23	
1295:	217	
1296:	104	
1299:	143	
1300:	495	
1304:	241	
1306:	44	54	65	85	101	105	106	113	140	152	161	204	246	247	249	269	353	384	431	443	514	516	564	605	632	636	649	657	658	667	679	686	687	698	717	728	740	800	
1307:	44	54	85	140	204	353	384	632	649	657	686	
1308:	54	65	113	247	384	514	516	657	717	740	800	
1309:	204	269	514	
1310:	54	161	649	
1312:	15	44	49	54	56	75	82	85	105	106	108	111	112	113	122	135	140	142	166	224	225	247	280	300	327	337	353	431	443	471	477	502	516	517	559	560	564	621	626	632	646	652	654	657	658	659	680	686	687	688	689	698	730	740	778	783	800	
1313:	54	
1314:	15	85	166	247	502	800	
1315:	54	106	113	140	224	300	652	654	657	658	686	740	800	
1316:	166	224	502	517	564	680	
1318:	15	54	108	122	224	225	300	431	443	502	654	658	659	687	
1319:	54	106	247	300	327	564	632	646	659	687	
1320:	247	560	800	
1327:	186	421	681	
1331:	514	
1336:	447	
1341:	217	
1343:	286	305	325	
1350:	322	797	
1355:	324	353	
1397:	541	
1404:	169	276	334	
1405:	276	
1408:	144	
1410:	261	386	
1411:	261	386	
1422:	218	682	
1426:	675	
1428:	29	463	
1439:	801	
1451:	740	
1453:	251	252	317	551	611	667	
1454:	252	
1460:	644	
1482:	442	
1490:	394	
1495:	21	
1498:	760	
1508:	152	
1520:	5	169	649	
1529:	457	
1537:	388	
1543:	703	
1553:	439	
1604:	523	
1624:	740	
1627:	540	
1637:	5	29	49	51	54	82	83	84	105	110	111	112	135	196	225	246	249	300	441	443	463	652	655	678	680	686	797	800	
1641:	225	
1642:	51	105	246	249	686	797	800	
1653:	5	21	26	27	29	34	63	75	98	105	106	110	111	112	113	114	135	152	155	172	175	186	197	204	223	228	247	300	314	375	379	390	414	432	442	444	457	463	465	514	516	524	527	551	559	560	583	601	605	633	649	652	655	657	659	667	677	680	683	688	703	754	785	800	
1656:	27	375	667	688	
1697:	84	
1702:	63	107	109	147	279	305	310	333	518	544	581	635	671	750	751	754	
1711:	50	99	107	124	128	143	174	190	230	234	235	249	266	274	280	288	309	329	332	336	343	391	414	461	487	488	494	551	569	577	581	582	671	677	690	693	704	708	721	738	752	753	754	759	760	763	767	773	775	804	806	
1714:	551	
1715:	124	487	
1724:	124	336	
1728:	107	124	234	274	288	336	577	581	704	753	759	767	
1741:	292	
1742:	292	
1766:	14	265	352	394	
1767:	325	
1783:	590	
1785:	494	
1795:	21	
1800:	16	
1806:	440	
1824:	62	190	215	226	235	426	553	593	764	765	766	769	770	772	792	794	798	803	807	808	
1825:	553	
1826:	190	593	808	
1827:	765	
1828:	226	593	764	766	769	770	772	792	794	798	803	807	808	
1838:	126	137	174	
1845:	246	
1846:	41	70	399	575	680	806	
1848:	800	
1865:	389	
1868:	98	164	169	174	261	279	305	374	421	468	740	768	
1878:	29	463	472	615	651	786	
1880:	472	
1882:	174	
1883:	174	
1891:	40	83	129	287	481	626	
1901:	5	703	
1904:	29	46	110	111	112	140	175	192	195	215	216	245	297	314	319	324	329	391	424	431	441	512	519	535	554	564	644	686	
1908:	319	564	
1910:	41	399	440	496	
1915:	74	
1917:	107	
1922:	392	663	
1934:	615	
1935:	615	
1939:	43	
1956:	274	
1965:	249	
1976:	542	
1984:	217	
1987:	615	
2008:	54	
2024:	69	75	110	114	189	190	274	477	627	802	
2027:	274	
2032:	19	
2035:	218	316	350	427	
2038:	350	
2039:	218	316	427	
2085:	54	85	222	318	348	353	399	477	538	546	589	605	642	648	671	678	709	
2087:	406	
2088:	5	27	40	45	101	117	127	129	215	240	251	252	287	295	296	298	348	398	404	418	542	545	551	555	606	611	626	639	641	669	684	692	789	804	
2093:	606	
2100:	129	287	
2118:	496	
2130:	41	45	49	63	104	124	164	174	186	190	219	226	246	261	263	275	279	322	331	332	336	357	361	378	397	398	409	487	519	565	599	629	648	678	681	696	721	771	774	800	805	
2141:	186	263	409	
2145:	696	
2147:	334	
2149:	186	494	
2168:	522	
2196:	54	
2238:	406	
2241:	418	
2242:	409	
2256:	101	341	398	542	544	804	
2262:	544	
2273:	114	508	
2275:	153	
2282:	222	252	266	456	538	542	561	578	589	627	629	773	
2283:	773	
2297:	65	147	204	224	350	384	442	636	
2303:	519	
2308:	82	279	750	
2315:	476	635	
2331:	484	
2339:	466	534	667	
2344:	280	
2363:	134	248	299	
2366:	143	153	195	393	
2368:	153	
2369:	195	
2378:	64	75	106	146	305	314	374	424	461	484	535	541	544	555	601	605	681	785	810	
2383:	484	
2390:	34	64	156	170	205	228	246	295	314	362	394	399	429	463	496	601	621	649	661	667	688	785	
2393:	295	
2396:	34	362	
2397:	146	
2402:	425	
2403:	194	425	
2419:	82	
2433:	443	
2454:	422	729	
2463:	285	642	
2472:	223	553	
2489:	330	636	
2492:	223	285	424	427	444	463	484	552	618	
2501:	223	
2519:	107	174	222	263	494	573	708	794	
2525:	477	
2538:	54	
2547:	101	297	518	
2557:	471	525	
2560:	399	471	
2563:	399	
2567:	325	399	
2581:	17	32	44	54	84	85	98	114	122	126	140	142	152	166	174	183	190	204	213	215	216	222	235	247	266	319	321	337	341	353	374	384	389	408	444	458	463	468	469	477	493	508	509	516	575	577	581	583	593	602	632	642	648	649	652	657	658	663	676	680	686	692	703	704	708	729	770	789	791	
2582:	444	642	
2583:	444	642	
2584:	321	
2585:	213	
2593:	119	285	442	
2594:	119	
2600:	245	
2601:	190	350	514	733	
2609:	44	707	708	
2629:	13	190	593	
2645:	295	546	669	678	738	768	
2646:	295	738	
2679:	394	
2685:	157	
2696:	314	
2700:	439	
2751:	51	85	686	
2782:	797	
2792:	648	
2816:	34	63	70	82	84	103	104	105	110	122	144	146	149	152	156	166	174	185	188	190	197	226	228	240	246	274	279	314	322	323	341	347	352	375	389	396	421	428	435	437	449	499	552	555	578	581	605	629	652	654	669	677	678	687	709	711	712	713	734	753	759	768	
2825:	70	
2835:	103	149	449	768	
2836:	709	734	
2873:	89	450	510	536	585	
2879:	51	129	799	
2902:	99	788	
2926:	682	
2933:	473	
2934:	473	
2935:	473	
2993:	54	
2995:	564	
2997:	54	
3000:	730	
3039:	218	
3045:	509	
3047:	344	509	
3048:	509	
3056:	16	136	263	383	575	593	602	781	
3067:	602	
3082:	293	294	
3087:	32	330	
3096:	295	
3115:	165	509	564	767	
3116:	419	
3121:	305	
3127:	63	103	581	
3130:	103	
3131:	802	
3132:	802	
3135:	429	
3141:	621	
3160:	429	
3172:	789	
3175:	385	
3184:	104	
3210:	385	
3235:	29	344	509	
3237:	26	43	45	48	53	72	74	135	216	241	265	296	325	338	387	432	440	447	449	465	468	573	602	624	633	647	653	656	663	674	675	676	693	740	791	
3238:	468	
3241:	48	72	624	
3247:	43	656	
3259:	85	
3273:	305	
3301:	733	
3306:	442	
3321:	85	142	150	189	223	248	276	284	305	334	353	375	433	442	456	496	516	544	588	589	590	610	619	636	647	662	674	731	800	801	
3330:	265	287	
3352:	640	
3358:	74	228	
3363:	222	
3381:	148	159	174	190	224	249	314	352	409	458	468	555	581	661	698	759	763	806	
3389:	474	475	
3390:	53	
3396:	194	265	611	
3401:	169	
3410:	89	323	450	510	668	
3420:	241	
3424:	48	292	675	765	791	
3425:	34	40	84	190	390	407	450	502	581	627	
3432:	588	
3437:	32	
3442:	495	
3448:	135	
3469:	305	
3484:	275	
3492:	46	58	69	70	75	82	89	90	99	124	127	133	134	142	143	163	164	190	192	216	219	220	227	234	257	258	263	274	275	288	295	305	310	318	322	323	326	329	330	332	336	344	347	357	361	377	388	393	397	405	409	419	434	435	450	454	461	469	475	487	507	509	510	518	519	534	535	544	545	548	562	565	566	585	589	590	595	599	607	610	614	627	629	644	645	647	660	668	671	677	767	771	773	774	796	797	806	810	
3503:	545	647	767	
3515:	305	324	441	789	
3518:	544	
3524:	323	
3526:	561	
3530:	618	
3537:	545	
3545:	357	
3547:	228	276	352	399	661	
3548:	661	
3549:	198	514	
3562:	509	
3567:	419	
3570:	419	
3573:	419	
3579:	439	
3585:	484	
3612:	291	378	698	
3641:	263	
3647:	263	
3660:	442	756	
3669:	309	
3670:	309	
3674:	426	
3676:	293	294	
3677:	493	
3718:	74	
3736:	343	
3741:	41	55	98	107	144	175	235	266	317	347	374	375	435	523	527	581	653	661	663	682	707	770	794	797	
3750:	661	
3754:	590	
3755:	805	
3766:	87	
3776:	63	261	266	388	411	422	527	562	607	704	729	767	
3804:	319	644	
3812:	217	491	740	
3826:	731	
3827:	731	
3924:	731	
3945:	291	
3958:	519	
3960:	444	
3964:	305	
3971:	70	
3976:	266	
3978:	765	
3998:	639	799	
4001:	662	
4127:	329	
4172:	258	
4248:	312	
4249:	312	
4251:	44	437	542	583	664	686	711	712	713	
4261:	750	
4266:	472	779	780	
4294:	476	
4304:	806	
4318:	708	
4329:	19	662	
4330:	19	662	
4334:	274	733	
4343:	383	
4344:	280	
4351:	27	164	347	678	
4371:	621	
4394:	247	
4406:	806	
4414:	350	
4416:	224	
4422:	305	
4423:	444	
4425:	54	
4427:	391	
4429:	522	
4433:	54	
4434:	536	
4440:	215	
4443:	41	70	348	
4447:	348	
4453:	175	196	215	245	389	442	496	534	644	648	681	690	786	
4475:	266	
4476:	63	107	147	183	266	333	378	454	458	465	488	508	544	577	581	704	707	708	752	753	754	759	762	763	
4483:	331	
4488:	754	
4500:	285	
4501:	285	
4545:	677	
4561:	99	245	330	422	590	729	
4564:	330	422	729	
4575:	26	37	46	137	164	175	192	205	227	234	251	310	322	332	336	380	397	406	423	432	438	454	472	475	496	512	519	545	551	561	565	569	634	640	643	671	707	721	760	761	762	763	767	771	773	774	775	806	
4584:	312	467	
4586:	421	
4603:	561	
4618:	185	
4645:	404	
4663:	112	
4668:	114	
4692:	633	
4693:	272	
4694:	175	196	483	496	633	
4695:	496	
4696:	272	633	
4697:	289	633	
4713:	721	
4733:	388	
4734:	74	
4772:	150	305	409	461	557	
4778:	245	295	305	324	441	789	
4784:	305	324	441	789	
4795:	636	
4800:	802	
4812:	439	
4818:	45	87	152	260	804	
4821:	668	
4829:	214	274	283	310	312	414	439	509	621	690	775	
4830:	439	
4849:	189	
4857:	267	445	696	
4880:	166	190	277	322	502	508	516	633	662	687	704	797	
4890:	426	
4891:	107	155	175	653	724	739	750	809	
4894:	750	
4895:	245	297	319	329	519	554	593	644	
4902:	63	107	155	165	175	378	581	607	630	634	640	774	
4903:	175	
4904:	175	
4905:	175	
4907:	175	
4919:	648	
4926:	497	
4936:	41	440	
4966:	126	
4968:	305	
4981:	509	
5011:	69	
5025:	6	435	461	497	594	650	
5027:	461	
5028:	435	
5079:	519	
5103:	153	
5107:	153	
5120:	70	
5125:	3	
5136:	337	
5143:	21	361	
5156:	731	
5178:	731	
5184:	429	
5187:	292	
5192:	288	
5215:	424	429	731	
5236:	168	275	327	555	557	
5237:	205	249	789	
5238:	205	249	789	
5259:	192	
5266:	29	
5310:	435	
5315:	8	232	
5341:	88	
5357:	548	
5366:	148	149	276	429	559	
5395:	577	
5404:	176	
5407:	170	
5418:	112	470	
5419:	655	
5421:	234	
5427:	272	
5437:	329	
5444:	317	
5454:	65	155	159	190	350	384	410	476	560	635	636	680	692	785	800	
5455:	350	
5456:	476	635	
5491:	800	
5507:	275	276	305	334	410	422	551	750	800	
5514:	524	
5553:	188	
5578:	322	
5605:	745	
5609:	5	
5631:	84	296	
5641:	456	733	
5653:	22	62	111	164	193	235	253	261	279	374	430	488	605	698	
5658:	89	136	323	450	510	618	627	668	
5678:	121	182	192	276	359	444	560	722	726	742	
5679:	182	359	
5680:	121	192	276	359	444	560	726	742	
5682:	142	
5703:	82	476	502	621	742	
5704:	82	476	621	
5725:	305	329	
5726:	495	
5738:	370	
5747:	430	
5780:	235	
5781:	235	
5785:	143	
5801:	107	155	175	297	545	581	602	
5806:	602	
5831:	168	
5850:	29	69	90	189	220	380	423	454	
5852:	69	
5866:	621	
5876:	171	
5878:	642	
5880:	216	
5894:	610	
5920:	127	189	214	249	251	252	309	398	518	566	611	767	773	775	
5921:	251	252	398	
5933:	146	687	
5934:	55	217	218	294	343	359	428	467	519	525	661	750	
5936:	519	
5948:	662	
6026:	142	327	646	
6027:	51	126	127	155	248	404	438	442	447	472	483	505	651	708	739	760	
6033:	789	
6041:	228	285	
6042:	168	678	
6046:	205	
6047:	205	
6057:	43	
6062:	155	
6064:	240	
6065:	693	
6066:	350	
6067:	85	353	
6114:	119	228	465	
6115:	773	
6130:	440	
6135:	14	680	
6203:	196	
6222:	282	
6281:	63	64	114	148	155	169	195	284	305	310	343	378	451	461	534	594	636	646	671	
6284:	465	582	
6327:	647	
6331:	17	
6332:	17	
6341:	134	503	
6342:	134	
6382:	89	130	370	418	428	451	534	536	
6410:	644	
6411:	82	295	544	
6415:	111	
6416:	317	
6421:	675	
6427:	357	
6428:	293	294	661	
6434:	135	
6435:	5	65	82	83	84	101	105	111	564	654	698	750	797	800	
6438:	317	667	
6440:	317	383	667	
6443:	789	
6444:	82	101	111	112	471	654	698	740	797	
6445:	335	538	
6446:	293	294	
6448:	293	294	
6450:	676	
6452:	40	
6453:	40	
6457:	295	
6462:	791	
6469:	107	
6490:	305	
6491:	305	
6497:	196	682	
6516:	293	
6551:	122	
6557:	122	
6561:	561	
6567:	143	
6568:	69	114	274	510	557	677	686	692	799	802	
6578:	484	
6592:	89	618	
6615:	548	
6641:	495	
6643:	495	
6658:	769	
6688:	767	
6721:	457	
6733:	581	
6750:	703	
6751:	496	
6752:	496	
6753:	41	44	65	108	113	134	142	285	300	314	391	431	517	519	554	564	605	687	800	
6756:	44	65	300	517	564	800	
6763:	512	739	
6777:	293	294	
6778:	385	475	617	786	
6789:	43	
6790:	15	27	44	85	108	112	113	142	166	191	193	224	247	265	280	327	352	477	502	517	564	605	632	633	646	654	657	659	686	687	692	693	698	739	800	
6791:	280	327	564	632	646	686	
6798:	667	
6800:	279	350	
6803:	252	
6804:	799	802	
6805:	435	
6806:	265	633	
6809:	220	380	397	423	432	
6811:	143	
6821:	113	215	319	324	441	459	477	564	602	644	659	687	
6822:	113	477	564	
6823:	352	
6826:	293	
6828:	434	676	
6830:	676	
6833:	156	555	
6837:	41	285	
6838:	350	
6839:	350	
6842:	414	
6844:	135	
6860:	328	
6871:	564	
6898:	205	
6902:	194	
6904:	88	
6915:	219	
6923:	658	
6924:	477	
6925:	658	
6928:	564	
6931:	677	
6933:	743	
6936:	609	
6978:	64	
6984:	551	
6992:	54	
6998:	325	
7010:	682	
7027:	651	
7028:	17	
7039:	305	
7056:	5	82	117	135	282	665	690	800	
7057:	5	82	117	135	282	665	690	800	
7067:	196	
7069:	196	
7084:	509	
7087:	58	63	75	102	130	223	226	274	334	336	438	548	561	621	645	647	671	688	738	799	
7094:	226	799	
7095:	799	
7096:	102	334	336	621	
7104:	517	
7106:	106	221	516	
7109:	488	
7116:	5	130	147	153	168	169	174	196	216	219	246	264	275	282	296	314	326	334	377	378	382	385	396	408	409	410	424	428	451	454	461	473	475	487	492	504	507	508	509	523	546	552	555	565	569	611	617	639	648	651	671	681	688	690	724	786	796	799	
7117:	546	
7119:	378	475	487	681	
7127:	546	
7129:	147	326	377	378	396	409	454	461	487	507	546	565	648	
7133:	329	
7151:	46	130	143	220	245	252	330	454	461	494	497	557	650	651	773	804	
7158:	55	
7202:	426	
7206:	639	
7211:	709	734	
7214:	41	440	
7223:	309	
7225:	398	
7242:	293	294	
7243:	293	294	
7244:	293	294	
7245:	804	
7249:	317	
7251:	806	
7255:	767	
7267:	281	
7268:	352	
7271:	633	
7276:	137	155	169	222	279	332	378	391	466	468	497	569	573	582	590	644	806	
7277:	466	
7282:	497	
7285:	332	391	
7292:	590	
7306:	43	75	104	112	235	246	374	406	555	582	621	721	768	805	806	
7315:	406	721	805	
7317:	235	
7329:	44	621	
7333:	523	
7338:	263	629	
7352:	219	326	398	409	475	487	773	
7356:	409	
7358:	219	326	409	475	487	
7360:	29	
7393:	330	
7401:	391	
7415:	682	
7416:	682	
7438:	329	519	771	
7453:	651	
7461:	492	
7486:	512	
7487:	512	
7503:	673	801	
7508:	17	62	91	190	235	254	379	497	593	
7540:	40	
7561:	653	
7562:	653	
7565:	557	
7566:	557	
7573:	218	375	404	677	760	
7588:	153	196	263	274	330	378	459	466	534	562	647	650	
7593:	114	544	
7594:	96	739	
7595:	318	
7600:	192	212	214	226	297	311	329	347	357	374	421	512	519	610	638	647	669	742	767	771	
7603:	610	669	
7604:	329	
7606:	214	311	347	519	610	647	767	771	
7607:	421	
7609:	347	374	669	
7610:	374	
7611:	374	610	
7613:	610	638	
7614:	638	
7635:	54	65	113	122	140	224	327	384	657	687	778	800	
7680:	294	325	661	
7681:	661	
7683:	309	
7684:	50	223	280	305	316	384	444	476	518	593	633	806	
7719:	40	
7720:	40	
7721:	148	
7726:	159	
7727:	777	
7737:	159	180	601	790	
7742:	143	
7744:	44	51	54	85	106	108	113	114	127	140	152	165	224	245	247	249	300	337	353	443	564	583	602	605	632	652	657	658	663	667	680	686	687	698	
7745:	113	583	
7750:	293	
7753:	394	
7754:	65	165	284	384	444	800	
7758:	667	
7778:	121	132	134	147	201	245	263	326	343	385	410	412	413	457	476	484	519	562	575	608	651	677	727	806	
7780:	562	
7798:	457	
7801:	727	
7809:	350	523	
7818:	104	111	286	305	325	632	
7823:	286	305	325	
7826:	222	
7833:	21	379	419	433	708	
7834:	577	
7837:	708	
7838:	104	165	189	404	465	789	796	
7839:	13	21	27	84	104	129	175	190	215	222	235	240	253	266	343	404	406	427	458	462	465	469	495	542	553	571	577	593	602	626	665	678	684	692	708	729	753	764	766	768	769	770	792	798	803	
7840:	764	
7851:	769	
7854:	222	
7855:	571	
7861:	27	
7862:	500	
7863:	500	
7884:	96	
7900:	767	
7906:	756	
7910:	733	
7912:	733	
7915:	312	
7918:	29	
7919:	733	
7923:	286	
7935:	676	
7971:	484	
7983:	581	
7987:	272	
7989:	551	
7994:	147	590	767	
7997:	468	
8002:	8	14	232	295	362	383	406	435	449	601	667	724	786	799	
8005:	426	
8006:	750	
8013:	19	618	638	
8031:	34	223	557	633	
8051:	14	
8055:	806	
8056:	806	
8058:	495	593	
8086:	305	329	640	
8095:	192	
8168:	261	374	
8170:	46	226	227	310	329	519	
8183:	25	460	664	696	740	
8197:	63	86	98	102	104	143	147	150	153	155	162	169	274	279	281	284	305	338	383	404	407	427	428	433	438	455	468	471	523	536	544	548	557	573	581	594	599	607	609	617	620	636	643	653	667	673	674	688	689	698	724	731	775	801	809	
8198:	150	162	274	284	305	536	573	617	643	689	
8202:	86	98	338	428	523	573	673	674	
8203:	536	
8208:	305	
8214:	64	
8215:	64	
8216:	70	188	276	407	408	451	542	544	651	669	
8218:	765	
8219:	305	
8235:	295	359	451	469	557	573	707	
8256:	733	
8304:	585	
8345:	312	
8347:	312	
8348:	312	554	
8350:	127	128	318	361	
8355:	127	324	
8358:	127	216	318	361	
8361:	318	361	
8381:	443	
8382:	44	85	337	564	605	
8384:	431	
8385:	559	
8388:	65	
8400:	329	519	
8401:	312	
8402:	99	127	192	216	309	318	324	361	441	602	644	
8403:	96	127	
8404:	767	
8405:	767	
8407:	167	
8414:	281	484	673	
8419:	438	
8422:	88	
8429:	799	
8444:	122	
8479:	484	
8480:	484	
8503:	134	
8523:	494	
8531:	212	
8534:	727	
8538:	32	296	298	313	335	370	385	408	451	538	639	641	650	
8540:	40	
8544:	40	
8564:	393	
8569:	472	
8572:	124	190	234	266	336	729	
8574:	124	234	266	336	729	
8576:	472	
8598:	450	
8603:	63	107	581	640	
8660:	223	
8661:	223	
8671:	195	228	578	644	
8675:	350	519	
8676:	519	
8692:	648	
8731:	41	88	93	153	472	500	529	727	731	
8735:	41	472	
8738:	733	
8746:	424	
8747:	21	
8759:	316	321	404	484	551	635	800	807	
8783:	466	
8807:	650	
8811:	46	310	329	519	554	
8812:	46	310	329	519	554	
8830:	74	
8834:	555	
8836:	675	
8842:	404	764	769	770	772	794	798	803	808	
8843:	752	
8844:	682	
8848:	99	215	216	319	441	459	644	
8849:	215	216	319	441	
8867:	55	435	599	657	687	708	787	
8879:	248	
8888:	551	
8916:	764	
8933:	264	
8952:	472	
8970:	534	
8979:	495	
8985:	475	
9032:	283	
9037:	134	
9046:	794	
9047:	21	
9048:	21	
9079:	441	
9080:	561	
9081:	446	554	
9084:	74	
9091:	57	
9106:	731	
9126:	382	
9137:	144	162	
9139:	682	
9147:	764	
9195:	283	414	638	
9201:	299	
9230:	216	
9237:	678	
9241:	252	
9242:	276	
9253:	457	
9263:	709	734	
9284:	593	
9297:	287	
9314:	226	765	772	
9315:	226	765	
9325:	494	
9334:	496	
9335:	494	
9336:	230	494	
9347:	748	
9348:	435	
9353:	194	748	
9360:	494	
9368:	764	765	
9383:	769	
9388:	756	
9390:	682	
9410:	264	
9431:	575	
9432:	785	
9433:	785	
9461:	194	
9466:	43	
9470:	638	
9474:	191	
9499:	43	
9502:	450	
9503:	450	
9504:	450	
9541:	27	63	70	89	305	319	323	450	510	562	581	608	618	627	644	740	741	750	
9546:	70	319	644	
9547:	89	323	450	510	608	618	
9579:	58	
9588:	32	385	492	534	
9589:	332	335	343	752	
9591:	32	58	62	130	245	263	264	296	298	313	328	335	341	351	370	382	385	408	410	418	441	451	466	473	474	483	492	493	497	504	534	538	578	589	619	622	629	639	641	650	651	
9593:	32	130	296	341	382	385	408	629	651	
9594:	130	263	264	296	298	313	328	335	341	351	370	382	385	410	418	451	466	473	474	483	492	493	534	578	589	619	622	629	639	641	650	651	
9599:	16	
9610:	63	82	107	111	164	165	174	195	314	333	468	488	514	581	640	649	655	698	704	763	786	800	
9619:	408	
9626:	110	791	
9627:	461	
9643:	228	325	
9646:	16	
9655:	140	
9658:	16	493	
9663:	204	396	397	468	
9664:	204	
9666:	146	398	551	
9669:	657	
9670:	769	
9678:	37	44	49	54	65	82	84	85	101	106	122	140	152	224	247	300	337	353	431	443	517	564	657	659	688	689	797	800	
9682:	260	
9685:	21	222	
9695:	514	
9705:	189	
9748:	338	523	
9751:	228	
9754:	469	573	674	
9762:	599	
9766:	102	548	
9772:	150	802	
9778:	153	165	
9787:	144	605	799	
9797:	86	126	132	143	169	281	338	361	383	427	455	536	540	573	594	599	609	617	636	673	674	724	799	806	
9806:	41	119	153	248	285	442	472	557	581	799	802	
9820:	442	472	
9829:	96	777	
9841:	19	51	144	147	150	153	162	165	187	190	235	281	284	307	402	498	500	523	529	802	
9842:	557	
9852:	733	
9857:	733	
9887:	640	
9894:	64	
9983:	682	
9991:	293	294	
10037:	676	
10040:	165	245	678	
10049:	15	70	176	247	263	272	295	325	359	370	492	500	517	537	583	634	654	673	693	763	785	810	
10051:	537	
10052:	70	176	247	263	272	295	325	359	370	492	500	517	583	634	673	693	
10053:	70	176	247	263	272	295	325	359	370	492	500	517	583	673	693	
10061:	16	19	89	169	277	299	329	408	484	519	536	608	690	785	
10066:	152	410	
10075:	457	
10080:	667	
10085:	489	
10098:	398	
10107:	545	
10110:	16	119	
10140:	282	283	
10144:	283	
10148:	325	
10150:	807	
10157:	283	
10165:	585	
10166:	585	
10172:	305	
10176:	469	707	
10179:	89	336	427	516	519	536	566	774	
10189:	404	
10193:	91	385	408	
10194:	414	767	
10201:	260	
10202:	647	
10242:	404	442	
10246:	324	789	
10250:	302	676	
10251:	676	
10254:	32	37	152	169	212	234	263	378	408	409	535	542	566	588	590	647	648	738	806	
10263:	130	246	483	509	
10267:	341	
10277:	110	152	169	186	226	305	332	375	397	409	424	516	569	633	677	800	
10278:	186	397	
10285:	332	
10300:	590	
10303:	215	249	324	660	
10304:	63	261	266	388	411	422	527	562	607	704	729	767	
10311:	474	742	
10312:	585	
10325:	89	323	450	510	574	618	627	668	684	
10327:	280	327	564	632	646	686	
10333:	82	249	295	414	509	544	569	753	
10344:	65	350	384	800	
10345:	107	154	175	605	633	693	
10349:	99	214	249	266	324	411	459	488	544	577	729	751	752	753	
10354:	99	249	324	459	
10355:	99	249	544	
10358:	247	645	
10360:	216	319	324	424	644	
10380:	457	496	508	
10388:	124	234	
10389:	124	234	
10395:	112	
10398:	249	569	
10402:	257	330	
10410:	662	
10424:	21	
10434:	593	
10437:	305	562	
10516:	439	
10526:	344	
10527:	509	
10553:	742	
10554:	312	
10564:	676	
10577:	703	
10579:	190	
10590:	347	618	809	
10603:	660	
10606:	660	
10607:	660	
10626:	536	
10628:	413	
10641:	185	
10653:	312	509	
10654:	29	
10655:	509	
10681:	226	554	647	
10686:	5	611	
10692:	196	226	314	682	
10709:	189	419	767	
10717:	119	285	
10720:	119	285	
10721:	748	
10747:	484	523	
10748:	523	
10749:	53	72	329	618	624	
10778:	102	536	573	
10779:	102	
10785:	555	
10816:	23	41	48	72	74	217	241	248	387	425	447	624	675	791	
10817:	217	
10818:	217	
10821:	72	74	217	241	387	
10860:	772	808	
10863:	424	
10900:	651	
10901:	523	
10929:	594	
10937:	658	
10940:	429	
10945:	13	190	593	
10947:	450	
10949:	786	
10956:	314	
10993:	245	488	
11014:	805	
11016:	454	
11018:	640	698	
11019:	297	
11024:	565	
11029:	444	
11045:	500	
11048:	800	
11065:	44	152	353	443	476	564	583	680	800	
11097:	279	
11117:	534	
11120:	703	
11121:	703	
11123:	312	
11137:	163	305	314	383	633	646	
11144:	8	63	107	124	232	234	258	266	288	336	500	581	704	809	
11168:	756	
11177:	16	32	41	58	130	136	152	164	190	211	263	264	285	289	296	298	305	313	324	328	330	332	335	341	344	350	351	370	385	391	403	408	410	418	422	438	446	451	452	466	474	483	492	493	497	504	514	523	534	535	536	538	562	575	578	582	619	622	629	639	641	644	650	651	674	690	796	
11181:	16	32	58	130	136	152	211	263	264	289	296	298	313	324	328	330	332	335	341	351	370	385	391	403	408	410	418	422	438	446	451	452	466	474	483	492	493	497	504	523	534	535	536	538	562	575	578	582	619	622	629	639	641	644	650	651	690	796	
11189:	190	350	514	
11195:	45	205	260	621	
11206:	385	439	773	
11227:	390	
11239:	509	
11240:	389	390	
11244:	53	
11249:	29	
11251:	509	
11255:	70	99	227	234	274	324	357	405	519	545	610	669	738	767	771	
11260:	70	234	
11271:	738	771	
11272:	140	224	667	
11273:	224	667	
11275:	26	57	105	111	112	170	171	189	191	212	214	226	246	250	295	297	309	343	389	406	414	423	424	500	512	518	543	544	552	566	585	590	632	635	678	721	768	773	775	800	805	806	
11278:	57	105	112	170	171	191	214	226	246	297	309	406	414	512	518	544	552	566	585	721	768	773	775	805	806	
11279:	57	414	566	775	
11281:	423	
11284:	721	768	
11291:	422	
11293:	763	
11318:	561	
11320:	769	
11322:	744	
11339:	385	
11376:	99	
11393:	70	82	112	130	216	224	225	245	247	254	348	508	516	564	594	636	652	665	669	677	768	
11403:	508	
11404:	348	652	665	669	
11413:	357	405	647	
11421:	275	
11424:	760	763	
11437:	87	
11444:	87	
11448:	205	544	
11477:	739	
11487:	150	153	557	643	
11521:	74	429	
11541:	472	
11572:	801	
11576:	738	
11610:	51	82	98	104	105	106	110	111	113	135	147	152	155	168	170	172	185	197	223	226	228	246	247	249	279	294	300	314	324	353	375	379	390	394	435	449	450	458	463	499	516	527	552	589	601	629	652	665	667	673	678	680	686	688	693	704	708	749	754	757	760	763	797	800	
11618:	212	
11644:	8	63	96	107	183	186	219	220	232	378	397	454	458	500	507	508	546	581	648	681	707	809	
11645:	458	508	
11652:	681	
11659:	585	
11669:	241	
11674:	764	
11680:	127	128	285	318	361	
11681:	127	128	318	361	
11706:	48	63	72	75	107	164	186	195	275	305	332	377	378	391	409	434	454	458	461	472	508	569	577	581	582	585	648	676	752	753	
11710:	75	
11713:	164	275	377	409	434	454	
11716:	164	
11722:	508	
11730:	75	409	454	461	508	569	648	
11733:	305	
11735:	226	297	545	554	647	802	
11745:	750	
11781:	555	
11791:	393	
11811:	40	
11839:	414	
11855:	5	
11891:	585	
11894:	312	
11974:	312	
12001:	54	
12003:	261	291	312	
12021:	63	88	93	107	168	261	305	329	357	374	405	424	444	463	519	581	607	704	705	729	738	742	753	774	
12022:	88	
12027:	261	
12028:	261	357	
12035:	261	
12040:	107	261	374	704	753	
12042:	305	329	444	
12044:	312	
12051:	25	164	186	216	219	270	275	291	305	357	405	475	595	614	
12067:	444	
12083:	692	
12084:	223	419	
12088:	246	343	
12091:	70	223	510	574	618	668	
12097:	186	
12100:	496	
12114:	494	
12119:	276	
12131:	74	
12141:	468	
12142:	111	698	
12144:	335	651	
12155:	148	228	394	399	424	429	559	601	649	687	785	
12156:	312	
12163:	228	325	682	
12164:	228	325	
12171:	564	
12172:	564	
12184:	731	
12188:	681	
12190:	477	
12197:	682	
12198:	350	
12199:	389	
12205:	764	770	
12209:	744	
12216:	698	
12246:	48	72	
12273:	561	
12277:	51	84	107	111	114	413	471	579	613	
12286:	438	
12287:	438	
12290:	438	
12303:	561	
12304:	96	186	263	322	332	336	378	409	475	487	565	681	
12306:	96	336	565	681	
12313:	189	
12318:	462	
12323:	594	
12343:	223	
12344:	223	419	
12346:	721	
12354:	602	
12360:	223	
12364:	223	
12367:	127	128	318	361	553	
12371:	421	463	
12378:	70	
12394:	29	63	101	107	122	190	235	298	394	534	581	601	651	
12396:	305	426	
12397:	305	
12399:	84	98	107	284	314	428	444	496	692	
12400:	84	98	107	284	314	428	496	692	
12402:	385	
12403:	264	
12405:	91	
12406:	190	
12408:	32	91	130	235	296	341	382	385	408	451	483	629	651	
12409:	29	272	
12413:	165	303	332	385	435	496	601	640	643	750	791	
12414:	332	640	
12423:	496	
12428:	272	
12434:	190	
12435:	650	
12437:	489	
12463:	305	
12473:	561	
12478:	564	658	
12479:	300	
12484:	54	
12485:	350	
12537:	152	
12543:	675	
12559:	102	
12592:	773	
12609:	425	
12621:	285	
12622:	285	
12668:	54	
12714:	399	557	
12716:	557	
12725:	147	
12728:	396	
12739:	249	
12741:	336	
12750:	32	130	644	
12762:	62	538	765	769	803	
12764:	765	
12790:	305	
12802:	410	
12805:	731	
12816:	285	
12818:	608	
12833:	671	
12868:	771	
12928:	128	
12942:	429	
12946:	425	
12950:	194	313	493	
12954:	598	
12958:	41	248	440	571	
12967:	196	
12968:	196	
12976:	769	
12999:	312	470	
13009:	54	
13039:	429	
13040:	668	
13074:	495	
13092:	344	
13104:	352	394	601	
13105:	233	265	289	317	352	394	478	551	601	631	633	
13107:	631	
13108:	14	265	633	
13113:	102	667	724	769	
13117:	667	
13124:	617	
13128:	353	789	
13129:	438	
13136:	802	
13155:	70	153	428	662	
13165:	426	
13188:	74	
13194:	293	
13197:	293	
13199:	648	
13206:	507	
13239:	164	
13240:	463	
13249:	291	449	
13265:	590	
13271:	213	
13273:	357	405	
13278:	405	
13311:	583	
13315:	101	470	
13317:	761	
13328:	26	53	170	205	216	280	319	500	505	644	721	749	755	756	757	760	761	762	763	789	
13329:	53	
13330:	26	170	500	721	
13331:	170	721	
13332:	763	
13337:	602	
13338:	602	
13339:	240	
13350:	220	
13353:	220	
13359:	21	234	362	519	640	675	740	773	
13373:	773	
13375:	234	336	
13379:	690	
13380:	197	
13388:	796	
13394:	127	128	215	318	324	361	441	459	468	807	
13402:	461	
13412:	5	240	414	
13420:	171	
13466:	451	
13477:	633	
13483:	317	
13494:	101	215	
13497:	768	
13504:	644	
13522:	17	190	235	362	375	450	457	462	574	593	594	673	707	739	799	
13523:	594	
13525:	45	70	104	122	135	137	143	189	190	234	274	313	379	385	410	423	432	453	472	504	538	573	627	630	640	669	674	688	774	
13529:	70	
13530:	688	
13531:	104	
13533:	774	
13538:	137	
13545:	472	
13550:	224	337	
13553:	594	
13555:	316	561	690	721	
13557:	602	
13558:	234	
13573:	640	
13578:	226	
13580:	223	
13582:	17	119	
13588:	49	51	70	84	105	111	112	113	114	348	408	481	564	652	668	671	692	698	709	734	738	797	
13592:	105	111	
13594:	754	
13635:	5	135	
13667:	535	
13684:	195	
13685:	195	
13686:	69	190	274	296	322	669	
13692:	195	248	
13701:	190	
13717:	195	
13722:	606	
13730:	564	
13737:	205	
13747:	319	644	
13748:	172	215	319	
13755:	375	427	
13756:	375	427	
13777:	264	
13794:	789	
13810:	82	
13811:	654	
13812:	698	
13818:	621	
13849:	226	322	669	
13852:	19	
13888:	240	470	
13899:	224	338	564	
13904:	746	
13905:	746	
13907:	594	636	681	
13916:	65	111	
13919:	27	
14006:	111	122	652	696	
14021:	451	
14052:	677	
14055:	197	217	230	272	510	
14080:	675	
14121:	174	581	
14123:	5	
14125:	523	
14126:	220	
14144:	63	106	155	334	468	581	630	796	809	
14149:	26	667	
14171:	81	
14176:	22	
14179:	111	698	
14182:	458	704	798	
14196:	463	
14197:	524	
14198:	6	13	16	17	21	32	58	62	84	91	96	106	107	111	130	136	159	190	200	201	222	235	253	254	263	264	266	296	298	313	328	332	334	335	338	341	351	370	379	382	385	391	408	410	418	435	451	452	462	463	464	466	473	474	483	492	493	497	504	524	534	535	538	569	573	575	578	582	584	589	593	594	619	622	629	630	639	641	642	650	651	653	654	698	708	765	769	770	776	781	784	786	787	788	798	807	808	809	
14199:	190	
14200:	190	654	
14201:	190	222	235	263	313	338	391	435	497	573	582	593	594	650	
14203:	91	
14204:	190	235	253	341	379	589	629	654	776	786	
14205:	222	253	379	593	654	765	
14208:	341	
14211:	62	
14213:	99	214	240	245	470	767	
14228:	429	
14236:	427	
14237:	427	
14248:	617	643	662	
14261:	29	
14262:	441	693	
14295:	49	101	112	246	309	406	470	626	
14297:	56	111	112	113	142	652	698	740	797	800	
14298:	327	698	
14299:	40	82	129	287	481	626	
14300:	113	516	517	
14303:	496	
14308:	789	
14320:	153	
14344:	800	
14346:	800	
14362:	424	544	662	
14367:	41	248	272	396	425	785	
14368:	248	
14373:	733	
14382:	50	70	411	527	607	804	
14384:	411	527	607	
14386:	70	
14388:	378	
14406:	17	
14413:	318	361	
14417:	27	55	126	250	251	252	285	375	407	427	456	536	548	557	594	636	657	672	673	674	727	740	
14426:	674	
14436:	126	250	
14438:	557	
14444:	557	
14445:	29	
14447:	190	548	
14449:	285	523	609	
14457:	427	609	
14459:	126	
14467:	159	
14469:	159	
14471:	26	63	98	155	160	204	224	253	375	423	432	465	468	469	508	523	524	602	707	761	764	
14472:	731	
14476:	1	11	98	103	143	150	155	165	176	224	274	284	285	291	383	420	436	438	444	471	495	500	516	523	560	599	636	668	683	724	733	736	740	799	806	
14482:	724	
14486:	1	
14490:	285	
14492:	733	
14505:	440	
14507:	440	
14522:	63	190	249	330	438	463	581	607	633	
14523:	330	
14530:	285	
14539:	111	122	274	652	696	
14546:	111	122	652	696	
14550:	274	
14559:	274	
14573:	8	9	13	63	91	107	124	190	232	234	235	253	463	581	593	594	751	
14577:	107	235	581	
14579:	13	190	235	253	463	593	
14582:	19	662	
14587:	336	374	590	738	767	
14601:	53	114	294	394	598	
14610:	29	733	
14629:	14	34	55	63	64	75	109	112	143	146	147	148	149	156	170	191	195	205	218	228	261	275	276	279	280	289	305	309	310	312	314	316	333	359	389	390	393	394	399	424	429	444	457	484	496	516	522	525	534	541	544	555	556	558	559	560	581	601	605	621	633	635	638	644	648	649	660	661	662	667	671	677	681	683	690	692	721	724	750	758	785	793	800	810	
14630:	75	444	560	677	785	
14631:	279	305	544	635	
14632:	143	393	
14633:	279	289	359	
14638:	305	
14642:	279	556	
14643:	662	
14644:	280	316	633	635	721	
14647:	14	205	279	
14651:	750	782	795	
14659:	426	469	769	
14660:	769	
14662:	469	
14663:	48	96	217	241	294	425	442	472	615	777	
14665:	442	
14668:	442	472	
14670:	48	241	
14671:	96	
14678:	309	
14686:	224	621	687	
14687:	224	621	687	
14692:	715	
14696:	508	
14705:	65	146	471	750	782	795	
14707:	285	
14710:	5	135	
14720:	41	281	425	440	495	681	682	719	
14727:	57	566	
14728:	17	279	424	472	750	779	780	
14730:	470	
14733:	285	293	294	
14734:	285	293	294	
14737:	769	
14743:	294	718	
14779:	450	
14804:	535	
14806:	639	
14808:	20	
14815:	58	298	385	410	451	474	504	629	639	
14827:	496	
14841:	324	
14850:	488	
14868:	524	
14885:	494	
14889:	410	483	
14897:	272	
14898:	272	
14908:	659	
14918:	56	
14921:	733	
14958:	82	84	111	144	223	224	272	277	314	333	352	374	436	463	495	554	581	601	633	678	687	692	698	729	785	
14963:	277	633	687	
14977:	581	729	
14979:	251	
14985:	444	
14992:	124	314	334	484	546	581	618	627	644	
14996:	477	514	534	789	
14999:	257	
15009:	406	
15018:	63	124	226	261	274	374	738	
15021:	230	
15044:	266	279	317	648	652	
15052:	261	330	357	562	669	738	
15056:	562	
15059:	330	
15078:	235	261	280	296	298	309	313	341	374	385	406	424	463	483	601	615	622	639	650	740	750	786	
15101:	17	253	341	463	639	
15105:	341	639	
15112:	463	
15140:	799	
15144:	58	89	169	221	534	639	673	724	
15150:	246	
15153:	252	
15166:	99	249	319	644	
15189:	607	
15205:	312	
15208:	344	
15214:	168	585	678	
15215:	585	
15222:	119	190	285	425	463	
15225:	727	
15240:	611	
15253:	383	
15267:	504	605	
15272:	165	
15276:	378	
15280:	107	263	266	280	324	335	408	451	461	494	534	573	630	651	753	
15282:	753	
15284:	263	
15290:	677	
15296:	223	
15305:	391	410	
15306:	410	
15319:	14	102	212	362	
15322:	263	
15331:	148	
15337:	148	
15338:	148	
15340:	146	
15352:	429	
15355:	43	134	
15404:	495	661	
15406:	246	
15438:	525	
15464:	495	
15465:	516	
15507:	746	
15508:	169	
15510:	388	562	590	
15541:	682	
15545:	494	
15574:	332	682	
15583:	709	734	
15588:	399	
15639:	347	374	
15642:	246	800	
15645:	246	
15646:	246	
15653:	312	
15654:	107	192	214	226	227	261	311	347	374	519	610	647	767	771	774	
15656:	610	
15657:	374	774	
15658:	107	261	347	374	647	
15671:	283	
15692:	41	429	
15711:	640	
15731:	574	
15735:	673	
15742:	190	
15755:	515	
15759:	352	
15763:	265	
15766:	394	601	
15767:	27	352	
15773:	733	
15776:	689	
15780:	810	
15781:	410	
15791:	419	
15795:	648	
15798:	134	
15807:	509	
15835:	740	
15858:	228	389	
15860:	668	
15873:	70	75	90	124	133	134	142	143	163	190	192	227	274	288	310	329	336	357	388	405	409	461	519	534	544	548	590	595	607	610	614	668	767	771	773	774	810	
15875:	58	119	298	659	703	748	773	800	
15881:	5	21	25	51	72	75	82	83	84	91	105	110	112	113	114	130	152	155	169	174	190	195	212	223	226	228	234	263	267	274	275	279	296	298	299	300	305	322	324	326	330	332	334	335	336	353	374	377	378	385	409	410	433	445	449	451	454	456	468	473	474	475	484	487	493	494	504	538	562	569	573	575	578	581	589	590	621	627	629	639	643	644	650	652	662	665	673	696	768	773	799	801	802	804	806	
15883:	802	
15884:	330	
15885:	275	
15890:	25	468	589	768	
15891:	267	445	696	
15897:	279	449	589	673	
15899:	174	
15904:	299	
15906:	275	
15917:	6	107	153	461	465	494	500	731	796	809	
15927:	494	
15930:	465	500	796	
15933:	465	
15937:	163	170	171	468	494	751	
15941:	170	
15942:	494	
15954:	497	
15965:	111	220	224	698	733	
15972:	285	
15984:	414	
15991:	82	
16000:	295	414	
16009:	414	
16010:	414	
16012:	414	
16047:	226	322	
16050:	439	
16051:	439	
16060:	484	
16078:	49	
16086:	166	230	241	398	414	440	442	675	
16090:	439	
16091:	439	
16099:	144	162	165	284	307	402	498	500	
16100:	51	54	65	82	84	104	105	110	111	112	113	114	152	158	384	444	476	516	520	557	559	560	593	642	652	654	657	663	680	686	698	716	740	797	800	
16104:	54	
16121:	677	
16126:	800	
16130:	305	797	
16142:	423	
16163:	16	37	49	58	84	98	102	111	113	114	142	150	155	169	224	284	289	305	323	326	332	338	378	383	385	407	466	472	492	497	535	544	546	548	557	573	609	636	639	643	648	653	667	677	681	692	698	724	799	800	806	
16167:	421	640	678	
16184:	640	
16193:	357	405	738	
16195:	405	
16197:	357	
16199:	174	
16238:	64	147	220	247	263	468	472	645	681	
16240:	677	
16241:	677	
16250:	56	
16251:	57	82	105	122	129	150	168	338	458	467	525	555	609	643	652	654	662	665	667	668	680	686	724	768	797	800	
16255:	724	
16274:	476	
16276:	564	
16286:	403	
16301:	633	
16303:	392	
16304:	519	
16311:	385	
16315:	737	
16316:	54	
16318:	54	
16320:	305	
16328:	404	
16339:	205	347	414	610	738	
16343:	185	
16344:	310	311	
16347:	638	
16348:	638	
16365:	238	
16374:	85	
16401:	635	
16405:	444	
16412:	54	
16413:	54	
16414:	389	
16423:	54	
16448:	444	
16449:	110	
16456:	190	
16464:	5	
16475:	99	590	
16476:	602	
16479:	509	
16483:	309	
16493:	251	470	766	
16503:	214	
16524:	384	477	
16526:	54	
16534:	421	
16550:	678	
16557:	298	
16584:	540	
16588:	653	
16589:	653	
16592:	802	
16609:	171	
16612:	171	
16645:	484	
16646:	190	
16654:	588	
16656:	551	
16683:	219	220	275	326	334	377	396	397	409	475	487	507	546	565	645	681	
16694:	773	
16701:	122	
16705:	707	
16712:	397	
16718:	46	
16720:	196	224	246	698	
16732:	421	
16733:	214	775	
16746:	84	196	226	442	545	554	624	
16782:	87	
16783:	45	
16786:	99	590	
16787:	99	590	
16802:	5	135	
16821:	5	135	
16828:	648	
16831:	322	414	
16874:	41	440	
16876:	32	408	
16883:	669	
16890:	443	588	
16897:	552	
16909:	324	
16912:	164	285	487	508	647	
16927:	740	
16940:	684	
16951:	435	722	
16953:	722	
16974:	477	
16985:	791	
16987:	416	
16989:	416	
16998:	251	
17005:	140	
17011:	394	
17022:	32	
17024:	241	749	757	
17030:	442	
17033:	394	
17034:	295	414	
17073:	421	
17110:	457	
17112:	457	
17154:	319	421	426	463	644	
17170:	639	
17183:	477	
17187:	344	
17203:	266	336	
17205:	266	336	
17207:	191	
17232:	124	234	274	
17243:	53	774	806	
17244:	53	
17246:	148	169	
17255:	380	432	
17258:	435	599	
17259:	435	599	
17260:	599	
17261:	435	
17282:	5	135	
17290:	420	
17314:	295	414	
17315:	470	
17316:	733	
17319:	509	
17339:	455	
17349:	99	215	335	
17385:	283	796	
17399:	41	
17406:	281	
17417:	509	
17418:	316	
17429:	50	
17433:	398	690	693	
17445:	89	
17468:	744	791	
17469:	724	
17470:	724	
17477:	309	398	
17478:	398	
17480:	525	
17486:	731	
17525:	748	
17534:	406	
17555:	765	
17556:	765	
17567:	29	
17569:	435	484	581	708	
17578:	102	216	245	731	
17607:	519	564	
17613:	494	
17621:	87	
17624:	205	
17628:	314	
17629:	314	
17634:	317	551	601	
17640:	34	159	180	362	790	
17641:	34	
17651:	444	
17658:	314	
17663:	34	156	170	309	317	362	394	406	424	429	558	
17665:	170	
17669:	424	
17670:	424	
17673:	317	
17677:	317	601	
17680:	314	
17686:	601	
17693:	34	64	218	225	309	406	444	560	601	721	760	
17694:	760	
17696:	34	601	
17699:	64	218	560	601	721	
17710:	525	
17726:	318	601	
17847:	44	84	85	337	517	564	583	605	
17848:	44	85	337	564	605	
17851:	135	
17858:	148	374	799	806	
17862:	602	630	663	698	
17863:	602	
17877:	193	214	282	389	775	805	
17884:	805	
17904:	310	
17941:	805	
17944:	562	
17959:	602	663	
17960:	602	
17962:	275	
18032:	671	
18041:	518	
18061:	326	
18085:	64	
18087:	649	
18093:	558	
18094:	558	
18099:	46	311	
18113:	305	637	
18143:	770	
18155:	633	
18159:	770	
18175:	553	740	773	
18241:	324	
18247:	564	
18279:	394	
18336:	51	54	84	99	101	102	106	108	113	114	122	127	128	140	152	165	172	215	216	238	245	249	319	324	441	443	459	476	564	602	605	632	644	657	663	698	800	
18337:	113	238	459	
18338:	215	
18342:	280	
18343:	280	
18366:	801	
18376:	284	
18394:	54	65	113	247	384	514	516	657	717	740	800	
18395:	325	
18397:	740	
18420:	204	269	514	
18446:	184	
18448:	184	
18484:	184	
18485:	89	450	
18489:	226	
18500:	192	
18533:	775	
18580:	87	
18635:	99	
18657:	62	75	142	190	226	323	341	454	463	582	583	605	674	754	
18673:	804	
18710:	275	
18712:	275	
18713:	224	687	
18716:	773	
18732:	544	
18768:	56	
18785:	429	
18835:	127	128	192	214	226	297	329	519	545	767	
18865:	585	
18897:	69	186	272	334	396	454	468	546	645	708	
18898:	334	396	454	546	645	708	
18900:	385	474	619	
18903:	588	
18913:	300	
18914:	446	
18924:	588	
18995:	55	127	
19004:	134	
19021:	509	
19022:	130	370	461	589	708	
19025:	461	
19030:	130	708	
19032:	562	
19076:	660	
19127:	667	
19132:	91	104	154	196	332	789	
19149:	422	562	
19177:	88	153	471	557	
19180:	88	
19185:	477	
19236:	677	797	
19262:	32	
19289:	258	519	
19290:	519	
19302:	484	
19304:	107	155	457	574	581	618	634	640	
19336:	253	463	
19350:	307	
19376:	312	
19382:	752	
19384:	32	
19388:	305	
19482:	127	698	
19489:	789	
19492:	496	633	677	682	
19500:	275	305	601	677	714	
19503:	285	
19504:	312	
19507:	192	
19510:	6	155	175	583	
19515:	564	
19519:	461	
19533:	314	
19534:	314	
19541:	107	335	343	504	651	
19544:	314	
19547:	314	
19556:	122	
19591:	260	
19628:	91	143	
19643:	585	
19647:	185	
19648:	544	753	
19675:	334	
19690:	648	
19752:	96	
19776:	343	678	
19778:	588	
19780:	476	
19784:	193	805	
19787:	588	
19897:	166	272	491	
19909:	296	370	418	438	473	562	619	645	647	671	
19929:	72	323	
20008:	13	21	190	222	235	264	279	451	469	535	682	765	
20075:	509	
20087:	792	
20097:	796	
20101:	21	27	43	84	113	190	375	379	390	442	443	468	469	514	517	559	561	649	652	786	797	800	
20121:	41	248	425	440	483	682	740	
20129:	756	
20142:	343	
20147:	665	
20150:	98	
20161:	105	113	
20166:	49	
20183:	150	
20198:	748	
20202:	435	
20203:	263	
20210:	272	
20214:	299	791	
20219:	51	84	101	122	657	663	698	740	
20220:	740	
20225:	546	
20229:	512	519	
20231:	512	
20311:	458	
20318:	544	
20323:	544	
20336:	280	316	633	635	721	
20337:	280	
20343:	309	406	
20346:	390	
20367:	385	
20389:	419	
20391:	678	
20399:	472	
20404:	148	152	305	313	424	516	573	590	601	621	633	721	733	
20424:	406	
20430:	146	
20431:	126	
20447:	773	
20454:	240	
20461:	721	
20462:	512	554	
20471:	581	
20520:	74	217	447	
20524:	495	
20529:	240	
20530:	665	
20531:	49	82	83	101	111	112	117	471	564	626	654	665	698	797	
20536:	240	
20539:	414	
20546:	54	
20547:	135	665	
20554:	240	
20557:	212	665	690	
20569:	193	
20585:	584	
20588:	54	
20589:	583	
20591:	54	
20606:	411	
20608:	615	
20623:	408	
20642:	675	
20645:	6	87	
20653:	134	470	618	
20661:	665	
20679:	8	12	63	232	330	500	536	557	581	590	771	
20681:	536	
20705:	82	272	314	385	
20715:	500	809	
20727:	644	
20729:	444	
20734:	427	
20738:	476	
20740:	332	404	419	674	771	
20745:	419	
20749:	216	322	
20752:	89	223	323	450	510	
20761:	46	104	214	226	227	297	310	311	389	390	545	554	767	
20777:	104	
20779:	46	214	226	227	297	310	311	545	554	767	
20786:	282	588	
20804:	83	112	282	283	461	
20805:	283	
20814:	285	
20881:	593	
20893:	153	263	295	298	374	378	404	456	458	517	535	557	575	707	800	
20895:	45	137	330	
20902:	175	458	508	708	709	734	
20906:	104	214	389	390	544	775	
20907:	390	
20909:	5	135	282	
20911:	251	
20913:	523	
20916:	27	
20917:	54	
20918:	143	801	
20919:	551	
20920:	309	317	551	
20924:	653	
20926:	493	
20968:	218	309	
20970:	637	
20972:	509	
20995:	49	82	83	111	135	246	471	626	698	797	
20997:	804	
20998:	309	
20999:	309	
21002:	168	
21020:	70	124	214	234	246	252	280	295	398	406	512	518	561	578	585	621	644	678	721	767	773	806	
21022:	398	773	
21023:	398	773	
21024:	585	767	
21038:	219	
21045:	791	
21046:	222	708	
21049:	222	
21063:	17	106	205	221	228	266	279	338	347	399	449	450	458	461	488	497	544	571	577	628	630	644	661	700	740	751	754	759	760	762	763	
21066:	577	
21112:	91	544	577	585	
21116:	260	322	
21118:	590	
21119:	21	45	56	107	174	190	249	266	329	375	610	754	
21123:	174	
21127:	421	
21157:	327	
21163:	797	
21176:	275	
21183:	260	
21184:	260	
21216:	299	
21254:	396	
21257:	708	
21259:	89	
21264:	89	
21270:	104	110	112	124	224	234	246	374	461	472	621	750	768	791	
21272:	110	791	
21275:	461	
21283:	104	112	246	374	621	768	
21288:	750	
21302:	472	
21343:	405	
21348:	41	153	265	272	394	483	484	553	601	640	
21352:	153	
21356:	272	
21360:	272	484	
21471:	21	43	155	438	656	707	
21489:	707	
21496:	438	
21499:	324	
21500:	324	
21501:	127	275	292	324	332	496	601	
21502:	292	496	
21503:	275	
21507:	332	
21526:	357	
21527:	5	75	102	128	130	135	142	152	220	227	246	280	296	329	334	336	431	451	473	474	483	507	512	573	610	620	621	660	767	774	789	800	
21544:	214	
21558:	452	740	
21562:	452	
21564:	452	
21585:	435	
21586:	435	
21587:	194	748	
21597:	409	
21598:	242	
21599:	54	
21601:	69	219	220	334	377	397	409	454	461	507	546	645	681	698	
21603:	219	220	334	377	409	454	461	507	546	645	681	
21605:	703	
21606:	15	85	166	247	502	800	
21607:	175	
21608:	446	
21609:	659	
21610:	86	98	102	153	284	407	428	433	476	536	557	609	620	724	
21611:	54	65	84	106	113	140	181	224	238	247	300	318	337	361	384	392	459	476	477	516	564	583	602	652	654	657	658	686	740	800	
21612:	54	110	114	142	166	224	247	413	502	517	564	657	663	680	687	
21613:	215	
21614:	155	216	245	441	476	
21615:	13	
21616:	37	54	65	84	105	110	113	114	140	142	155	224	247	319	327	431	476	477	479	517	559	564	605	642	644	646	652	654	659	663	686	
21619:	37	249	644	
21621:	319	564	644	
21622:	175	
21623:	86	98	602	703	
21627:	319	644	
21628:	575	
21632:	65	247	384	516	560	800	
21634:	789	
21636:	544	
21643:	174	241	
21648:	802	
21650:	802	
21652:	213	
21676:	156	
21771:	470	
21774:	419	
21796:	764	
21797:	124	
21798:	5	46	117	135	311	
21819:	769	
21848:	806	
21853:	608	
21870:	449	
21875:	89	323	450	510	574	618	627	668	684	
21905:	185	673	
21910:	779	780	
21911:	779	780	
21917:	677	
21932:	89	136	323	450	510	
21988:	305	
21995:	421	638	
21998:	649	
22015:	661	
22037:	438	
22044:	330	
22100:	222	
22102:	569	
22123:	484	
22126:	517	649	
22135:	150	276	359	639	
22139:	419	450	
22179:	91	249	773	
22180:	32	164	
22188:	800	
22194:	564	
22207:	266	
22211:	127	
22212:	618	627	
22216:	101	
22217:	571	
22224:	808	
22225:	429	
22251:	85	353	646	
22264:	575	
22296:	708	
22300:	385	617	
22302:	648	724	
22309:	733	
22322:	362	
22336:	378	
22349:	74	
22350:	312	
22351:	312	
22361:	247	645	
22363:	118	
22365:	439	
22368:	136	522	
22369:	522	
22370:	136	
22372:	212	312	329	
22382:	312	
22395:	512	
22396:	512	
22397:	554	
22398:	554	
22416:	54	
22418:	439	
22420:	192	226	227	311	312	322	512	519	543	554	
22422:	564	
22466:	191	660	692	693	800	
22467:	127	128	214	310	311	
22487:	337	
22494:	70	246	295	627	635	671	721	806	
22502:	147	148	165	284	289	290	327	336	444	477	609	633	673	681	692	706	721	733	791	799	
22507:	289	633	
22508:	609	
22511:	721	
22513:	165	
22514:	673	692	
22526:	316	
22527:	561	
22528:	561	
22559:	456	
22562:	456	
22585:	40	83	
22593:	636	649	657	728	
22594:	636	649	657	728	
22615:	657	
22630:	282	
22662:	806	
22663:	806	
22729:	305	
22732:	41	275	393	599	
22733:	275	
22734:	393	
22739:	101	191	280	406	544	588	621	626	652	660	721	752	753	754	756	768	773	805	806	
22740:	660	
22747:	626	
22756:	748	754	756	760	
22768:	41	
22771:	135	228	305	399	461	542	633	698	708	773	
22776:	708	
22783:	13	26	55	148	154	186	222	465	524	637	676	703	708	740	756	
22790:	314	472	
22795:	344	
22811:	649	
22812:	302	
22815:	785	
22826:	660	
22828:	34	362	
22846:	742	
22851:	91	
22886:	228	
22896:	14	265	
22897:	272	
22920:	223	
22948:	660	
22984:	114	121	590	
22991:	729	
22995:	474	
23000:	134	212	503	
23001:	503	
23005:	727	
23007:	764	772	808	
23018:	721	
23023:	669	
23032:	27	249	484	660	665	
23056:	156	409	773	
23087:	602	
23094:	133	190	266	274	426	438	607	751	806	
23118:	159	
23123:	742	
23182:	56	
23183:	350	
23184:	675	
23195:	41	
23221:	474	619	
23222:	474	619	
23223:	478	
23226:	687	
23241:	275	305	
23268:	756	
23273:	137	343	
23318:	690	
23333:	599	643	
23356:	594	
23368:	45	62	113	114	197	222	460	497	577	584	590	605	663	681	740	
23387:	390	
23397:	764	
23400:	127	128	441	553	789	
23402:	789	
23403:	127	128	441	553	
23442:	223	
23450:	581	
23455:	101	
23458:	48	74	
23469:	575	
23475:	796	
23478:	248	
23492:	246	800	
23495:	733	
23504:	5	135	
23507:	551	606	
23518:	58	
23521:	96	740	
23527:	517	
23530:	414	
23531:	224	602	667	
23533:	486	
23540:	317	551	606	
23551:	731	
23571:	75	124	142	164	220	275	336	454	461	472	507	508	546	569	681	
23575:	472	
23578:	409	546	
23590:	450	
23600:	324	
23601:	324	
23602:	428	536	662	
23603:	602	
23609:	438	
23613:	484	
23637:	41	169	274	305	330	409	546	557	648	733	738	773	
23641:	557	773	
23642:	557	773	
23674:	87	
23684:	152	415	516	621	632	667	740	
23685:	516	740	
23692:	223	
23707:	188	
23718:	483	
23731:	484	
23741:	5	117	135	240	690	
23746:	265	394	
23798:	169	
23803:	148	457	525	
23810:	44	53	85	96	118	142	152	246	251	265	284	309	313	316	343	353	458	477	512	517	551	573	588	611	635	647	659	664	667	690	
23815:	573	
23816:	573	
23828:	82	241	265	450	462	704	753	759	
23830:	462	
23844:	378	
23845:	378	
23849:	424	791	800	
23862:	410	
23865:	571	
23870:	84	153	314	410	466	605	
23881:	148	
23904:	309	804	
23909:	509	733	
23910:	45	122	275	305	326	336	475	524	707	
23937:	102	226	602	663	
23938:	602	
23939:	53	126	183	397	432	458	468	708	809	
23943:	575	
23953:	13	190	593	
23954:	111	698	
23976:	5	251	252	295	414	551	611	
23977:	414	
23985:	101	191	246	660	692	693	800	
23986:	191	660	692	693	800	
23987:	191	
23999:	509	
24009:	29	
24011:	260	
24015:	29	
24035:	122	
24043:	153	282	
24044:	153	
24045:	282	
24055:	634	
24056:	83	251	252	295	414	551	611	
24068:	486	
24069:	486	
24071:	251	252	
24084:	588	
24098:	585	
24120:	555	
24139:	500	
24167:	62	370	
24168:	54	601	
24169:	601	
24170:	40	49	83	129	287	329	348	481	519	626	773	
24172:	348	
24173:	40	49	83	129	481	626	773	
24174:	329	
24178:	519	
24185:	216	319	644	789	
24186:	442	
24187:	789	
24203:	439	
24221:	786	
24232:	280	
24248:	40	
24275:	205	
24279:	40	
24285:	404	
24286:	406	
24291:	87	465	
24293:	87	
24340:	472	
24343:	410	
24360:	263	451	643	
24361:	263	
24363:	87	
24377:	21	
24386:	41	148	265	293	294	335	440	571	633	661	673	
24394:	41	
24407:	305	378	421	
24414:	305	
24419:	378	
24436:	677	
24443:	50	101	212	252	300	319	327	466	477	535	544	545	588	621	
24452:	466	
24458:	246	274	
24459:	246	274	
24465:	27	114	153	216	274	275	326	375	378	487	497	617	645	677	773	796	797	802	
24466:	378	
24467:	677	
24472:	189	
24480:	32	492	534	
24481:	589	
24483:	675	
24487:	124	234	261	336	
24492:	124	234	336	
24501:	325	
24502:	160	
24503:	160	
24508:	677	
24514:	216	319	324	644	
24519:	86	98	107	155	216	246	247	266	318	361	384	500	553	642	644	659	703	739	
24540:	619	
24552:	789	
24576:	801	
24596:	450	
24597:	450	
24622:	175	
24636:	17	104	143	165	274	305	314	359	379	449	454	457	484	544	594	774	786	
24637:	143	
24638:	104	449	
24641:	17	165	314	359	454	544	774	
24646:	601	
24654:	347	374	669	
24664:	470	
24706:	617	643	
24708:	438	
24709:	635	
24717:	205	
24721:	472	681	
24752:	678	
24753:	44	85	494	
24761:	693	
24777:	135	294	463	589	633	798	
24781:	194	
24786:	70	96	152	223	314	347	450	473	510	657	668	
24800:	189	
24825:	195	279	629	698	
24826:	217	
24845:	6	8	17	19	23	25	34	40	43	45	49	50	51	54	56	57	62	63	70	72	82	84	96	98	104	107	111	119	122	129	134	137	140	148	152	155	159	164	166	174	175	176	184	185	186	190	197	201	204	218	219	220	221	224	226	228	232	247	252	253	261	263	265	269	272	283	295	314	317	324	325	334	337	341	343	352	359	370	374	375	378	384	389	392	394	396	398	399	409	411	412	413	419	431	432	435	437	441	442	449	450	467	468	475	478	484	486	492	494	496	500	502	508	510	516	517	523	525	527	546	577	579	581	583	601	602	606	632	633	649	654	659	661	662	669	673	678	680	682	687	693	696	698	703	708	711	712	713	728	740	748	751	754	759	768	782	785	791	795	800	
24852:	2	41	56	58	63	72	89	112	137	142	174	190	217	222	241	248	249	279	314	330	370	374	385	435	472	488	555	581	601	618	633	638	677	704	753	756	
24860:	63	174	314	488	581	704	
24863:	72	241	
24869:	217	
24870:	374	
24880:	222	
24881:	190	
24919:	63	96	107	137	581	707	809	
24920:	492	
24953:	545	
24964:	494	
24965:	494	
24976:	764	
24988:	553	
24990:	54	224	
25009:	733	
25011:	630	684	764	766	769	770	772	798	803	808	
25021:	756	
25024:	412	
25025:	29	
25029:	305	
25036:	594	
25046:	41	440	
25051:	2	4	11	65	84	86	98	102	103	106	111	126	144	153	162	165	215	224	246	277	284	285	307	383	384	396	402	407	413	428	433	444	476	485	498	500	520	536	557	560	590	602	609	617	620	632	635	653	654	657	658	662	663	680	703	724	739	740	743	800	
25053:	98	444	602	
25055:	144	162	165	284	307	402	498	500	
25056:	498	
25057:	65	384	476	520	560	657	663	680	740	800	
25059:	106	485	743	
25061:	65	102	
25062:	65	102	
25063:	2	84	215	224	277	396	444	560	654	
25089:	165	420	
25094:	733	
25095:	241	
25098:	648	
25102:	70	
25109:	557	
25112:	170	391	615	
25141:	605	
25173:	5	49	83	101	135	282	283	797	
25174:	327	
25176:	695	
25178:	695	
25198:	660	
25214:	571	
25217:	398	551	
25226:	102	284	523	653	727	
25236:	213	
25247:	279	
25250:	601	
25294:	436	
25298:	523	
25301:	427	643	
25311:	662	
25343:	789	
25349:	438	
25373:	300	
25374:	740	
25381:	19	155	459	594	
25403:	41	
25421:	638	
25431:	159	
25445:	43	63	107	109	155	322	468	516	527	652	
25447:	128	152	189	227	280	377	431	507	559	610	767	789	
25448:	189	767	
25450:	135	633	677	
25451:	5	169	467	649	
25455:	224	
25456:	224	
25469:	14	605	
25500:	762	
25528:	419	
25529:	128	226	245	311	324	391	441	468	519	535	
25534:	459	
25535:	54	
25567:	405	595	
25578:	348	
25607:	330	
25611:	786	
25667:	91	127	324	
25670:	127	324	
25712:	551	
25733:	17	
25748:	17	463	
25777:	21	102	135	442	647	
25779:	764	
25791:	261	
25840:	190	
25867:	352	
25945:	469	
25977:	32	49	63	114	135	156	170	190	230	298	318	323	353	361	375	379	408	409	424	435	451	454	461	475	487	494	523	527	546	589	610	647	648	667	671	704	754	764	791	794	806	
25978:	32	49	63	114	135	156	170	190	230	318	353	361	379	408	409	424	435	451	454	461	475	487	494	523	527	546	589	647	648	671	704	754	791	806	
26002:	375	
26003:	96	265	
26008:	55	375	674	
26012:	427	
26014:	169	280	383	420	427	484	617	653	654	662	673	
26015:	169	
26039:	408	
26046:	806	
26047:	806	
26049:	806	
26117:	764	
26118:	709	734	
26131:	305	
26134:	193	
26135:	617	
26137:	84	
26138:	57	101	105	111	112	170	171	191	214	226	246	297	309	406	414	512	518	544	552	566	585	721	768	773	775	805	806	
26139:	57	414	566	775	
26140:	193	
26143:	643	
26145:	660	
26147:	112	
26148:	698	
26153:	1	5	7	8	16	17	19	43	49	51	54	56	58	63	64	65	82	83	84	96	99	101	103	104	105	106	107	109	110	111	112	113	114	122	128	132	134	135	140	143	144	150	152	153	155	158	161	165	168	170	172	187	191	192	193	197	199	206	211	214	216	218	222	224	226	232	235	246	247	249	253	259	261	266	279	284	289	295	300	305	309	310	314	316	318	324	327	335	352	353	359	379	383	384	389	390	392	394	403	406	407	413	427	428	436	443	444	446	451	452	455	468	470	471	483	484	492	493	500	502	514	516	517	522	544	545	553	557	559	560	564	579	581	583	590	593	601	605	613	617	621	632	635	642	643	644	646	647	649	652	653	654	655	656	657	659	660	662	663	667	673	676	677	680	681	686	687	688	692	698	705	706	711	712	713	714	716	721	724	725	735	736	740	743	745	746	763	764	765	766	767	769	770	771	772	774	777	782	792	794	795	797	798	800	802	803	807	808	809	
26154:	110	152	172	605	655	
26157:	84	114	247	444	642	676	
26158:	389	644	681	
26159:	114	706	735	
26160:	49	51	56	83	84	99	101	105	106	110	111	112	113	122	152	172	246	249	309	310	327	353	406	470	471	564	605	642	652	655	660	767	797	800	
26162:	800	
26163:	7	
26164:	51	54	82	84	104	105	110	111	112	113	114	152	158	444	516	557	559	593	642	652	654	686	698	716	740	797	800	
26165:	84	
26166:	516	647	
26167:	235	769	770	798	807	808	
26168:	224	
26169:	58	452	493	772	
26171:	564	635	
26172:	698	763	777	
26173:	122	150	428	643	662	698	
26174:	65	84	104	110	111	112	316	324	352	394	446	468	471	516	652	654	680	698	705	706	716	725	735	797	800	
26178:	63	107	197	284	310	468	544	581	774	809	
26179:	165	216	428	
26180:	216	428	
26181:	16	216	
26182:	522	743	
26186:	300	
26187:	193	224	394	
26190:	289	
26191:	112	446	
26192:	150	153	536	599	617	643	662	
26194:	289	394	
26195:	144	
26198:	668	
26199:	319	644	
26217:	805	
26249:	538	
26252:	594	
26264:	573	
26270:	585	
26298:	635	
26308:	427	484	
26309:	484	
26329:	216	319	421	441	
26331:	319	
26343:	214	
26344:	130	
26353:	310	
26354:	46	
26355:	171	
26356:	740	
26363:	669	
26374:	251	295	414	
26375:	295	414	
26380:	721	
26385:	545	
26386:	297	
26393:	463	
26423:	544	
26426:	140	431	443	686	
26427:	443	
26435:	470	
26439:	50	
26440:	50	
26468:	421	
26471:	421	669	
26472:	669	
26504:	194	362	
26534:	41	285	383	440	
26540:	285	
26548:	285	
26568:	590	636	678	
26571:	41	
26574:	477	
26577:	444	
26580:	21	
26589:	135	156	439	660	804	
26596:	135	156	555	
26606:	191	
26611:	156	191	555	
26623:	667	
26625:	156	325	
26631:	477	
26639:	171	
26661:	485	
26679:	275	
26681:	305	496	
26682:	305	
26730:	618	
26731:	140	
26743:	802	
26759:	87	
26776:	266	
26780:	394	
26811:	5	135	
26812:	5	
26816:	733	
26853:	124	169	409	468	508	797	
26859:	124	
26860:	669	
26886:	734	
26888:	475	786	
26891:	113	477	564	
26892:	146	
26908:	519	
26910:	5	135	317	
26911:	317	
26918:	484	
26974:	282	
26984:	171	
27030:	165	
27063:	171	
27071:	49	82	101	105	111	112	246	276	287	309	406	444	470	626	698	797	
27074:	51	56	111	112	113	114	142	652	698	740	797	800	
27080:	49	
27083:	29	
27085:	312	
27086:	747	
27108:	25	696	
27184:	483	650	
27191:	282	
27194:	171	
27196:	343	678	
27201:	494	
27202:	494	
27256:	588	
27275:	49	63	82	104	107	130	168	174	190	226	235	275	334	347	370	374	375	390	408	410	423	432	435	451	466	467	523	552	566	581	651	669	678	692	751	768	796	802	
27276:	410	
27277:	107	235	
27284:	134	
27285:	509	
27295:	235	348	652	665	669	768	
27296:	733	
27301:	733	
27311:	341	639	
27313:	648	
27314:	54	
27319:	29	
27325:	55	
27326:	305	318	361	
27336:	494	
27351:	494	
27379:	314	
27383:	714	
27384:	644	
27387:	789	
27396:	531	
27406:	477	
27407:	54	
27453:	257	
27459:	168	
27469:	247	500	
27472:	69	
27481:	465	500	796	
27485:	85	99	127	128	138	172	214	215	216	245	249	257	280	318	319	324	330	353	361	388	405	441	459	468	500	562	602	644	652	660	767	
27487:	99	214	
27489:	99	127	128	172	214	215	245	249	319	324	353	459	602	644	
27503:	509	
27504:	312	
27511:	769	
27533:	165	
27549:	621	
27550:	621	
27551:	620	
27556:	165	443	
27572:	601	
27592:	509	
27594:	29	
27602:	738	
27603:	633	
27610:	605	
27611:	329	
27612:	329	
27615:	193	
27617:	84	
27619:	283	395	638	
27623:	555	
27627:	147	261	334	336	374	681	774	
27630:	681	
27631:	457	
27635:	329	
27637:	295	343	383	385	407	566	585	
27658:	30	
27660:	605	
27664:	496	
27665:	16	58	63	186	222	266	296	298	313	326	370	378	452	466	488	508	553	578	579	581	630	639	641	650	681	708	
27668:	148	
27675:	27	55	63	82	84	111	204	218	224	251	279	352	375	427	435	469	569	581	601	605	632	633	673	674	698	707	769	
27680:	224	469	707	
27702:	63	124	274	
27732:	651	
27736:	23	217	447	624	
27741:	509	
27745:	29	312	509	
27759:	733	
27768:	41	
27786:	285	
27790:	147	
27799:	438	
27813:	438	
27814:	21	
27822:	216	644	677	
27868:	277	
27879:	146	571	575	
27886:	309	406	
27888:	472	
27890:	472	
27897:	27	
27901:	82	204	632	
27903:	285	
27915:	496	
27916:	564	
27920:	5	13	15	26	27	82	84	94	96	103	105	111	117	135	137	147	190	191	199	204	224	226	235	253	261	272	279	282	314	323	333	374	375	390	399	423	453	457	465	468	514	527	556	618	637	657	676	679	693	698	720	791	
27922:	104	126	226	285	456	669	
27924:	456	
27926:	293	
27929:	347	
27930:	70	104	150	258	357	385	497	557	678	738	
27932:	70	
27935:	407	
27936:	8	9	12	43	46	63	70	75	90	91	96	106	107	124	127	137	147	154	155	164	165	174	175	183	186	187	197	216	219	220	221	227	232	234	250	257	258	261	262	266	274	283	284	288	310	318	322	326	330	332	333	334	336	347	374	377	378	380	386	388	390	396	397	404	409	411	422	423	432	453	454	458	461	465	467	468	475	487	488	500	507	508	519	527	529	544	546	557	562	565	569	577	581	590	607	610	630	640	645	647	648	656	657	681	690	704	707	708	719	721	729	738	740	750	752	753	754	756	759	760	762	763	767	773	774	796	806	809	
27938:	90	
27939:	465	796	
27940:	147	
27941:	43	63	164	197	234	266	396	411	458	465	527	544	557	581	648	681	738	756	759	763	796	
27944:	43	63	318	467	468	
27945:	63	
27948:	422	
27957:	535	
27958:	535	
27976:	387	
27977:	283	409	
27980:	394	
27983:	235	
27985:	323	430	510	668	
27987:	82	111	224	272	374	413	447	463	583	605	633	642	739	791	
27988:	605	
28004:	426	
28007:	293	
28016:	285	428	
28026:	190	610	
28049:	293	294	
28050:	516	
28061:	294	
28072:	293	294	426	
28077:	129	212	275	456	494	517	554	800	
28081:	101	
28082:	142	
28085:	196	394	
28098:	41	
28102:	285	
28110:	575	707	
28119:	387	
28126:	597	
28127:	190	
28178:	217	325	486	
28180:	325	
28181:	486	
28186:	285	
28187:	285	
28190:	387	
28193:	241	266	
28198:	126	285	640	
28213:	86	102	407	573	617	643	653	667	674	
28235:	801	
28242:	496	
28250:	469	
28259:	438	674	
28260:	674	
28282:	185	
28283:	426	
28348:	729	
28357:	265	
28378:	733	
28381:	344	733	
28485:	671	
28530:	32	
28539:	63	119	222	456	517	566	575	606	704	738	804	
28567:	56	190	249	287	494	740	756	
28572:	56	287	
28597:	590	
28605:	246	
28616:	172	291	
28638:	305	
28642:	82	119	185	228	272	285	341	352	375	390	394	411	419	465	633	729	753	
28645:	272	390	
28646:	411	
28648:	633	
28654:	421	
28655:	284	
28659:	575	
28661:	55	63	96	144	164	169	175	196	222	275	279	285	453	527	605	682	698	
28665:	169	
28668:	55	62	63	82	84	104	107	111	112	144	160	168	175	195	205	228	235	247	253	266	314	322	323	331	333	338	341	348	374	378	433	435	450	464	468	484	508	510	581	629	642	659	665	673	698	704	707	729	751	753	759	760	763	768	785	797	
28685:	89	450	684	
28692:	193	316	375	593	633	659	707	
28700:	484	677	
28702:	168	
28735:	807	
28746:	51	
28765:	487	
28772:	223	
28773:	170	687	
28782:	585	
28783:	585	
28785:	300	
28789:	682	
28791:	54	
28794:	54	
28806:	472	
28808:	789	
28811:	472	
28846:	343	378	468	516	707	
28856:	224	
28861:	223	
28863:	223	265	450	484	510	
28864:	450	
28887:	439	
28889:	653	
28932:	806	
28961:	29	
28969:	553	
28977:	406	
29044:	285	
29091:	43	137	274	421	457	465	469	496	656	707	
29116:	87	
29121:	249	
29159:	102	150	523	599	
29162:	523	
29167:	168	
29180:	516	
29182:	497	
29199:	314	
29227:	87	
29268:	462	
29288:	263	493	
29324:	690	
29331:	169	636	806	
29334:	287	
29354:	447	
29355:	205	801	
29360:	146	
29367:	126	
29388:	621	
29392:	457	
29397:	494	
29398:	494	
29402:	86	
29420:	235	
29428:	259	
29454:	690	
29456:	265	
29496:	234	668	
29551:	442	
29574:	767	
29579:	583	
29597:	70	
29618:	124	234	329	336	435	444	497	545	560	594	
29619:	435	594	
29621:	444	560	
29625:	312	
29626:	561	
29635:	516	
29638:	509	
29640:	729	
29645:	646	
29660:	419	
29661:	91	280	
29663:	399	
29666:	325	525	
29684:	280	316	633	635	721	
29731:	348	
29732:	348	
29739:	49	82	83	112	129	246	626	
29741:	696	
29747:	54	
29753:	718	
29771:	316	
29772:	316	
29788:	802	
29790:	524	613	
29791:	318	361	
29795:	476	
29796:	682	
29803:	394	
29820:	89	91	252	678	
29828:	37	
29830:	324	
29832:	324	
29837:	509	
29847:	804	
29849:	330	674	
29855:	127	
29856:	99	216	245	318	319	324	326	330	388	422	441	459	544	545	562	590	644	684	767	
29861:	544	
29863:	330	388	422	562	767	
29878:	127	
29924:	6	
29932:	29	96	
29987:	325	
30010:	374	
30032:	126	444	
30036:	447	
30071:	799	
30082:	494	509	
30086:	305	
30094:	23	
30110:	5	
30117:	190	
30140:	382	
30155:	23	
30156:	99	246	322	406	767	773	
30182:	500	
30190:	791	
30225:	70	
30240:	611	
30244:	282	
30252:	282	564	
30263:	127	
30319:	99	
30340:	49	83	348	481	626	
30342:	49	83	348	481	626	
30351:	590	
30359:	555	
30372:	82	564	
30375:	135	
30475:	27	143	383	484	653	801	
30477:	27	
30478:	27	
30486:	649	657	
30510:	773	
30512:	773	
30516:	189	
30520:	40	82	83	112	129	246	287	348	481	626	
30521:	658	
30541:	282	283	
30598:	99	
30606:	14	
30607:	555	
30619:	352	
30641:	40	
30645:	82	112	406	
30659:	348	
30666:	212	322	518	566	
30743:	40	49	83	348	481	626	
30748:	669	
30750:	669	
30773:	693	
30796:	518	
30801:	226	227	310	311	
30808:	263	495	
30818:	50	110	140	143	166	245	280	295	300	343	353	398	438	441	494	551	669	671	690	693	801	806	
30822:	50	
30858:	488	
30859:	708	
30864:	732	
30901:	87	
30902:	354	
30904:	353	
30906:	438	
30924:	214	
30948:	190	235	575	593	
30971:	87	
30972:	87	
30979:	439	
30980:	573	
30988:	325	
30991:	531	
30999:	439	
31013:	45	
31019:	34	38	54	63	82	84	98	107	111	113	122	174	190	217	224	226	261	269	294	314	341	348	352	374	375	390	433	449	467	468	478	579	589	601	613	652	654	662	669	680	692	698	782	785	791	795	
31021:	34	63	82	84	107	111	122	174	190	224	226	261	269	314	341	348	374	375	390	449	467	468	478	579	601	654	662	669	680	692	698	782	791	795	
31022:	82	84	107	111	174	190	224	226	261	269	314	341	374	375	449	467	468	478	579	601	654	662	669	680	698	782	791	795	
31059:	536	
31074:	523	709	734	
31094:	263	
31119:	48	241	440	624	
31128:	122	
31284:	58	
31288:	781	
31297:	74	
31322:	789	
31343:	468	
31359:	477	
31361:	731	
31363:	108	
31366:	723	
31371:	211	
31378:	544	767	
31381:	590	
31399:	447	
31413:	63	65	102	111	150	216	428	581	698	799	809	
31417:	165	
31433:	742	
31436:	135	
31442:	168	
31444:	112	168	226	544	564	721	800	
31456:	27	
31457:	191	226	500	
31479:	122	127	
31521:	447	
31568:	121	
31570:	131	176	291	357	405	515	595	614	677	
31574:	405	595	
31579:	348	
31587:	55	
31602:	86	617	
31603:	86	
31612:	226	519	
31613:	5	135	226	312	316	321	329	470	512	519	554	690	
31614:	226	
31616:	20	46	51	84	99	101	111	152	165	178	192	211	212	214	226	227	245	249	297	310	311	322	329	499	500	512	518	519	545	554	566	602	698	740	767	771	
31617:	84	226	740	
31671:	309	406	414	621	801	
31693:	310	
31699:	447	
31718:	29	509	
31781:	538	
31783:	82	660	
31792:	282	
31793:	406	
31794:	406	
31815:	62	190	215	391	463	
31823:	194	593	
31849:	189	222	228	442	649	661	
31852:	228	
31863:	465	789	
31876:	305	329	444	
31947:	131	
31948:	263	298	313	370	641	651	
31957:	494	
31958:	477	
31966:	303	
31971:	55	134	143	150	281	285	314	317	350	375	436	438	455	484	523	548	551	601	617	643	653	662	672	673	724	740	802	
31978:	150	281	523	802	
31979:	281	802	
31980:	350	
31984:	143	
31987:	673	
31990:	484	
31998:	143	
32012:	420	
32016:	438	
32022:	438	
32023:	438	
32027:	295	
32038:	509	
32043:	732	
32048:	32	143	263	408	410	534	647	651	
32056:	6	130	245	313	385	388	729	794	797	
32059:	70	311	466	621	677	689	738	771	
32092:	350	388	409	507	562	
32093:	409	
32101:	272	
32106:	82	105	146	
32110:	223	495	
32113:	165	
32125:	34	105	169	375	599	768	806	809	
32127:	806	
32129:	408	504	
32136:	49	63	98	107	110	452	458	461	475	562	698	704	
32141:	130	305	451	468	588	
32145:	130	451	
32155:	494	
32171:	10	11	54	246	314	374	707	739	
32172:	246	
32181:	128	216	
32192:	215	
32200:	34	362	463	803	
32201:	362	
32204:	62	190	341	463	593	615	786	
32214:	408	458	
32215:	408	458	
32226:	637	
32228:	215	216	245	319	324	337	347	374	441	644	
32230:	347	374	
32233:	215	319	
32235:	458	
32239:	16	99	216	410	451	458	534	557	
32240:	482	
32262:	314	
32274:	3	27	
32297:	806	
32312:	262	
32378:	324	
32419:	156	
32421:	424	
32425:	99	214	249	390	544	767	
32441:	676	
32442:	55	
32457:	444	
32482:	283	
32489:	769	
32499:	805	
32526:	678	
32529:	667	
32540:	407	
32564:	677	
32574:	585	
32587:	168	
32588:	168	
32611:	463	
32628:	535	
32637:	309	
32655:	427	
32671:	442	
32736:	350	
32739:	130	220	330	454	650	773	
32762:	32	130	
32765:	524	
32770:	70	
32792:	456	472	500	
32795:	674	
32799:	222	708	764	770	789	
32802:	54	
32814:	806	
32819:	130	263	298	310	370	410	475	483	492	494	504	535	651	729	
32857:	566	
32879:	551	
32892:	807	
32904:	299	503	
32905:	29	
32906:	212	
32914:	429	
32916:	677	
32961:	402	
32962:	402	
32965:	191	
33013:	414	
33014:	414	
33078:	512	
33084:	409	
33121:	422	
33137:	5	
33138:	5	
33170:	10	265	
33171:	265	
33173:	64	
33177:	321	
33186:	615	
33191:	54	
33193:	251	295	
33194:	251	295	
33201:	23	282	
33202:	23	
33206:	23	
33247:	282	
33251:	602	
33252:	602	
33256:	251	252	611	
33272:	447	
33276:	611	
33308:	193	805	
33309:	193	805	
33318:	249	660	
33325:	221	
33331:	564	
33337:	479	
33338:	502	
33353:	37	
33365:	405	
33366:	280	
33367:	377	
33379:	551	677	
33382:	382	
33392:	37	
33398:	398	399	
33399:	398	
33400:	399	
