6:	576	
44:	581	587	685	687	688	698	705	719	727	759	763	815	829	866	894	899	908	918	946	948	950	979	993	994	997	1018	1021	1063	
47:	737	
51:	746	
56:	901	
61:	123	739	769	834	948	999	1065	
73:	980	
88:	709	
112:	877	
117:	892	
118:	892	
124:	882	
175:	689	
178:	878	
224:	1047	
253:	746	
258:	919	
260:	1055	
261:	896	
312:	761	
317:	968	
321:	915	
322:	915	
343:	808	1053	
350:	102	124	551	558	567	568	572	575	577	582	583	587	588	589	599	602	610	617	620	623	629	635	638	645	649	650	672	677	683	685	686	687	692	693	695	696	699	706	707	710	711	713	716	718	730	731	739	741	743	749	751	752	756	759	762	765	766	769	770	772	774	775	776	778	779	784	788	800	805	808	810	814	816	819	820	824	825	827	831	841	843	844	854	872	882	887	892	893	895	896	900	902	903	907	910	916	919	923	928	933	934	936	937	938	940	944	945	946	948	951	952	954	957	960	970	978	982	991	992	994	1000	1002	1014	1018	1019	1028	1033	1036	1038	1043	1053	1058	1063	
354:	685	946	
377:	585	590	596	611	713	730	735	743	771	803	810	834	853	858	909	932	941	961	962	979	983	
380:	615	
382:	564	574	582	586	610	672	716	760	841	925	928	936	1012	1062	
391:	957	
396:	711	716	
408:	620	747	
423:	1054	
430:	786	
434:	758	806	
441:	573	
450:	557	587	607	633	697	708	770	808	810	857	924	945	948	949	1058	
492:	581	586	608	687	701	718	750	759	762	823	843	900	906	
501:	612	712	
513:	1049	
514:	1049	
612:	882	
613:	782	
641:	711	
680:	610	
690:	618	642	659	736	831	835	848	895	1007	
706:	759	
732:	668	
807:	588	759	
816:	759	
834:	102	578	1020	
835:	102	1020	
849:	551	678	682	695	880	952	1025	
851:	588	706	727	898	915	932	961	984	991	1064	
869:	702	775	851	
891:	1049	
919:	568	892	1006	1007	
934:	610	
961:	716	
992:	573	
997:	699	
998:	699	
1019:	667	
1020:	667	
1022:	1053	
1052:	666	
1063:	993	
1071:	1005	
1090:	938	
1096:	117	668	
1097:	642	772	838	844	
1119:	1036	
1123:	570	
1131:	948	
1132:	820	
1135:	573	655	709	786	853	899	930	960	1002	1019	
1136:	573	655	709	786	853	899	930	960	1002	1019	
1152:	598	
1160:	793	
1183:	832	
1192:	595	978	
1203:	908	
1256:	950	
1269:	805	
1270:	613	
1273:	1015	
1275:	620	
1286:	720	
1327:	964	
1359:	627	
1365:	102	974	
1367:	102	953	1050	
1372:	102	871	
1378:	577	
1384:	947	
1388:	553	648	
1391:	1017	
1392:	950	
1403:	585	
1404:	566	629	668	686	765	913	918	
1408:	102	1055	
1413:	1009	
1422:	653	
1431:	822	
1457:	779	961	
1465:	890	
1493:	857	
1505:	1049	
1510:	765	
1520:	923	1055	
1537:	857	
1545:	648	947	
1550:	779	961	1015	
1554:	828	
1555:	1008	
1556:	751	
1560:	705	925	952	
1562:	552	
1563:	613	994	
1569:	994	
1612:	810	877	921	
1613:	810	
1614:	921	
1615:	877	921	
1624:	584	607	891	901	
1637:	576	583	595	674	724	739	781	937	
1642:	576	595	674	
1646:	724	739	
1653:	117	118	553	583	606	673	704	838	851	891	932	990	995	
1661:	685	
1662:	685	
1676:	1009	
1677:	1009	
1702:	102	810	849	877	889	934	1018	1054	1065	
1708:	102	934	1018	
1709:	573	713	957	
1711:	102	255	596	614	623	624	635	647	686	699	705	708	716	723	727	728	729	734	735	741	756	760	764	766	769	774	779	782	798	802	803	806	814	817	819	825	846	849	866	868	882	885	893	906	910	914	919	932	937	942	948	950	951	957	964	967	984	985	992	993	994	995	1001	1003	1014	1018	1030	1033	1046	1050	1053	1059	1065	
1720:	957	
1727:	769	
1732:	573	605	630	654	658	709	718	810	909	916	934	962	
1736:	1009	
1757:	760	
1759:	685	
1763:	939	
1796:	803	955	988	
1800:	599	683	
1807:	734	
1815:	982	
1817:	822	
1822:	822	
1824:	761	
1828:	761	
1841:	869	
1842:	563	964	
1846:	779	795	913	918	1048	
1859:	741	
1868:	102	553	615	649	822	834	925	
1874:	553	615	649	822	
1901:	632	646	660	775	852	923	1028	1038	
1904:	957	
1910:	676	702	1002	1022	
1917:	890	
1934:	863	
1935:	863	
1954:	1065	
1987:	863	
1994:	866	
2014:	1006	
2024:	591	636	642	645	656	705	735	748	779	791	821	831	834	846	883	892	894	895	900	967	978	985	989	995	1021	1058	
2027:	735	748	779	821	895	900	985	995	
2040:	834	892	
2069:	814	
2080:	878	
2085:	737	970	1020	
2087:	977	
2088:	117	118	123	563	568	573	575	577	581	600	620	647	655	658	691	707	709	710	712	716	718	722	729	739	747	748	757	758	766	769	772	776	779	803	819	841	843	844	858	862	889	898	899	908	911	914	931	934	937	940	941	964	967	983	996	999	1000	1002	1003	1005	1006	1011	1024	1041	1046	1052	
2094:	691	
2099:	766	911	931	
2100:	967	
2130:	102	552	553	556	566	574	598	599	615	617	629	642	649	650	659	662	668	672	676	685	687	693	696	705	711	713	727	731	732	737	749	763	766	801	803	806	810	811	815	823	825	829	831	835	849	872	892	893	894	906	913	918	920	925	928	940	948	950	957	962	976	979	983	984	992	1009	1011	1018	1019	1020	1029	1030	1036	1050	1054	1055	1065	
2132:	737	
2147:	566	629	686	765	913	
2149:	925	
2153:	872	
2176:	875	918	
2178:	102	
2190:	717	
2202:	948	
2203:	948	
2204:	948	
2208:	727	
2213:	866	
2218:	1018	
2241:	573	861	934	
2256:	554	561	571	581	584	589	597	601	634	647	653	684	709	737	740	744	747	769	777	787	795	811	819	858	873	888	923	941	944	959	967	997	1000	1005	1028	1041	1045	1052	
2259:	571	584	597	601	634	653	740	744	777	787	923	997	1041	1045	
2260:	584	
2261:	601	
2282:	551	568	572	633	646	686	716	718	734	738	739	741	762	770	774	778	802	803	814	848	852	878	896	916	931	936	942	948	960	1006	1011	1022	1058	
2284:	936	1011	
2290:	946	
2294:	694	696	823	872	
2297:	255	552	615	702	737	891	1000	1062	
2301:	255	
2331:	784	920	
2338:	898	
2346:	750	
2355:	715	
2363:	638	715	738	750	759	780	859	963	1013	1023	
2366:	775	1029	
2372:	814	
2373:	814	
2375:	767	
2377:	958	
2378:	591	617	770	788	809	843	939	1003	1062	
2390:	720	771	815	853	896	1051	
2404:	1015	
2423:	804	
2433:	568	882	916	958	964	999	
2445:	836	
2465:	633	
2474:	894	
2489:	552	782	785	
2492:	798	
2505:	798	
2519:	646	668	830	833	852	858	873	934	951	997	1046	
2535:	629	872	
2537:	731	
2581:	746	
2601:	102	993	
2610:	808	
2619:	734	
2623:	915	
2626:	729	
2632:	957	
2645:	557	601	772	774	814	831	844	846	871	906	934	964	966	992	994	1021	1031	1041	1045	1050	1053	1055	
2646:	557	772	774	814	906	934	966	992	994	1031	
2659:	117	674	
2661:	674	
2664:	102	
2680:	896	
2684:	720	
2690:	123	
2700:	123	557	592	602	610	704	735	741	757	898	925	933	946	948	950	956	997	1033	1051	1057	
2701:	950	1033	1057	
2703:	610	
2706:	592	602	735	741	948	956	1051	
2742:	909	
2751:	779	
2785:	754	
2816:	102	553	554	561	569	571	577	578	589	594	601	606	613	616	617	634	649	653	674	683	724	727	729	744	772	775	777	795	831	838	841	844	859	868	881	883	889	914	920	923	928	930	933	936	944	957	959	971	995	997	998	1020	1021	1031	1038	1050	1051	1055	
2821:	841	928	
2824:	775	
2835:	102	936	957	
2839:	601	
2840:	552	
2855:	811	
2856:	811	
2873:	579	697	873	909	948	
2879:	713	803	913	976	983	999	
2892:	830	
2902:	686	956	
2922:	563	
2944:	117	
2962:	622	646	852	854	938	1063	
2972:	683	
2978:	577	
2982:	583	
2983:	798	
2984:	798	
3044:	860	
3054:	683	
3056:	589	648	683	792	857	892	
3070:	892	
3074:	689	
3080:	770	
3086:	608	647	1007	1041	
3087:	780	861	1001	
3090:	985	
3093:	737	
3095:	573	
3115:	746	821	1024	
3120:	877	
3125:	853	
3141:	811	
3142:	811	
3160:	102	
3182:	814	
3221:	1007	
3237:	556	571	593	597	598	601	648	653	662	674	707	724	747	751	784	790	813	821	823	824	828	835	873	889	907	947	958	982	987	995	1009	1011	1021	1038	1052	1062	
3242:	828	
3259:	882	
3263:	1053	
3267:	850	
3312:	567	
3317:	737	
3321:	555	556	561	573	598	599	600	601	620	626	642	645	659	662	673	678	689	707	712	713	714	724	739	747	748	751	754	758	759	768	785	792	795	801	803	806	808	821	824	835	846	862	874	889	895	896	907	918	937	941	942	948	951	958	966	982	983	985	988	1011	1022	1030	1038	1052	1058	1063	
3327:	918	
3330:	1046	
3336:	714	
3348:	596	
3363:	959	
3381:	568	603	608	627	668	746	770	775	821	891	947	950	1050	
3389:	571	598	659	769	861	874	
3396:	795	796	999	
3399:	1006	
3401:	753	
3406:	645	776	791	
3410:	670	894	
3411:	938	
3417:	727	
3420:	669	882	
3424:	644	
3425:	610	733	777	888	889	1051	1055	
3431:	898	
3443:	950	
3444:	950	
3445:	607	
3452:	607	
3469:	552	
3484:	615	
3492:	117	123	255	556	557	565	567	572	585	587	590	596	598	602	603	606	624	625	628	629	635	637	638	640	641	642	645	650	656	657	661	662	664	672	676	678	680	685	686	688	691	692	693	694	696	697	699	700	705	710	711	726	727	731	735	738	742	747	749	750	751	752	759	762	763	765	766	768	770	771	775	778	779	782	792	795	799	801	802	803	805	806	807	808	812	813	814	815	821	823	824	825	826	827	835	841	846	849	853	857	866	869	871	872	879	885	887	892	894	896	899	900	902	906	907	910	913	915	917	920	921	922	927	930	939	943	944	948	950	952	953	954	962	964	965	967	973	974	975	976	978	979	982	984	985	986	991	992	993	994	998	1003	1014	1017	1018	1019	1020	1023	1029	1030	1032	1033	1034	1036	1049	1052	1053	1054	1055	1057	1058	1060	1064	
3499:	841	930	
3501:	606	918	
3507:	824	
3515:	583	676	802	942	972	
3516:	593	627	635	769	964	
3547:	733	
3562:	691	
3612:	993	1022	1053	
3632:	843	
3650:	822	
3677:	754	876	
3687:	830	
3688:	747	763	909	937	
3691:	909	
3701:	960	1047	
3706:	580	
3741:	697	933	
3801:	784	913	
3802:	784	913	
3865:	637	763	838	849	1030	
3875:	635	764	849	893	937	942	1018	
3876:	635	764	849	893	937	942	1018	
3878:	763	
3879:	763	
3882:	882	893	
3883:	882	893	
3890:	838	978	
3891:	978	
3893:	580	660	830	833	858	
3894:	660	830	833	858	
3920:	734	
3942:	742	
3951:	944	
3961:	691	
3967:	125	
3974:	645	
3975:	1001	
3976:	556	608	662	797	
3979:	556	662	
3982:	1015	
3987:	887	
3992:	716	
3993:	804	957	1051	
4002:	710	
4037:	831	
4081:	831	1018	
4085:	856	
4088:	801	
4089:	876	
4091:	728	
4093:	728	
4106:	595	978	
4112:	1040	
4114:	685	
4130:	583	756	
4131:	776	
4168:	717	
4169:	717	
4173:	786	
4178:	896	
4231:	613	
4245:	769	858	
4248:	808	846	948	
4251:	118	653	804	1048	
4254:	725	
4282:	776	
4297:	908	
4304:	801	
4322:	732	754	
4334:	613	
4403:	988	
4405:	615	
4417:	900	
4419:	867	
4441:	948	
4443:	578	598	633	667	735	813	818	866	895	981	1022	1053	1063	1064	
4448:	1064	
4450:	1064	
4502:	760	
4514:	782	
4515:	1065	
4526:	962	
4546:	708	
4575:	562	563	610	649	653	667	695	714	716	750	842	845	856	912	958	1029	1033	1063	
4577:	562	610	649	667	845	856	912	958	
4578:	562	610	649	667	845	856	912	958	
4584:	102	664	808	827	953	993	1030	1050	
4604:	1033	
4610:	573	853	
4622:	557	808	827	902	934	993	
4640:	767	
4678:	685	
4716:	882	893	
4717:	577	739	
4726:	570	686	892	
4727:	686	892	
4747:	1013	
4772:	940	
4774:	1009	
4778:	583	676	802	942	972	
4784:	583	676	802	942	972	
4807:	740	787	817	996	1057	
4809:	1040	
4810:	1040	
4812:	563	573	583	631	655	709	718	722	723	729	739	757	758	843	889	911	970	999	1010	
4818:	552	557	776	808	866	907	985	1013	1052	1053	
4822:	953	1050	
4829:	557	598	668	676	688	750	763	782	849	879	896	906	979	984	988	994	1018	
4830:	984	
4831:	896	
4849:	556	598	662	754	821	834	
4850:	555	588	598	628	659	743	746	749	754	785	809	813	835	841	874	876	918	962	981	1004	1022	
4851:	555	883	971	
4853:	636	656	958	
4880:	655	772	844	889	937	997	1050	
4886:	599	
4891:	828	
4902:	683	1029	
4907:	683	
4917:	784	
4919:	1054	
4926:	753	
4938:	859	
4949:	1063	
4952:	1063	
4953:	1009	
4989:	776	
4990:	1036	
5008:	774	
5011:	587	
5019:	737	
5025:	919	1046	
5027:	919	1046	
5056:	583	
5062:	915	
5064:	734	
5074:	1057	
5077:	775	
5078:	775	
5110:	554	1031	
5123:	964	
5143:	696	784	920	1049	
5187:	610	
5215:	950	
5227:	672	693	
5236:	552	656	659	682	697	743	962	
5240:	102	853	
5257:	964	
5270:	746	
5280:	634	
5289:	875	
5315:	627	702	
5326:	577	
5342:	716	
5365:	766	
5407:	736	1006	
5422:	740	
5448:	661	
5449:	774	
5454:	612	652	707	712	918	1011	1064	
5465:	1009	
5466:	1009	
5491:	123	124	770	903	
5500:	786	
5507:	566	629	685	686	765	781	849	913	1030	
5515:	596	
5518:	891	
5631:	841	889	
5641:	874	
5653:	584	617	
5658:	603	609	680	697	800	894	975	
5703:	642	
5704:	642	
5744:	574	
5763:	857	
5764:	699	
5771:	575	961	
5772:	575	961	
5775:	792	
5801:	792	
5816:	678	835	981	1004	
5817:	1004	
5831:	825	
5863:	581	
5876:	720	
5904:	117	124	
5905:	124	
5917:	964	
5918:	906	
5920:	620	710	729	735	748	762	766	776	782	882	898	934	953	960	993	996	1006	1052	
5921:	710	882	934	960	996	1052	
5934:	815	835	1040	
5948:	913	
5951:	735	
5959:	814	
6020:	605	630	654	909	
6021:	605	630	654	909	
6027:	632	746	
6042:	553	557	598	649	741	749	906	
6046:	668	792	991	
6047:	668	792	991	
6053:	623	812	
6060:	611	
6061:	838	
6069:	611	623	819	1022	1048	
6080:	808	
6081:	954	
6083:	615	925	968	1063	
6084:	7	588	632	736	808	861	866	867	923	938	968	992	1028	
6088:	861	
6091:	632	702	716	851	
6108:	577	
6110:	577	
6115:	686	906	
6118:	649	724	
6146:	633	
6162:	774	
6195:	556	662	
6222:	765	
6241:	857	
6281:	565	615	637	727	801	879	889	950	984	1003	1033	1065	
6293:	722	
6300:	902	
6323:	802	
6364:	1049	
6369:	557	562	624	648	797	857	895	912	958	
6371:	623	
6380:	1061	
6382:	568	600	983	
6390:	684	
6401:	687	
6405:	623	
6430:	735	942	
6449:	779	
6472:	1039	
6481:	588	
6490:	653	
6498:	696	
6549:	841	930	
6560:	793	938	1012	
6568:	606	608	629	658	676	687	709	735	737	765	769	817	820	866	895	954	971	988	993	1020	1053	
6571:	993	
6573:	715	1013	
6620:	927	
6649:	597	740	787	
6650:	597	740	787	
6745:	618	1030	1065	
6746:	1030	
6753:	925	
6757:	887	
6760:	730	767	932	1000	1059	
6761:	932	
6762:	767	932	
6773:	117	
6774:	867	
6778:	102	577	648	682	710	813	883	
6796:	853	
6800:	841	928	1050	
6811:	650	678	806	808	914	962	983	
6812:	806	
6833:	573	580	718	806	
6844:	592	602	620	956	967	
6849:	672	
6861:	727	821	
6864:	943	
6891:	735	
6896:	930	
6935:	965	
6937:	680	
6979:	574	693	731	765	823	872	896	913	920	
6980:	574	
7025:	1037	
7026:	892	
7028:	583	632	
7029:	931	
7056:	627	942	977	
7057:	627	942	
7067:	556	557	558	633	645	662	676	689	695	699	705	754	756	783	791	846	876	1033	
7068:	676	699	754	
7072:	754	
7073:	645	676	791	
7078:	653	
7087:	590	603	627	636	638	645	693	707	735	748	752	766	808	816	824	825	907	918	937	954	1007	1009	1040	1041	1045	1052	
7094:	1009	
7096:	590	627	748	808	907	1007	1040	1041	1045	1052	
7099:	771	
7100:	771	
7104:	779	
7106:	676	
7113:	803	
7116:	102	117	568	577	578	591	595	598	599	600	608	611	612	618	623	630	636	638	648	656	659	672	678	682	689	704	710	712	713	718	737	743	746	749	754	757	768	776	783	785	795	802	803	806	809	810	813	821	829	834	846	853	866	874	876	877	880	883	884	885	887	888	898	899	909	918	930	932	934	936	941	945	953	955	961	962	966	967	978	981	982	983	984	991	995	996	999	1003	1005	1006	1007	1013	1022	1053	1054	1055	
7117:	737	
7121:	1054	
7128:	945	
7133:	596	786	827	887	950	993	1004	
7137:	866	
7144:	962	
7145:	559	911	
7148:	649	831	918	936	1021	1050	1054	1055	
7150:	957	
7151:	556	582	600	624	630	662	699	718	769	770	803	806	808	878	890	916	941	947	964	983	1002	1011	1053	1062	
7154:	741	
7156:	904	
7171:	977	
7172:	977	
7184:	647	1007	
7187:	857	
7251:	572	727	759	774	778	814	824	
7274:	590	
7301:	711	
7306:	102	587	602	615	633	649	735	795	811	936	956	959	1020	1021	1048	
7308:	795	1048	
7315:	633	
7317:	102	936	
7329:	589	623	720	878	882	940	951	960	977	997	1022	1027	1033	1046	
7331:	589	
7334:	1013	
7338:	571	584	594	616	653	739	740	811	819	866	914	944	997	1044	
7342:	117	596	
7351:	555	578	883	1021	1050	
7352:	743	806	824	885	894	988	
7381:	594	
7384:	567	668	676	759	779	961	976	
7398:	676	699	754	
7401:	592	779	781	956	1044	1051	
7419:	791	
7422:	1053	
7423:	1014	
7427:	850	
7458:	813	
7508:	798	
7533:	746	1063	
7573:	784	920	1025	
7580:	801	
7585:	589	604	647	875	928	940	1005	1006	1007	1008	1040	1041	1042	1045	
7588:	588	650	795	834	966	
7591:	917	920	
7593:	672	984	
7637:	124	866	893	1014	1048	
7667:	620	
7684:	603	741	756	776	810	906	943	948	1019	1022	
7701:	810	
7749:	779	
7778:	603	642	645	680	735	801	808	821	834	957	969	1033	1052	
7780:	834	
7799:	645	1033	
7812:	710	
7813:	809	
7818:	649	720	
7826:	792	
7833:	553	613	761	
7839:	117	118	562	649	661	667	702	716	761	826	856	892	912	1019	1031	
7858:	938	
7867:	999	
7874:	776	
7917:	1034	
7923:	734	
7925:	734	
7936:	942	
7937:	570	584	674	679	730	767	844	862	914	932	977	988	1059	
7941:	982	
7943:	860	
7947:	942	
7955:	741	
7985:	627	
7997:	603	
7999:	587	
8000:	734	
8002:	566	567	568	775	896	903	946	948	983	1022	
8006:	646	852	923	1039	
8013:	586	596	1031	
8017:	734	767	
8031:	602	616	730	734	737	816	844	848	862	882	885	896	932	1064	
8037:	734	
8058:	573	
8071:	734	
8072:	555	
8095:	618	
8121:	812	
8135:	907	
8140:	750	
8183:	675	724	
8194:	716	
8197:	562	588	598	638	649	656	667	695	706	749	813	818	824	829	842	865	876	889	903	912	918	925	958	981	991	1004	1063	1064	
8198:	706	1064	
8199:	588	
8203:	1064	
8216:	588	710	810	818	853	1049	
8235:	792	809	838	
8252:	820	
8271:	778	
8282:	778	
8288:	778	
8314:	750	
8317:	750	
8369:	577	
8370:	577	
8450:	581	
8454:	944	
8459:	766	
8472:	892	
8473:	892	
8483:	687	864	
8486:	734	
8519:	599	
8524:	867	
8525:	867	
8555:	798	
8567:	954	
8572:	255	
8584:	964	
8616:	734	
8634:	255	615	781	1015	
8638:	615	901	
8648:	867	875	1042	
8671:	584	632	633	732	825	1012	1021	
8672:	732	
8687:	645	754	791	1033	1039	1048	
8699:	672	
8700:	588	861	
8702:	945	
8706:	668	
8756:	830	
8784:	981	
8787:	977	1059	
8797:	1028	
8818:	630	729	999	
8821:	636	
8827:	803	875	
8828:	803	875	
8834:	580	605	704	729	743	809	834	841	843	916	964	1024	
8842:	761	
8851:	732	
8882:	870	
8886:	585	600	612	637	660	691	707	712	713	747	803	833	858	904	909	941	955	983	1011	
8887:	585	600	612	637	660	691	707	712	713	747	803	833	858	904	909	941	955	983	1011	
8949:	757	911	
8973:	637	
9023:	1027	
9091:	944	
9092:	944	
9123:	825	
9125:	771	
9129:	895	
9139:	578	
9171:	910	
9182:	853	
9237:	633	996	
9239:	574	624	744	893	
9267:	716	
9279:	922	
9297:	988	
9298:	988	
9321:	935	
9325:	900	
9336:	868	891	
9360:	868	
9371:	868	
9376:	947	
9382:	102	760	790	950	974	1046	
9384:	556	656	662	749	783	785	797	846	874	876	
9390:	734	850	
9404:	976	
9430:	744	
9431:	574	760	790	848	
9472:	1009	
9480:	767	
9492:	892	910	
9494:	948	
9495:	948	
9502:	888	
9503:	888	
9504:	888	
9525:	948	
9532:	595	950	978	
9541:	579	584	603	615	653	668	697	708	777	795	800	817	873	924	988	997	
9546:	800	
9547:	579	603	697	708	800	817	873	
9550:	653	
9559:	867	
9573:	1009	
9576:	1009	
9579:	775	
9581:	623	711	867	1056	
9589:	553	608	648	801	
9591:	607	
9599:	760	790	867	950	
9604:	760	1046	
9605:	760	
9610:	930	963	
9658:	631	1003	
9666:	642	710	846	895	
9712:	949	
9723:	710	
9724:	710	
9754:	588	702	854	924	970	1030	
9763:	556	662	
9766:	706	
9797:	629	649	672	693	695	696	731	872	903	913	
9799:	672	696	872	913	
9806:	639	
9841:	617	
9872:	740	
9901:	1055	
9933:	790	
9934:	790	
9969:	980	
10018:	1013	
10039:	950	
10049:	7	579	587	592	599	707	708	746	752	760	790	792	800	802	818	849	876	888	891	941	944	953	966	974	982	984	985	988	998	999	1015	1022	
10052:	7	579	599	746	752	760	790	800	818	849	876	888	891	953	966	974	982	984	985	998	1015	
10053:	7	579	599	752	760	790	800	818	849	876	888	891	953	966	974	982	984	985	998	1015	
10061:	585	618	634	656	672	689	703	707	713	740	747	748	749	760	783	800	803	835	868	874	883	921	941	944	947	950	967	974	987	989	1001	1007	1011	1018	1039	1064	1065	
10066:	1039	
10107:	823	
10110:	683	790	
10113:	635	
10129:	960	
10144:	609	683	868	1027	
10149:	975	
10150:	683	868	
10165:	778	815	849	1003	1011	
10166:	849	
10170:	1065	
10172:	556	662	894	941	
10175:	894	
10179:	579	827	834	853	
10184:	1064	
10185:	1064	
10187:	750	
10189:	7	573	898	914	1000	1005	1006	1011	1025	
10214:	1033	
10219:	1033	
10248:	734	
10254:	117	572	579	601	629	684	727	734	738	762	766	770	776	778	803	811	813	887	896	955	966	1019	1033	1064	
10257:	601	684	
10263:	552	758	804	806	974	1015	1022	
10277:	598	737	932	934	936	1029	
10285:	1029	
10321:	744	795	801	
10323:	987	
10325:	603	660	680	817	830	833	858	894	898	
10333:	699	
10334:	699	
10335:	699	
10347:	801	
10349:	878	919	951	997	
10352:	878	
10354:	997	
10356:	569	632	646	673	702	714	719	753	796	816	848	851	852	854	867	881	923	924	933	938	970	990	1064	
10357:	569	632	646	673	702	714	719	753	796	816	848	851	852	854	867	881	923	924	933	938	970	990	1064	
10358:	571	624	732	
10360:	584	599	668	714	801	893	
10375:	915	
10380:	967	
10385:	932	
10388:	808	997	1065	
10398:	878	
10410:	1013	
10413:	783	
10415:	935	
10424:	255	
10461:	827	
10496:	123	
10497:	123	
10510:	926	
10598:	650	
10604:	648	
10611:	778	
10612:	778	
10656:	850	
10668:	102	1020	
10684:	618	
10688:	562	569	578	598	616	642	646	678	706	714	777	816	835	842	848	852	856	862	880	895	907	912	918	938	958	971	1004	1025	1052	1053	1060	1061	1063	1064	
10709:	892	
10727:	808	1065	
10737:	559	881	
10738:	895	
10749:	586	607	621	684	701	720	836	859	909	920	947	1019	
10771:	588	
10772:	588	
10784:	972	
10785:	580	605	843	964	1024	
10786:	843	964	
10787:	1038	
10792:	734	
10799:	597	787	
10838:	878	
10851:	741	
10861:	761	
10864:	767	
10866:	767	
10894:	917	
10900:	582	890	
10905:	861	
10947:	888	
10994:	890	
10996:	618	
11000:	734	
11054:	757	
11057:	1049	
11059:	782	
11060:	687	782	988	
11061:	866	
11062:	866	
11063:	866	
11068:	937	
11073:	722	943	
11074:	722	943	
11075:	619	767	
11095:	605	809	843	964	
11096:	864	
11105:	830	
11116:	1049	
11118:	727	
11133:	867	1063	1064	
11136:	653	
11137:	593	661	726	819	943	984	1023	1060	
11144:	672	984	1065	
11150:	672	984	
11151:	672	984	
11173:	1009	
11174:	1009	
11177:	102	615	701	727	859	920	936	
11181:	859	
11189:	102	
11193:	701	920	
11195:	994	1039	
11198:	994	
11206:	557	629	672	692	693	694	696	731	823	827	913	984	
11211:	943	
11221:	943	
11227:	558	876	
11229:	786	
11230:	786	
11255:	563	593	668	759	
11275:	255	596	722	932	1002	
11278:	255	
11294:	992	
11304:	577	
11311:	553	599	802	846	1014	1057	
11366:	918	
11388:	914	
11390:	913	
11393:	598	654	716	727	754	756	781	822	841	866	894	928	932	936	996	1013	1021	1033	1050	1065	
11418:	978	
11421:	849	
11423:	596	
11424:	838	
11425:	820	
11451:	732	
11462:	767	
11497:	668	
11513:	857	
11564:	117	559	881	
11586:	564	637	866	893	1005	1057	
11594:	728	
11601:	627	875	
11603:	1063	
11604:	897	
11605:	783	
11610:	102	551	552	553	555	561	566	568	575	576	583	587	591	595	601	602	603	606	609	611	623	626	627	647	649	658	665	674	684	697	704	713	724	772	781	795	800	817	838	848	889	919	923	930	932	934	936	944	959	962	968	971	977	990	995	1021	1025	1038	1043	1055	
11624:	581	
11649:	762	
11650:	623	779	
11655:	688	885	
11659:	566	875	
11665:	882	
11680:	760	
11686:	919	
11706:	255	737	978	1029	
11730:	1029	
11780:	1030	
11799:	878	
11800:	878	
11803:	878	
11840:	993	
11841:	845	958	
11855:	609	883	1027	
11891:	899	976	
11900:	823	
11945:	566	
11964:	566	
12049:	1028	
12051:	755	934	1029	
12084:	613	670	
12088:	553	556	562	578	588	598	662	797	818	861	874	883	912	1004	
12091:	579	
12100:	715	
12108:	587	
12109:	587	
12124:	716	
12135:	857	
12155:	809	
12173:	556	662	
12175:	572	
12177:	572	
12211:	779	961	
12259:	834	
12304:	749	792	824	834	1033	1054	
12306:	1033	
12318:	613	
12349:	613	
12371:	581	
12378:	800	873	
12392:	860	
12399:	743	805	829	1054	1055	
12400:	743	805	829	1054	1055	
12407:	834	
12409:	828	
12413:	865	892	1029	
12416:	1029	
12433:	653	668	828	
12436:	860	
12464:	1009	
12470:	1009	
12495:	600	
12496:	943	
12498:	772	
12499:	552	811	
12507:	552	
12542:	740	787	
12555:	857	
12569:	710	
12594:	653	1063	
12621:	633	
12622:	633	
12654:	918	
12663:	641	
12665:	966	
12682:	936	1028	
12688:	578	586	598	621	678	682	684	685	699	701	706	765	784	813	821	827	880	884	913	920	952	1025	
12689:	699	
12690:	682	813	880	884	952	
12691:	701	
12698:	748	
12699:	767	
12743:	996	
12748:	761	
12776:	1052	
12779:	918	
12787:	791	846	
12788:	615	901	
12814:	806	967	
12833:	588	752	797	801	861	876	991	1022	
12947:	599	892	
12949:	599	892	
12950:	599	
12962:	772	844	
12993:	582	
12995:	820	
13011:	613	
13017:	601	
13043:	685	
13054:	814	
13059:	563	
13066:	809	
13072:	629	686	872	
13078:	553	608	648	857	
13084:	745	
13102:	999	
13109:	653	
13113:	828	860	951	
13121:	716	
13128:	763	875	925	
13136:	982	
13144:	861	
13154:	648	
13206:	727	988	1054	
13240:	607	
13241:	798	
13249:	775	822	
13301:	622	878	
13324:	124	
13328:	599	722	776	864	
13341:	786	
13359:	571	601	684	829	860	1035	1037	1061	
13387:	850	
13429:	581	
13438:	774	778	
13453:	700	
13494:	769	
13495:	557	568	570	931	1014	
13497:	654	756	781	996	
13498:	567	580	756	996	
13499:	654	
13502:	624	
13511:	692	
13512:	606	693	823	
13516:	866	
13522:	848	
13525:	102	562	572	598	628	638	695	749	774	778	814	818	821	824	834	861	903	912	937	958	975	981	986	991	1017	1033	1064	
13531:	598	695	749	824	903	981	991	
13534:	638	986	
13538:	821	
13540:	572	774	778	814	
13553:	588	695	853	
13588:	556	578	603	650	662	680	746	752	874	883	944	952	962	981	1004	
13592:	578	752	874	
13621:	898	
13627:	589	
13640:	589	
13658:	766	
13668:	683	1046	
13677:	997	1001	1046	
13678:	1001	1046	
13701:	1033	
13706:	1065	
13729:	553	621	
13766:	788	1058	
13799:	575	611	1058	
13841:	102	556	578	587	591	595	602	606	616	636	638	653	662	705	724	735	741	745	748	808	831	834	835	841	846	866	883	887	928	930	936	967	978	983	995	1021	1054	1055	
13849:	117	606	
13851:	1021	
13883:	857	
13899:	569	616	959	
13907:	556	562	582	598	632	659	662	716	762	874	912	1062	
13949:	949	
14012:	817	
14023:	658	
14033:	918	
14055:	555	656	746	876	
14056:	773	
14060:	835	867	
14123:	1059	
14198:	607	761	
14208:	761	
14224:	857	
14288:	1004	
14300:	1000	
14309:	7	
14333:	860	
14351:	918	
14353:	918	
14362:	748	776	813	967	1054	
14364:	1054	
14367:	683	889	
14375:	791	
14380:	656	
14382:	1001	
14388:	727	
14417:	599	1064	
14471:	816	
14476:	822	1033	
14486:	822	
14500:	859	944	
14539:	570	
14570:	613	
14573:	792	919	951	997	
14601:	715	
14614:	1009	
14629:	563	573	591	616	617	638	642	646	655	668	676	704	709	729	733	767	770	775	786	788	801	809	841	843	844	852	889	928	930	932	934	939	946	956	957	964	967	1010	1015	1019	1029	1051	1053	1064	
14632:	775	1029	
14635:	668	
14692:	849	
14693:	849	
14745:	892	
14753:	124	
14770:	750	
14779:	888	
14795:	575	961	
14815:	850	
14816:	896	
14818:	994	
14841:	1001	
14850:	866	
14851:	716	
14861:	598	
14871:	638	
14873:	1003	
14902:	633	1013	
14903:	633	1013	
14927:	964	
14958:	102	553	615	617	653	723	822	826	831	841	889	928	956	1010	1028	1063	
14973:	956	
14977:	889	
14992:	102	615	624	930	944	1055	
14996:	1003	
15018:	572	598	692	774	778	811	814	936	
15021:	562	577	610	618	649	667	845	856	912	958	998	
15036:	1016	
15040:	629	
15044:	584	
15078:	584	617	689	725	803	844	858	862	997	1022	1049	
15087:	862	
15091:	617	725	
15101:	686	
15105:	686	
15126:	814	
15144:	598	650	656	749	772	775	853	1064	
15150:	598	955	983	
15175:	648	892	910	1014	
15177:	7	
15193:	1065	
15205:	551	954	
15214:	720	
15253:	683	
15257:	651	695	706	886	924	974	
15267:	811	
15274:	553	833	857	
15280:	561	564	584	633	638	651	783	861	878	890	891	896	956	997	1002	1003	1048	1057	
15299:	737	
15319:	613	
15355:	892	
15365:	767	
15374:	583	
15398:	609	
15422:	572	
15480:	783	
15498:	1013	
15510:	615	857	993	
15542:	934	
15543:	881	
15569:	824	
15587:	687	
15616:	630	655	704	729	841	889	930	960	984	996	999	1000	1019	1047	
15637:	1049	
15647:	862	
15648:	595	978	
15711:	552	814	
15715:	814	
15733:	1017	
15740:	759	
15757:	892	910	
15758:	892	910	
15794:	568	999	
15828:	553	566	568	599	604	647	688	885	892	896	926	1006	1007	1040	1041	1042	1045	1057	
15829:	1057	
15832:	834	
15849:	574	593	637	722	810	853	921	942	960	1001	1049	
15873:	123	565	567	572	585	587	598	603	625	628	629	637	638	642	645	656	657	661	664	672	676	680	686	688	692	696	700	705	710	726	727	731	735	742	750	751	752	759	762	763	765	768	770	771	775	778	779	782	799	801	802	803	805	806	807	808	812	814	815	821	824	825	826	827	846	849	853	857	866	869	872	879	885	887	892	894	900	902	906	907	910	913	917	921	922	927	943	944	948	950	953	954	962	964	965	967	973	975	976	978	982	984	985	986	992	993	998	1003	1014	1017	1018	1023	1029	1030	1032	1033	1034	1036	1049	1052	1058	1060	1064	
15875:	599	631	718	898	906	
15881:	102	551	552	554	572	579	586	602	608	615	617	621	623	624	627	629	649	658	668	672	685	692	693	696	704	707	711	712	713	726	727	731	737	738	739	749	752	759	774	777	778	779	784	795	797	803	805	811	814	817	821	824	837	841	861	862	872	880	896	913	915	916	917	918	920	928	930	936	937	938	940	941	956	966	978	983	991	997	999	1006	1009	1011	1018	1019	1020	1021	1022	1025	1028	1031	1038	1046	1053	1060	1062	1064	1065	
15883:	915	
15885:	915	1060	
15889:	615	861	
15890:	102	608	
15897:	552	649	704	713	795	936	
15901:	999	
15905:	940	956	
15906:	672	880	1020	
15908:	737	784	
15914:	577	
15917:	661	997	
15932:	661	
15937:	951	
16004:	994	
16026:	1053	
16038:	1059	
16060:	931	
16086:	118	631	708	724	753	818	873	1062	
16109:	786	
16121:	650	866	1062	
16126:	672	
16142:	776	824	
16146:	824	
16148:	689	
16163:	642	706	746	752	801	883	903	958	
16167:	553	572	649	774	776	778	824	907	1050	
16183:	553	649	776	778	
16200:	862	
16238:	720	737	
16246:	574	637	763	910	
16251:	117	118	632	704	831	841	888	918	944	1028	1063	
16284:	834	
16285:	834	
16332:	705	782	866	
16334:	977	
16336:	705	
16337:	647	875	1007	1042	
16338:	705	
16339:	668	792	991	
16350:	830	
16373:	576	
16374:	572	639	
16386:	892	
16422:	686	
16432:	984	
16457:	687	
16465:	716	
16493:	716	
16515:	1024	
16544:	810	
16548:	864	
16552:	948	
16553:	1050	
16555:	1005	
16560:	756	866	
16562:	745	760	950	
16569:	1016	
16570:	564	583	
16571:	637	705	925	1033	
16572:	705	
16573:	957	1051	
16586:	716	
16595:	627	739	
16596:	739	
16599:	986	
16618:	756	846	
16619:	756	846	
16665:	1059	
16672:	622	633	810	815	857	964	1009	
16674:	815	
16683:	880	
16691:	754	
16716:	691	
16720:	584	617	723	843	1028	
16733:	255	766	
16737:	857	
16777:	814	
16778:	814	
16784:	692	
16802:	687	705	764	782	864	942	977	988	1059	
16803:	687	782	
16807:	864	
16863:	1062	
16876:	600	
16877:	595	978	
16883:	957	
16884:	1059	
16890:	598	
16895:	687	782	
16898:	566	568	
16900:	679	
16911:	1009	
16916:	1053	
16920:	699	902	
16949:	598	
16972:	767	
16986:	803	
16990:	686	
16993:	866	
16999:	686	
17001:	587	
17003:	686	
17024:	982	
17025:	910	
17064:	727	
17076:	984	
17115:	892	
17116:	892	
17136:	857	
17154:	705	1033	
17169:	689	
17171:	864	
17203:	1001	
17213:	687	
17222:	1059	
17246:	633	720	834	838	861	
17277:	1059	
17282:	875	
17283:	875	
17300:	993	
17349:	792	801	
17383:	1036	
17385:	947	
17390:	857	
17429:	558	592	620	623	802	836	868	882	916	951	
17433:	562	591	600	605	620	642	653	654	660	667	691	707	713	739	747	748	803	845	856	858	909	912	916	935	941	958	983	1012	1044	
17453:	801	
17485:	1058	
17508:	767	
17523:	974	
17529:	559	919	933	951	997	
17557:	945	
17566:	624	
17594:	849	
17599:	734	
17600:	655	
17663:	616	768	1015	1065	
17687:	727	
17693:	1064	
17700:	830	
17711:	774	
17732:	819	
17809:	978	
17813:	779	
17814:	627	803	906	908	941	955	973	983	1050	
17815:	803	906	1050	
17816:	908	
17817:	964	
17836:	595	
17858:	572	774	778	814	999	
17861:	595	
17877:	861	
17893:	124	557	593	627	635	648	689	857	893	1025	
17932:	124	
17933:	124	
17957:	915	
17983:	915	
17997:	831	
17998:	825	
17999:	825	
18033:	879	
18041:	560	
18048:	648	
18092:	735	
18109:	699	
18116:	867	
18135:	722	734	1049	
18145:	567	831	
18160:	746	
18175:	775	
18213:	779	935	
18241:	699	
18261:	892	
18271:	1049	
18272:	1049	
18277:	653	
18286:	696	
18291:	560	908	
18293:	829	
18313:	1059	
18331:	1052	
18339:	651	
18349:	925	
18352:	722	767	943	
18353:	722	
18364:	847	
18385:	1009	
18397:	1009	
18399:	1009	
18403:	1009	
18404:	1009	
18407:	1009	
18410:	1009	
18424:	1009	1054	
18445:	709	729	889	1010	
18458:	557	
18459:	739	935	
18460:	1030	
18485:	609	697	
18495:	618	
18510:	869	
18537:	943	
18547:	759	
18563:	738	
18600:	592	602	623	779	781	956	1044	1051	
18657:	552	599	607	634	653	740	795	873	888	901	934	1029	
18666:	927	
18681:	884	
18692:	1052	1053	
18716:	803	1033	
18732:	685	
18733:	814	
18792:	754	
18797:	580	718	
18798:	580	
18844:	669	
18871:	979	1003	
18892:	641	
18899:	853	1049	
18902:	857	
18903:	124	
18927:	906	
18938:	592	
18944:	864	
18961:	632	653	772	844	959	
18981:	766	
19018:	583	
19022:	583	591	598	600	601	616	634	713	727	734	735	771	779	861	863	866	878	882	894	908	976	983	985	997	1000	1010	1014	1015	1054	
19030:	583	591	598	600	616	713	727	734	735	771	779	878	882	894	908	983	985	1000	1010	1014	1015	1054	
19032:	596	766	
19036:	596	
19046:	583	
19065:	583	
19079:	814	
19113:	677	
19132:	605	609	868	1027	
19133:	609	868	1027	
19173:	953	1050	
19201:	758	
19214:	580	718	
19236:	674	
19245:	814	
19247:	814	
19275:	785	876	896	
19279:	918	943	
19303:	858	
19304:	683	697	800	817	837	963	
19320:	653	
19343:	687	
19359:	757	
19360:	768	982	987	1063	
19369:	255	
19373:	916	934	
19401:	729	1000	
19403:	583	
19404:	627	
19466:	123	
19487:	770	780	
19491:	720	
19493:	556	662	
19510:	828	
19541:	590	601	890	891	997	
19580:	572	774	
19581:	774	
19593:	123	125	255	
19600:	829	869	
19622:	588	628	653	746	861	1063	1064	
19623:	588	628	746	861	1063	
19624:	780	867	
19653:	857	
19669:	1059	
19688:	710	
19701:	1053	
19710:	992	
19715:	622	1025	
19718:	992	
19723:	618	
19727:	596	
19733:	596	
19736:	716	
19740:	556	662	813	
19745:	1009	
19748:	615	
19761:	7	773	
19769:	938	
19776:	255	
19777:	124	
19778:	123	124	125	
19780:	903	
19782:	124	
19784:	125	
19786:	117	
19787:	123	124	
19789:	987	
19791:	117	118	
19793:	596	
19794:	123	255	
19795:	123	255	
19798:	124	
19799:	117	
19800:	255	596	
19801:	596	
19802:	117	118	
19803:	117	
19805:	578	640	
19809:	716	
19814:	954	994	1053	
19818:	824	
19819:	1053	
19820:	653	698	716	752	
19821:	698	
19822:	824	
19824:	716	1053	
19825:	653	
19828:	861	1052	1053	
19829:	954	994	1053	
19835:	622	867	
19872:	897	
19873:	825	
19909:	591	592	593	596	600	623	636	648	650	656	658	659	682	689	711	712	713	717	735	743	758	767	795	805	806	823	824	834	843	866	874	880	909	940	966	974	981	982	987	1011	1015	1022	1053	
19917:	738	759	963	1023	
19918:	738	759	963	1023	
19924:	836	
19927:	808	
19929:	886	1038	
19958:	649	
19961:	619	
19972:	716	
19975:	992	
19976:	824	
20000:	766	
20008:	761	892	
20012:	631	
20016:	948	
20043:	981	
20052:	824	954	1053	
20078:	596	
20101:	617	673	848	851	968	990	
20108:	798	
20115:	556	662	
20164:	724	960	
20187:	804	
20194:	1013	
20214:	780	
20216:	968	
20225:	737	
20255:	760	
20265:	1059	
20266:	779	961	
20267:	779	961	
20279:	716	767	821	
20280:	821	
20284:	580	751	
20286:	864	
20289:	918	
20290:	767	
20291:	1059	
20314:	556	662	
20318:	668	685	831	896	1018	1052	1054	
20323:	685	
20331:	977	
20336:	595	779	978	
20338:	588	
20343:	570	584	633	674	679	687	689	730	734	764	767	836	844	862	866	882	893	914	932	942	977	986	988	1043	1057	1059	1060	
20345:	1060	
20346:	561	868	1044	
20366:	1033	
20367:	744	
20401:	1035	
20404:	255	555	569	578	584	588	615	616	618	628	633	642	646	650	660	678	679	682	698	714	730	746	754	768	777	786	796	816	830	835	852	856	862	866	880	887	932	937	942	944	946	952	971	982	987	1004	1022	1028	1038	1063	1064	
20406:	569	578	646	678	714	816	835	852	880	971	1063	1064	
20408:	569	646	714	777	852	932	944	952	987	1028	1038	1064	
20410:	645	
20421:	639	
20509:	1059	
20510:	1059	
20549:	741	
20561:	565	
20578:	707	
20593:	941	983	
20596:	1049	
20599:	584	
20619:	1047	
20628:	1058	
20653:	817	859	
20658:	837	
20668:	812	869	
20669:	812	
20670:	812	
20672:	720	861	925	1002	1052	
20679:	633	882	
20700:	766	
20711:	1049	
20728:	876	
20729:	834	853	
20739:	642	808	
20740:	589	
20749:	909	
20752:	680	969	1041	1042	1045	
20761:	572	993	996	1013	
20765:	993	
20774:	572	
20787:	735	771	961	
20790:	656	749	797	869	876	
20791:	656	749	797	876	
20795:	709	
20802:	896	
20818:	984	
20826:	716	
20888:	727	
20893:	588	615	629	638	718	727	738	741	765	779	783	834	853	946	962	982	987	1062	1065	
20895:	616	830	
20924:	798	925	
20941:	900	
20966:	688	
20991:	587	591	595	950	978	
20992:	595	950	978	
21012:	953	
21013:	553	556	662	
21014:	864	
21020:	556	557	572	598	662	676	686	687	699	705	710	722	749	751	762	766	771	776	778	808	810	824	825	827	849	866	878	887	892	894	899	906	907	910	948	950	954	966	979	984	988	991	992	993	994	1006	1013	1033	1036	1053	1065	
21022:	993	1006	
21023:	993	1006	
21024:	699	907	
21028:	778	
21029:	572	
21031:	749	
21038:	735	1053	
21046:	563	747	810	838	849	934	948	987	1049	
21055:	589	599	608	626	648	695	792	1036	
21063:	554	569	582	584	593	594	601	616	632	633	637	651	653	668	702	717	720	753	775	788	794	798	817	825	871	881	890	929	968	982	990	997	1003	1031	1062	
21069:	871	
21073:	668	710	735	953	985	998	1017	
21081:	710	735	953	985	998	
21101:	734	
21112:	255	564	615	798	878	951	993	997	1014	
21119:	572	708	734	795	1039	1046	1050	1053	
21129:	595	978	
21139:	773	
21140:	871	
21148:	833	893	
21149:	833	
21254:	949	
21259:	808	825	997	
21270:	102	125	571	584	587	597	601	602	649	653	740	787	811	923	936	1020	1021	
21283:	102	587	602	649	811	936	1020	1021	
21348:	668	828	860	
21359:	828	860	
21362:	668	828	
21422:	954	
21423:	824	
21424:	808	825	
21430:	808	
21436:	808	
21464:	766	
21471:	581	
21501:	123	644	
21502:	644	
21527:	556	561	566	586	588	590	608	614	621	627	629	651	653	662	665	679	684	701	705	707	732	740	748	751	768	769	784	790	804	808	821	829	830	835	857	887	889	900	907	909	915	920	937	953	959	961	987	1003	1007	1022	1025	1031	1040	1041	1042	1045	1052	1058	
21558:	681	735	
21568:	583	951	
21578:	735	
21622:	683	
21646:	840	
21656:	1050	
21678:	1033	
21695:	683	
21696:	683	
21744:	669	
21759:	957	
21760:	957	
21775:	618	
21779:	762	
21793:	757	758	
21810:	577	
21814:	853	
21815:	853	1019	
21816:	722	
21817:	873	
21818:	575	819	
21827:	592	602	620	623	636	727	741	762	779	781	815	935	936	948	956	961	967	989	1044	1048	1051	
21832:	784	963	972	1048	
21840:	869	
21848:	821	
21862:	952	1063	
21863:	1014	
21872:	1006	
21875:	603	680	817	894	
21883:	860	1039	
21886:	775	
21887:	819	
21905:	723	753	838	843	938	
21912:	603	
21919:	720	
21929:	629	
21931:	734	
21932:	589	609	680	789	800	969	
21936:	600	869	1033	
21952:	988	
22007:	1053	
22016:	683	
22018:	583	
22020:	1017	
22027:	979	
22044:	769	
22064:	892	898	
22065:	684	701	920	
22112:	750	
22139:	613	670	
22173:	881	970	
22180:	892	
22202:	940	
22212:	800	
22215:	740	787	
22221:	1059	
22227:	1001	
22233:	774	778	
22234:	774	
22238:	778	
22252:	697	
22272:	927	
22300:	102	577	648	682	710	883	
22301:	894	
22302:	1040	
22311:	1009	
22322:	571	
22361:	571	624	732	
22367:	998	1047	
22372:	869	
22419:	614	
22443:	595	978	
22444:	595	978	
22447:	595	978	1001	
22448:	595	978	
22455:	1001	
22458:	588	
22480:	614	856	
22481:	614	
22490:	771	782	948	
22494:	556	588	598	624	662	727	735	741	766	776	810	827	829	866	880	894	950	952	953	954	966	984	1033	
22502:	613	638	881	889	918	
22525:	757	911	
22533:	710	
22625:	687	782	
22631:	1019	
22632:	1019	
22633:	734	
22644:	950	
22726:	955	
22736:	585	600	612	691	707	712	713	747	803	858	893	904	909	941	955	983	1011	
22737:	803	875	
22738:	612	712	713	904	1011	
22739:	123	566	585	633	635	674	679	711	720	722	727	735	747	757	893	904	911	919	934	1014	
22740:	635	
22741:	893	904	
22746:	893	1014	
22747:	679	
22748:	1014	
22756:	914	
22757:	574	585	633	658	707	712	858	875	893	898	908	909	941	955	983	1003	1005	1010	1011	
22758:	898	
22771:	1053	
22783:	117	118	594	702	775	838	851	891	990	1012	
22810:	664	
22826:	648	
22840:	551	
22885:	952	
22893:	909	
22913:	767	
22914:	657	
22926:	711	
22949:	566	
22957:	669	
22962:	850	
22963:	1049	
22979:	637	
22984:	582	
22989:	761	
23000:	638	715	738	750	759	780	859	944	963	1013	1023	
23001:	715	759	1023	
23023:	623	
23028:	984	
23032:	571	596	723	993	
23035:	998	
23036:	838	
23049:	825	
23056:	559	815	834	
23094:	617	710	721	735	771	814	861	879	898	902	953	979	985	998	1030	1054	
23100:	1030	
23145:	1033	
23173:	641	
23185:	618	
23189:	618	1063	
23241:	913	
23312:	1006	1008	
23313:	1006	1008	
23337:	774	
23348:	1049	
23362:	759	
23400:	611	
23435:	123	
23436:	123	
23456:	786	
23460:	906	
23478:	683	
23498:	993	
23499:	935	
23500:	935	
23511:	687	
23512:	687	988	
23533:	581	
23534:	581	
23535:	581	
23571:	598	638	746	749	752	829	1029	
23624:	552	
23637:	598	615	629	638	642	649	650	653	672	680	685	692	693	696	726	727	731	752	765	805	811	815	821	834	853	872	883	903	913	917	943	944	952	982	1032	1052	1065	
23646:	727	
23655:	811	
23656:	811	
23668:	915	
23674:	951	
23690:	593	
23709:	688	
23716:	1049	
23719:	1006	
23720:	598	760	1017	
23721:	734	
23723:	598	856	1030	
23728:	627	
23740:	896	
23742:	810	877	921	
23756:	706	
23762:	906	
23783:	915	
23786:	627	921	1030	1050	
23787:	921	
23789:	688	
23790:	566	567	568	688	885	1008	1040	
23791:	885	
23792:	895	
23798:	571	1038	
23801:	735	847	
23802:	782	
23803:	735	
23810:	558	642	722	811	891	893	896	957	1015	1039	
23824:	563	741	
23828:	594	697	735	753	825	863	883	
23829:	697	
23831:	825	
23834:	818	
23844:	825	966	
23845:	825	966	
23849:	948	
23870:	866	
23883:	688	
23884:	564	578	896	976	1036	1057	
23885:	640	
23886:	866	
23892:	564	756	892	1014	
23893:	716	
23895:	1014	
23899:	570	936	956	1050	
23900:	936	
23904:	614	705	782	866	948	967	
23906:	853	
23910:	7	590	811	913	1033	
23946:	664	894	925	
23973:	869	
23982:	1052	
23985:	996	1019	
23990:	1019	
23992:	937	
23997:	850	
24005:	850	
24035:	954	
24040:	954	
24055:	779	
24056:	993	
24058:	627	1035	
24063:	738	
24064:	738	
24073:	786	
24077:	791	
24079:	867	
24080:	735	
24095:	942	
24106:	717	
24111:	557	605	655	704	729	834	841	843	853	916	964	1000	1002	
24112:	896	
24113:	575	819	
24114:	575	819	
24120:	580	605	704	729	743	809	834	841	843	916	964	1024	
24127:	575	587	591	592	602	611	617	623	637	779	781	788	804	819	882	883	890	900	936	945	961	1044	1046	1048	
24132:	935	
24139:	1033	
24143:	1033	
24146:	793	
24155:	597	
24182:	810	
24184:	595	978	
24187:	878	
24192:	964	
24246:	255	
24247:	255	
24255:	255	778	
24330:	653	
24335:	686	
24342:	1050	
24375:	582	
24386:	759	792	961	1015	
24407:	579	943	1054	
24429:	587	
24443:	123	567	573	587	620	638	658	691	718	727	738	765	767	770	779	786	791	849	853	876	883	887	895	952	955	962	976	982	987	1003	1053	
24449:	658	
24454:	700	
24458:	567	568	602	645	806	866	900	967	994	1021	
24459:	567	568	602	645	866	1021	
24465:	554	556	632	662	783	827	874	891	913	996	999	1020	1031	
24487:	741	826	
24509:	737	773	
24538:	1047	
24540:	556	600	662	712	713	758	806	821	937	1022	
24600:	717	
24607:	953	
24636:	615	649	685	759	763	831	849	930	933	941	951	984	997	1062	
24641:	649	685	763	831	849	941	1062	
24681:	583	593	633	635	722	734	741	751	763	817	942	944	948	964	983	987	1059	
24684:	948	
24687:	583	593	763	964	983	
24689:	705	
24691:	655	729	916	960	1000	1002	1019	
24692:	1019	
24695:	832	
24745:	950	
24747:	950	
24749:	892	
24751:	102	
24752:	583	
24753:	605	633	679	893	951	960	999	1046	
24777:	553	584	969	
24786:	594	655	789	866	888	969	
24803:	866	
24825:	610	
24845:	7	117	118	552	564	571	578	579	584	591	595	599	601	611	616	617	620	646	648	649	653	680	681	683	697	702	707	730	740	744	752	760	772	775	780	788	790	800	811	816	817	818	831	835	838	841	844	849	851	852	854	855	859	873	876	881	882	888	889	891	918	923	924	928	933	944	946	947	953	957	959	966	969	970	974	982	984	985	997	998	1000	1007	1015	1020	1028	1029	1054	1055	1062	1063	
24852:	102	552	573	623	626	649	773	811	848	928	930	932	940	963	1000	1056	
24860:	930	
24866:	102	848	
24888:	811	
24906:	866	
24907:	627	689	802	836	862	891	983	1002	1046	1048	
24910:	715	738	
24914:	589	
24919:	817	
24927:	977	
24947:	608	
24970:	716	
24971:	716	
24974:	716	
24975:	1049	
24978:	791	
24991:	653	777	
24996:	651	653	684	702	716	717	719	784	796	797	836	842	857	862	908	924	938	947	976	990	
25011:	761	
25023:	857	
25029:	653	723	777	886	923	946	951	997	
25033:	653	777	
25049:	660	
25100:	790	
25106:	890	905	945	
25112:	551	553	554	564	569	578	584	601	607	615	616	621	622	632	642	646	653	666	673	678	689	702	714	716	717	719	733	736	737	744	772	775	777	811	816	817	848	851	852	854	886	890	923	924	932	933	936	938	944	946	952	959	968	970	987	990	997	1010	1012	1025	1028	1031	1038	1052	1053	1054	1055	1056	1063	1064	
25113:	851	1012	
25114:	569	578	584	622	646	666	714	736	737	772	848	851	852	886	924	933	944	987	1056	1064	
25115:	642	
25136:	894	
25143:	846	
25154:	1011	
25169:	812	
25172:	734	
25181:	814	
25193:	734	
25196:	828	
25202:	1005	
25217:	642	710	846	895	
25218:	829	
25219:	762	813	
25220:	762	813	
25221:	734	
25224:	786	
25251:	762	
25256:	741	
25374:	822	863	
25375:	822	863	
25423:	824	951	
25436:	578	
25445:	811	
25447:	123	830	900	920	953	
25451:	923	1055	
25469:	599	
25498:	744	795	816	
25502:	698	
25503:	843	964	
25511:	577	
25514:	1018	
25516:	564	
25527:	577	
25538:	773	
25551:	1017	
25566:	716	
25567:	664	965	967	1018	
25578:	576	
25601:	597	787	
25612:	597	601	621	653	716	740	787	1025	
25613:	597	601	621	653	716	740	787	1025	
25667:	588	
25673:	982	
25681:	683	
25689:	898	
25710:	689	777	
25711:	689	
25719:	921	
25737:	728	979	
25777:	572	749	
25831:	818	
25871:	679	
25873:	716	
25877:	664	
25881:	687	
25899:	892	
25923:	685	692	693	694	696	731	805	823	917	1062	
25934:	645	776	791	1053	
25947:	918	
25953:	598	
25959:	603	
25974:	664	
25977:	592	601	624	633	659	672	723	739	776	782	821	866	876	877	880	890	894	899	918	982	1033	
25978:	592	601	624	633	672	723	776	782	866	876	880	890	894	899	918	982	
25979:	578	
25980:	578	
25988:	554	
25992:	761	
26003:	596	
26097:	860	
26099:	860	
26127:	863	
26138:	255	
26153:	599	761	865	
26167:	761	
26288:	857	
26291:	757	
26293:	767	866	
26344:	943	976	
26355:	720	
26358:	598	
26376:	647	875	1007	1042	
26378:	985	
26382:	767	866	
26392:	723	728	927	
26402:	729	960	1002	1019	
26403:	557	960	1002	
26404:	1059	
26406:	1059	
26425:	1030	
26428:	899	
26444:	584	
26448:	887	
26458:	1063	
26483:	689	
26484:	898	1047	
26558:	581	745	887	957	1035	1059	
26562:	957	
26563:	745	887	1035	
26568:	572	658	920	985	
26571:	1009	
26581:	620	748	779	961	1044	
26582:	779	961	1044	
26583:	748	
26585:	659	1019	
26587:	657	757	
26588:	605	657	743	806	809	834	843	853	899	928	930	934	960	962	964	965	1019	1049	
26589:	630	657	658	704	738	786	996	1010	1019	
26590:	630	658	709	
26591:	699	
26592:	1049	
26593:	563	573	580	899	931	1000	1049	
26594:	563	655	934	964	
26596:	557	563	573	580	605	630	654	655	658	659	687	689	704	709	718	724	729	738	743	809	834	841	843	853	889	893	899	916	928	930	931	934	960	962	964	984	996	999	1000	1002	1010	1019	1024	1049	1050	1057	
26597:	659	743	809	834	962	
26599:	704	724	841	899	916	930	1002	1010	
26600:	964	1002	
26601:	724	
26602:	1049	
26605:	786	
26609:	738	786	964	
26610:	775	
26611:	655	704	709	809	841	843	930	964	1010	1019	
26612:	786	
26613:	1059	
26614:	1059	
26615:	656	
26616:	659	809	962	964	
26617:	722	943	1004	
26619:	996	
26620:	722	
26621:	722	
26622:	930	960	999	1019	
26623:	889	931	996	
26624:	655	
26625:	996	
26626:	650	699	
26628:	950	
26629:	659	809	962	
26635:	810	877	
26637:	810	998	
26640:	651	
26649:	117	
26660:	1006	
26663:	869	
26664:	869	
26679:	913	967	
26681:	967	
26708:	686	
26710:	935	
26725:	714	
26728:	735	1051	
26754:	804	
26775:	660	833	858	
26784:	925	
26787:	552	561	586	621	634	684	740	867	
26788:	628	698	
26795:	751	
26799:	593	
26800:	593	
26801:	593	
26803:	618	719	848	
26804:	796	875	
26806:	569	632	646	673	701	702	714	719	736	796	816	851	852	854	886	923	925	933	944	946	968	970	990	1028	1063	
26825:	734	842	
26832:	618	718	843	
26840:	577	586	588	651	760	784	881	933	948	950	970	974	1028	1062	
26841:	577	
26848:	593	989	
26853:	552	615	649	727	811	834	925	984	
26854:	984	
26865:	857	
26888:	813	
26889:	806	
26897:	1016	
26900:	575	587	591	592	602	611	617	620	770	779	788	804	819	883	890	900	936	942	945	956	957	977	1016	1044	1046	1048	1051	1058	1059	
26902:	1016	
26903:	575	587	591	592	602	611	617	620	770	779	788	804	819	883	890	900	936	945	956	957	1044	1046	1048	1051	1058	
26931:	102	
26964:	777	
26965:	777	
26985:	895	
26988:	672	
27003:	857	
27025:	864	
27034:	927	
27035:	574	593	627	635	672	751	1050	
27038:	751	
27043:	817	
27049:	942	
27059:	556	662	
27125:	906	
27138:	892	
27139:	577	705	
27140:	577	
27141:	627	
27143:	255	553	589	599	608	626	648	649	695	706	716	717	792	857	896	910	938	947	976	1025	1036	1041	
27144:	608	648	649	
27152:	628	
27155:	723	728	
27158:	723	728	927	
27159:	927	
27160:	723	728	
27164:	723	728	
27165:	728	927	
27166:	637	723	728	866	927	
27167:	723	
27168:	728	
27179:	783	
27181:	866	
27187:	783	
27193:	564	583	866	
27208:	803	
27217:	1017	
27219:	991	
27225:	746	
27227:	746	
27238:	991	
27241:	712	
27242:	904	
27243:	909	
27275:	102	117	556	571	612	649	662	672	682	712	719	749	759	772	831	844	853	880	887	889	918	936	937	944	955	957	971	1003	1020	1021	1030	1050	1054	1055	1065	
27276:	612	712	
27277:	719	1054	1055	
27292:	983	
27295:	563	766	841	911	928	930	931	
27296:	943	
27311:	686	
27313:	877	
27316:	951	
27365:	627	
27414:	557	
27417:	892	
27458:	866	
27459:	798	
27463:	814	
27466:	774	
27472:	587	
27485:	997	
27524:	967	
27541:	551	801	813	884	
27553:	553	599	695	716	
27554:	695	
27567:	974	
27576:	553	624	650	653	699	716	754	777	
27577:	650	699	754	777	
27578:	553	896	
27598:	850	
27611:	743	
27623:	563	573	580	605	630	654	655	658	704	709	718	724	729	834	841	843	853	899	916	930	931	934	962	964	996	1010	
27627:	638	752	1033	
27635:	778	827	
27637:	765	853	884	
27641:	913	
27642:	913	
27658:	939	
27675:	562	646	661	667	708	716	761	816	826	828	845	856	867	912	930	938	958	1063	
27680:	816	
27702:	572	774	778	811	814	936	
27722:	985	
27825:	551	773	
27826:	615	
27837:	734	790	
27839:	679	
27843:	551	554	561	586	615	621	634	653	665	684	701	732	740	744	773	784	795	920	959	987	1025	1031	1038	1056	
27845:	1009	
27850:	1012	
27879:	613	968	990	
27882:	949	
27894:	678	
27901:	1062	
27920:	102	584	606	607	613	616	617	704	775	925	928	1054	1063	
27930:	553	562	588	595	616	645	649	749	776	778	824	831	853	861	912	954	966	993	
27931:	595	954	
27936:	650	699	759	824	1020	1029	1033	1057	
27941:	699	
27977:	918	
27981:	781	
27985:	680	
28077:	102	555	573	629	691	718	765	779	803	916	931	1011	1053	
28082:	642	735	900	967	
28228:	618	627	849	892	1050	
28229:	627	849	892	1050	
28241:	716	
28302:	577	
28303:	577	
28306:	734	737	
28308:	734	
28312:	701	
28313:	701	
28314:	664	
28316:	664	
28317:	558	
28319:	664	
28320:	564	
28321:	702	
28327:	776	
28330:	664	776	
28331:	664	
28332:	776	
28333:	776	
28335:	776	1053	
28339:	864	
28340:	741	866	
28350:	597	
28396:	632	736	
28403:	740	
28414:	906	
28429:	1013	
28436:	757	
28437:	623	989	
28445:	821	
28458:	650	982	1022	
28485:	688	939	967	974	1009	1016	
28509:	1053	
28539:	123	596	611	691	727	769	782	810	882	938	984	1013	1024	1053	
28541:	782	
28542:	596	611	1024	
28548:	984	
28560:	740	
28567:	123	584	592	601	623	633	658	668	740	790	868	878	882	891	916	919	940	951	997	1000	
28572:	790	878	
28573:	868	
28600:	689	
28601:	1059	
28604:	622	
28616:	553	587	603	645	676	770	772	846	892	900	932	989	1021	1023	1033	
28638:	815	
28642:	117	118	613	708	
28645:	117	118	
28649:	869	
28661:	102	925	934	
28662:	934	
28668:	578	584	615	617	683	704	714	719	733	740	753	841	859	860	883	888	889	923	928	930	936	944	946	957	995	997	1028	1050	1054	1055	1062	1063	
28685:	837	888	
28690:	800	
28694:	1009	
28697:	620	748	
28732:	695	
28747:	790	
28748:	1015	
28751:	983	
28754:	613	
28775:	969	
28806:	878	
28846:	866	
28887:	815	
28888:	815	
28942:	822	
28943:	822	
28949:	633	651	
28973:	584	
28975:	584	
29009:	907	
29020:	907	
29027:	710	
29041:	1032	
29050:	890	
29091:	1025	
29093:	1025	
29115:	892	
29118:	728	
29119:	728	
29167:	661	
29170:	760	
29203:	664	
29204:	689	
29206:	689	
29208:	1009	
29222:	810	
29247:	647	1007	
29263:	860	
29272:	598	856	1030	
29273:	598	856	1030	
29288:	727	782	
29302:	577	633	798	
29324:	771	
29331:	552	588	593	598	638	650	752	797	834	989	1022	
29332:	593	989	
29334:	689	1046	
29347:	835	
29353:	846	948	
29355:	124	557	564	587	590	591	611	623	637	645	756	792	797	802	819	836	846	882	883	893	900	945	972	1014	1022	1046	1048	1058	
29356:	645	900	1022	1046	
29357:	1022	1046	
29377:	1064	
29378:	1064	
29400:	834	
29402:	555	556	578	590	591	598	599	600	616	618	628	633	642	650	656	659	662	678	682	712	713	735	743	746	749	752	754	765	768	783	785	809	813	821	829	834	835	849	853	876	880	883	884	918	920	952	960	962	971	982	983	986	987	1011	1022	1052	
29403:	656	743	754	785	809	813	821	876	880	884	920	962	1011	1022	
29407:	653	
29454:	629	
29562:	669	847	
29580:	831	882	1057	
29596:	1033	
29612:	716	
29638:	864	
29655:	759	801	
29659:	815	
29662:	552	
29721:	928	
29760:	838	
29767:	827	
29790:	768	
29826:	667	716	845	
29827:	562	618	649	667	716	818	845	856	912	958	991	1052	1063	
29845:	636	641	727	762	770	771	883	956	957	967	1058	
29846:	801	936	
29847:	587	
29848:	602	741	748	
29849:	255	653	699	901	957	
29850:	901	
29851:	956	1044	
29853:	935	
29854:	1006	
29855:	617	961	
29856:	255	557	615	653	672	699	771	849	857	862	870	993	1039	
29861:	255	615	993	
29865:	587	
29869:	586	732	
29870:	1015	
29871:	592	602	720	737	781	802	
29873:	255	
29878:	1058	
29880:	123	623	779	1027	1044	1051	
29881:	771	
29884:	935	
29885:	575	592	620	623	779	781	1015	1051	
29887:	819	
29889:	1048	
29892:	779	
29903:	577	
29905:	892	
29906:	892	
29940:	556	662	
29956:	727	741	815	967	
29958:	741	
29959:	812	815	1051	
29976:	841	928	954	
29989:	708	
29993:	595	978	
30023:	1063	
30032:	612	
30060:	1059	
30069:	782	
30081:	653	
30082:	924	
30091:	993	
30092:	998	
30101:	605	
30109:	648	
30126:	802	
30137:	734	
30152:	587	
30182:	994	
30192:	873	
30201:	741	
30228:	803	
30241:	1015	
30259:	967	
30326:	985	
30358:	124	
30359:	580	843	916	964	1024	
30362:	783	
30365:	642	
30367:	964	
30430:	895	
30455:	766	
30488:	766	
30492:	826	
30508:	750	
30523:	800	
30551:	580	
30552:	580	
30575:	650	910	954	966	993	
30576:	650	910	954	966	993	
30580:	619	767	
30585:	998	
30587:	1014	
30596:	964	
30607:	563	573	580	605	630	654	655	658	704	709	718	724	729	834	841	843	853	899	916	930	931	934	962	996	1010	
30693:	778	
30694:	778	
30703:	750	
30704:	750	
30744:	603	
30753:	576	
30773:	811	
30789:	843	964	
30818:	573	596	611	637	688	691	705	712	724	727	729	751	759	763	779	802	819	866	882	892	894	908	911	914	916	928	948	950	976	993	1036	1040	1041	1042	1045	1053	1055	
30826:	596	
30828:	691	
30832:	808	
30835:	568	1030	
30852:	642	
30876:	810	
30880:	125	
30902:	635	
30997:	679	
31015:	896	914	978	
31016:	914	
31019:	102	553	584	616	632	653	674	704	724	730	772	775	822	831	841	844	889	928	936	946	1054	1055	1062	1063	
31021:	584	616	653	674	704	724	730	831	841	889	1054	1055	1062	1063	
31022:	584	616	653	730	831	841	889	1054	1055	1062	1063	
31031:	720	862	
31035:	750	
31057:	551	
31074:	586	780	
31079:	833	
31104:	1063	
31123:	984	
31128:	623	760	
31173:	921	
31201:	750	
31203:	750	
31208:	750	838	
31214:	747	
31215:	585	600	612	637	660	691	707	712	713	747	803	833	858	904	909	941	955	983	1011	
31240:	633	963	
31243:	813	
31283:	875	
31301:	628	
31315:	627	
31334:	570	
31369:	896	
31377:	657	
31401:	720	
31444:	996	
31462:	594	
31509:	656	748	752	1060	
31551:	626	
31569:	807	
31570:	573	625	628	663	668	735	742	760	795	799	826	835	853	871	940	950	967	1015	1018	
31571:	835	
31574:	967	
31637:	1049	
31651:	887	
31664:	605	
31671:	117	124	255	585	587	605	614	687	893	899	976	991	1010	1059	
31673:	117	
31674:	117	
31678:	624	
31685:	564	583	590	756	802	836	866	882	918	942	972	976	1022	1025	1061	
31785:	745	
31786:	655	
31791:	687	
31796:	893	
31831:	918	
31840:	1015	
31841:	1045	
31845:	553	695	792	885	896	938	976	1036	
31846:	792	
31847:	1036	
31849:	596	617	890	963	
31853:	562	912	
31860:	678	
31863:	878	
31865:	760	776	
31866:	776	
31868:	695	
31876:	853	
31881:	723	
31886:	642	
31889:	642	678	
31890:	642	
31893:	1003	
31913:	951	
31928:	596	
31934:	800	
31946:	752	
31948:	551	698	
31955:	954	
31971:	949	
32035:	864	
32056:	846	996	1058	
32059:	555	578	638	706	735	749	752	813	818	925	952	976	1029	1052	1064	
32070:	726	
32074:	734	
32092:	1009	1038	
32125:	102	572	595	611	623	689	774	778	814	936	950	966	1031	
32129:	803	
32136:	668	759	766	866	953	
32141:	672	754	950	
32143:	672	
32145:	754	
32147:	735	
32155:	877	
32171:	772	1028	
32204:	833	
32214:	880	
32215:	880	
32216:	678	716	734	848	862	971	1064	
32220:	785	901	
32228:	1049	
32229:	1049	
32239:	699	
32271:	650	813	861	941	1004	
32290:	725	
32303:	125	
32338:	1018	
32341:	882	
32342:	553	556	564	567	574	583	590	593	624	635	637	649	656	662	668	671	674	685	686	720	751	756	763	776	778	782	797	799	802	807	824	831	832	836	849	857	866	872	879	882	885	892	893	894	896	906	907	908	910	914	918	921	936	938	948	950	952	953	964	971	975	976	983	986	988	1014	1016	1018	1019	1021	1022	1030	1036	1037	1046	1050	1054	1055	1057	1060	
32343:	1057	
32345:	776	907	1050	
32346:	1054	
32348:	593	671	831	866	882	936	1021	1050	1054	1055	
32350:	649	831	918	936	1021	1050	1054	1055	
32355:	950	
32356:	824	
32357:	606	629	672	685	692	693	694	696	726	731	765	805	823	872	893	913	917	
32359:	584	618	944	
32360:	1004	
32361:	924	1028	
32362:	733	801	946	
32363:	574	627	753	838	848	857	947	990	
32364:	583	635	637	953	
32366:	637	
32367:	610	616	714	867	933	970	
32372:	1054	
32373:	553	631	632	646	673	702	714	753	816	848	851	852	867	881	886	923	924	990	1012	1028	1063	
32377:	827	
32378:	7	551	554	561	586	601	650	651	684	698	699	737	744	754	773	777	959	1012	1028	1031	1038	1039	
32380:	784	
32384:	699	902	
32385:	902	
32386:	699	
32388:	701	
32389:	621	1025	
32390:	1056	
32391:	7	555	565	578	584	597	598	606	615	616	618	628	629	638	642	650	653	668	672	678	680	682	693	694	699	706	726	732	744	746	752	765	768	777	795	805	811	813	817	821	823	829	835	849	852	861	867	872	880	913	918	923	933	944	946	952	959	982	987	1031	1032	1052	1063	1064	
32392:	616	653	829	
32393:	598	732	
32394:	606	629	672	693	694	726	805	823	872	913	
32395:	616	
32396:	880	944	
32397:	601	653	699	867	923	1028	
32400:	672	692	693	694	696	726	731	805	823	913	917	
32401:	554	586	923	959	987	1056	
32404:	1031	
32405:	701	719	1012	
32407:	586	
32408:	556	564	578	633	638	662	664	705	745	785	876	887	922	948	
32409:	572	637	686	705	745	756	802	887	906	950	953	985	995	1035	1050	
32411:	657	
32415:	595	978	1015	
32416:	595	978	
32417:	785	
32420:	770	1051	
32421:	559	569	588	616	632	638	653	685	692	693	694	696	714	719	726	733	736	801	805	823	861	881	890	933	946	968	990	1028	1062	
32422:	616	890	933	1062	
32425:	613	951	
32426:	613	
32443:	776	
32444:	776	
32445:	553	599	756	802	882	892	910	938	976	1057	
32446:	553	649	
32447:	1057	
32448:	824	1065	
32449:	1036	
32450:	885	
32451:	880	
32452:	880	
32455:	952	
32459:	776	
32486:	970	
32487:	580	
32491:	953	
32492:	595	978	
32494:	819	
32497:	864	
32512:	117	118	
32514:	734	
32516:	953	
32517:	953	
32519:	716	
32522:	898	
32524:	769	
32527:	664	
32531:	824	
32532:	1004	
32534:	981	
32535:	864	
32539:	613	
32550:	1045	
32551:	124	
32571:	846	
32572:	915	
32586:	858	
32594:	1019	
32598:	677	
32599:	677	
32609:	583	
32613:	767	829	
32671:	1030	
32710:	734	
32728:	915	
32739:	556	662	699	878	890	947	
32744:	734	
32765:	613	
32792:	561	
32814:	979	
32819:	582	620	711	779	786	853	890	1015	1048	
32825:	741	820	935	
32833:	810	
32857:	702	
32904:	708	
32905:	1001	
32923:	894	
32925:	864	
32936:	1017	
32937:	1017	
32944:	906	
32946:	625	
32958:	1063	
32971:	1059	
32974:	1018	
32975:	720	919	
32981:	783	
32983:	908	
32995:	864	
33001:	964	
33003:	801	1044	
33004:	801	1044	
33005:	801	
33006:	761	
33007:	716	
33010:	556	662	
33012:	668	
33018:	637	
33026:	849	
33028:	767	
33037:	692	
33078:	783	
33104:	597	601	621	740	787	1025	
33108:	846	
33127:	866	
33129:	125	
33131:	810	
33136:	125	
33139:	921	
33144:	866	
33148:	746	
33192:	828	
33200:	602	620	771	956	1044	1051	
33201:	745	964	1059	
33216:	584	616	
33236:	117	
33248:	1059	
33249:	1059	
33254:	857	
33255:	716	
33259:	804	
33273:	767	
33295:	784	
33361:	960	1019	
33379:	642	806	810	825	849	1030	
33380:	642	806	810	849	1030	
33420:	567	
