25:	225	278	482	566	651	
44:	417	428	489	587	
90:	421	
91:	416	421	422	425	427	436	439	443	456	457	460	471	472	492	495	496	513	514	515	
92:	603	
96:	416	418	421	436	443	457	462	465	471	490	492	494	495	496	503	514	515	520	531	536	
108:	557	
113:	691	
211:	448	
343:	581	
346:	581	
350:	32	130	278	285	305	415	417	425	427	429	430	431	437	438	439	441	442	445	448	453	457	459	460	466	468	473	474	477	481	489	492	493	494	496	507	509	512	514	520	532	535	537	561	563	566	567	581	586	595	603	615	622	645	646	656	660	669	671	673	677	681	683	694	701	710	712	714	715	
375:	412	468	
382:	421	426	430	431	433	435	449	456	457	460	465	478	490	495	497	498	502	514	529	531	691	
396:	592	
423:	507	
434:	440	486	506	575	710	
450:	305	530	548	555	593	600	604	612	643	680	708	711	714	716	
459:	604	708	714	
488:	649	
492:	481	557	566	594	698	
534:	239	
645:	637	
690:	456	684	
821:	415	416	418	435	443	452	455	459	460	481	482	490	514	515	531	
822:	514	
834:	549	
835:	549	
850:	444	513	
851:	369	414	421	450	456	463	490	513	524	529	531	580	667	
869:	454	500	506	525	528	600	604	606	
875:	525	
906:	656	715	
1088:	579	
1096:	633	706	711	
1139:	558	
1156:	543	643	649	651	654	692	
1158:	554	610	
1163:	684	
1173:	427	477	
1209:	361	466	
1210:	132	
1402:	578	
1404:	427	594	
1438:	592	
1473:	676	
1509:	506	649	692	
1520:	417	425	434	443	481	489	515	606	710	
1543:	225	305	546	572	598	630	643	681	
1609:	604	
1637:	425	434	443	515	
1642:	425	434	443	
1653:	428	432	460	494	506	509	515	529	545	698	705	
1702:	549	
1711:	91	132	285	441	479	514	581	612	
1736:	678	
1846:	710	
1891:	530	587	613	694	698	
1896:	493	
1901:	427	460	503	506	562	603	
1904:	558	
1910:	367	
1934:	283	446	543	619	686	
1939:	572	
2024:	91	278	459	480	537	546	548	567	575	582	606	611	617	625	628	632	634	638	649	651	652	659	666	676	703	
2035:	469	
2085:	710	
2130:	441	530	549	581	636	699	
2141:	636	
2147:	594	
2179:	558	
2221:	428	
2241:	594	652	678	
2242:	560	
2256:	132	432	507	534	557	570	593	603	611	643	662	692	
2282:	132	544	549	594	647	652	681	
2297:	32	442	491	575	593	679	
2350:	440	486	506	
2366:	627	
2390:	482	
2398:	594	
2415:	670	672	
2472:	414	415	416	417	421	426	434	438	444	450	453	457	458	459	460	463	464	470	471	472	474	481	489	490	492	493	495	498	500	501	503	507	508	514	515	520	531	536	556	695	709	
2473:	414	490	501	508	531	
2489:	91	593	
2492:	132	239	418	419	420	421	427	434	435	443	452	453	454	455	457	460	462	463	465	472	473	474	480	481	482	490	494	498	503	506	507	512	515	521	528	531	536	538	551	570	575	593	609	612	633	652	661	663	676	678	681	682	712	
2501:	418	419	420	421	427	434	435	443	452	453	454	455	457	460	462	463	465	472	474	481	482	490	494	498	503	507	512	515	521	531	536	551	570	
2519:	429	476	479	491	564	603	678	704	
2581:	514	
2591:	542	643	677	
2593:	604	
2631:	581	
2645:	285	549	606	656	678	
2646:	285	606	678	
2650:	414	
2685:	523	583	
2700:	637	
2814:	239	
2816:	416	418	427	428	432	433	436	437	443	456	459	481	494	496	498	503	513	514	515	549	566	567	583	594	600	611	646	674	691	
2835:	646	
2855:	278	423	693	
2873:	56	283	304	413	423	442	476	485	488	491	506	510	547	553	555	557	562	571	575	590	593	598	603	613	620	630	637	653	661	665	671	676	698	701	709	711	
2874:	661	
2879:	239	415	440	450	460	486	505	507	573	584	595	714	
2902:	456	490	531	
3056:	548	
3093:	438	
3213:	647	
3214:	647	
3237:	426	427	457	458	460	461	464	465	470	471	478	528	562	563	564	567	587	588	627	656	662	676	697	701	705	713	715	
3247:	713	
3261:	614	
3306:	621	
3308:	621	
3321:	419	420	421	450	453	460	482	494	515	581	622	664	702	708	
3328:	702	
3330:	421	433	490	531	536	
3349:	493	
3381:	132	413	447	500	556	606	
3396:	713	
3410:	225	274	278	305	451	546	560	572	575	584	598	613	615	630	635	648	650	651	671	676	677	681	685	692	700	702	
3416:	274	534	
3420:	461	593	
3425:	209	239	305	429	433	435	461	470	494	500	502	506	611	640	645	646	666	671	674	702	
3432:	495	
3433:	495	
3448:	512	
3457:	593	
3471:	278	453	476	479	514	
3472:	278	453	476	479	
3492:	56	91	132	274	278	285	304	305	361	369	413	429	432	440	441	442	447	486	488	497	506	509	519	529	530	532	534	539	542	543	544	549	550	552	553	555	557	560	561	564	565	566	569	577	581	585	586	591	593	595	598	603	606	609	617	619	620	624	627	631	634	635	636	641	651	652	656	661	665	669	670	671	672	676	677	679	681	683	684	685	690	692	693	696	697	699	702	709	710	715	716	
3501:	420	425	435	444	445	470	490	520	531	592	604	706	
3502:	706	
3508:	520	
3524:	361	566	590	665	678	711	
3529:	694	
3530:	540	
3542:	467	
3547:	427	456	490	493	514	531	563	583	656	705	715	
3548:	705	
3567:	528	540	593	645	656	664	695	708	715	
3570:	645	656	715	
3573:	656	715	
3677:	644	
3703:	558	
3705:	558	
3741:	206	423	433	448	459	466	468	477	499	542	564	601	606	612	623	656	678	695	697	715	
3841:	587	
3912:	592	
3913:	592	
3924:	649	
3929:	483	
3944:	639	
4069:	625	
4164:	481	
4173:	504	546	681	
4206:	558	
4207:	571	
4267:	524	
4334:	32	414	417	422	426	430	439	443	445	455	457	458	459	460	463	464	465	489	492	494	496	498	500	502	503	512	514	524	534	563	596	604	656	669	691	715	
4339:	669	
4405:	677	
4443:	652	
4446:	652	
4471:	593	
4498:	285	
4517:	608	617	643	
4537:	610	621	
4538:	278	
4559:	649	
4575:	577	643	
4584:	532	581	
4668:	652	
4684:	572	
4724:	578	
4741:	656	715	
4778:	594	
4818:	681	
4855:	713	
4857:	278	
4864:	599	
4880:	421	534	
4916:	574	
4926:	436	439	444	
4953:	550	
4976:	600	
5025:	637	
5143:	581	
5236:	497	539	542	586	692	
5270:	459	578	
5315:	527	
5381:	550	682	
5437:	600	
5454:	680	
5491:	132	
5493:	591	
5507:	594	
5519:	417	418	421	433	450	462	489	493	498	515	518	694	
5545:	699	
5546:	699	
5554:	713	
5624:	278	
5638:	550	
5639:	643	
5641:	431	
5653:	421	515	573	611	663	
5658:	56	91	132	206	225	239	274	278	283	285	304	305	361	369	396	413	423	429	432	433	440	441	442	446	447	451	469	473	476	480	486	488	497	506	509	517	519	520	528	529	532	534	537	539	542	543	544	547	550	552	553	554	555	556	559	560	561	564	565	566	569	572	575	577	582	583	584	585	586	591	593	595	598	600	603	605	606	609	610	612	613	615	617	619	620	629	630	632	635	636	642	643	647	649	650	651	652	653	658	661	664	665	667	669	670	671	674	676	677	679	681	683	684	685	687	689	691	692	694	696	697	698	700	702	707	708	710	712	715	
5664:	652	
5681:	342	440	486	506	577	651	
5688:	540	
5747:	570	
5792:	592	
5800:	530	
5850:	685	
5920:	548	580	
5921:	548	
5922:	576	
5934:	496	656	715	
6027:	130	427	448	472	495	606	
6032:	595	
6058:	548	
6115:	652	
6118:	528	579	
6125:	432	
6158:	628	
6160:	628	
6172:	425	495	
6176:	587	
6214:	32	414	415	416	417	418	419	421	422	424	425	426	427	428	431	435	436	439	443	444	445	454	456	457	458	459	460	462	463	464	465	470	471	472	477	478	481	489	492	493	494	495	496	499	500	502	513	514	515	518	520	604	670	
6215:	32	414	415	416	417	418	419	421	422	424	425	426	427	428	431	435	436	439	443	444	445	454	456	457	458	459	460	462	463	464	465	470	471	472	477	478	481	489	492	493	494	495	496	499	500	502	513	514	515	518	520	604	670	
6249:	549	
6281:	132	285	514	
6368:	574	
6382:	497	529	
6543:	435	464	465	472	474	478	492	502	514	645	
6568:	417	452	463	491	572	617	633	638	666	
6592:	434	453	493	553	577	585	656	658	715	
6596:	609	
6641:	621	
6706:	578	
6758:	558	
6766:	669	
6788:	304	
6811:	548	
6836:	548	
6851:	616	
6853:	278	677	699	
6979:	710	
6988:	514	
6998:	422	
7085:	533	
7086:	533	
7087:	421	550	577	652	671	690	706	
7116:	91	446	469	476	479	483	485	505	510	530	548	573	584	592	636	642	678	711	714	
7133:	285	
7151:	91	396	441	476	491	683	714	
7233:	565	
7251:	91	285	
7252:	482	
7276:	503	690	
7306:	417	489	514	
7329:	637	
7338:	611	
7384:	91	
7476:	485	632	
7479:	709	
7573:	669	
7588:	438	710	714	
7637:	592	
7684:	91	278	434	453	490	493	531	652	
7685:	490	531	
7701:	91	
7752:	278	
7756:	702	
7778:	91	132	239	285	413	440	446	479	485	486	506	528	539	543	544	550	553	555	571	575	577	586	593	597	604	608	609	621	627	630	632	643	648	649	660	664	674	676	679	681	691	694	708	714	716	
7818:	514	637	
7833:	444	448	471	477	495	499	541	563	645	656	715	
7837:	421	
7839:	380	589	606	612	656	709	715	
7857:	416	418	419	421	422	443	455	460	461	465	507	514	
7864:	426	
7962:	667	
7993:	440	486	555	582	585	587	613	635	667	698	
8002:	506	699	
8006:	532	706	
8013:	497	554	643	649	675	
8031:	578	583	
8067:	688	
8084:	367	
8089:	545	
8128:	549	
8139:	490	508	531	
8183:	442	
8197:	550	670	
8231:	672	
8246:	528	
8363:	529	
8420:	600	
8513:	714	
8524:	558	
8598:	604	649	676	702	
8602:	545	653	
8615:	691	
8619:	577	
8657:	441	710	
8658:	441	710	
8660:	414	415	416	417	418	419	421	422	425	427	431	439	443	456	457	460	462	463	464	465	471	472	481	489	490	492	493	494	495	496	499	508	514	515	518	531	536	570	607	
8661:	414	415	416	417	418	419	421	422	425	427	431	439	443	456	457	460	462	463	464	465	471	472	481	489	490	492	493	494	495	496	499	508	514	515	518	531	536	570	607	
8668:	656	715	
8678:	610	
8687:	579	
8695:	677	696	
8698:	580	651	
8701:	473	506	538	610	611	628	632	649	683	
8724:	418	430	438	490	507	518	531	551	562	609	
8759:	514	
8868:	414	463	641	649	651	
8902:	283	446	543	619	686	
8907:	225	705	
8927:	424	
8928:	424	
8997:	624	
8999:	669	
9000:	669	
9023:	637	
9042:	656	715	
9043:	656	715	
9063:	537	
9075:	424	444	466	
9265:	664	
9296:	551	
9297:	593	
9314:	558	
9404:	448	621	
9476:	643	
9502:	505	532	543	577	585	695	
9503:	505	532	543	577	585	695	
9504:	505	532	543	585	695	
9541:	56	132	206	209	225	239	278	283	305	342	396	423	432	440	441	446	476	479	480	483	485	486	491	504	505	506	519	527	530	532	533	534	537	538	539	542	543	546	547	549	550	553	554	557	558	559	560	564	565	567	570	571	572	575	577	582	583	585	586	587	590	592	595	597	598	601	602	604	605	606	607	610	611	614	615	617	620	621	623	624	625	626	627	628	629	630	632	633	635	638	640	642	643	644	647	648	649	651	653	654	655	658	659	660	661	662	664	666	667	670	672	674	675	676	677	679	680	681	682	683	684	686	687	691	692	694	695	698	700	701	702	703	704	706	708	709	711	712	714	716	
9546:	239	440	479	480	486	491	506	532	543	571	617	629	633	661	679	682	683	711	712	714	
9547:	132	225	239	278	283	305	342	396	423	432	440	441	446	476	480	483	485	486	491	504	505	519	530	533	537	538	539	543	546	547	549	550	553	554	557	558	560	565	567	571	572	575	577	582	583	585	590	592	597	598	601	602	604	605	607	610	611	614	615	617	620	621	623	624	625	626	627	628	629	630	632	633	635	638	640	642	643	644	647	649	651	658	659	661	662	664	666	667	672	674	675	676	677	679	680	681	682	683	684	686	687	691	692	694	695	700	701	702	703	704	706	708	709	711	712	714	716	
9550:	225	559	604	623	635	643	659	692	
9554:	562	587	639	
9589:	716	
9610:	456	490	500	513	514	531	
9629:	702	
9636:	594	
9639:	682	
9682:	424	426	427	435	437	458	464	465	468	470	471	472	477	478	492	495	499	502	520	563	
9684:	431	495	
9694:	557	
9754:	588	
9767:	436	
9775:	579	
9797:	550	
9827:	514	
9891:	481	
9937:	532	
10049:	342	414	420	441	446	450	452	473	480	485	490	494	498	514	516	530	531	535	538	540	543	549	550	557	562	579	582	587	592	598	601	604	607	620	623	629	633	643	647	655	656	658	659	666	675	685	686	698	701	703	705	712	715	
10051:	540	607	655	686	
10052:	342	414	441	450	473	480	490	494	498	514	530	531	543	549	550	582	592	598	601	604	623	629	633	643	656	658	659	666	675	685	715	
10053:	342	414	441	450	473	490	494	498	514	531	543	549	601	604	629	633	656	658	659	666	675	685	
10061:	239	283	431	441	469	509	515	540	543	549	550	557	558	567	571	603	621	628	633	639	643	645	647	675	691	714	717	
10066:	712	
10076:	579	
10082:	438	502	563	
10098:	572	
10099:	572	
10101:	515	
10110:	656	715	
10140:	624	
10144:	419	445	
10150:	420	
10165:	581	
10177:	225	670	
10178:	225	670	
10179:	278	537	622	716	
10181:	716	
10184:	652	
10254:	132	285	441	463	507	544	601	647	
10257:	507	601	
10263:	450	557	562	
10272:	592	
10277:	594	
10313:	543	
10325:	32	91	225	274	278	305	369	432	440	442	451	475	479	480	486	506	519	527	532	537	542	550	552	555	558	559	560	564	565	573	582	584	585	597	598	600	602	604	605	612	613	615	617	628	629	635	643	644	650	651	653	654	658	659	662	670	674	676	677	682	685	686	691	692	694	695	702	
10345:	569	
10349:	91	637	
10388:	637	
10401:	572	
10402:	637	
10426:	713	
10501:	32	
10575:	599	
10629:	580	
10660:	632	
10668:	549	
10679:	527	
10709:	656	715	
10728:	604	
10749:	209	450	557	562	590	
10770:	615	653	
10947:	505	532	543	577	585	695	
11137:	565	
11177:	710	
11195:	427	435	439	444	445	460	465	481	494	
11206:	91	
11211:	652	
11223:	652	
11224:	652	
11252:	91	
11327:	416	421	490	531	
11338:	604	
11339:	642	
11379:	684	
11393:	441	599	632	652	711	
11451:	448	458	477	
11503:	643	
11525:	612	
11598:	537	
11610:	32	132	209	239	396	414	417	419	425	426	429	430	434	438	440	441	443	448	451	453	455	462	463	473	479	481	486	489	491	493	494	496	498	507	512	514	515	518	524	532	533	534	535	537	538	542	543	552	555	566	571	577	578	579	585	586	591	594	595	600	605	609	613	615	616	622	628	629	630	638	643	647	649	652	653	654	661	666	667	669	677	678	681	683	694	700	705	708	711	712	716	
11667:	621	
11704:	661	
11706:	451	461	569	
11745:	496	
11754:	705	
11770:	681	
11881:	680	
11966:	447	
12003:	672	
12021:	91	680	
12031:	680	
12051:	594	
12070:	421	
12076:	669	
12084:	411	414	415	416	417	418	419	420	421	425	427	428	431	433	435	439	443	444	445	450	455	456	457	460	463	464	465	470	471	472	474	477	478	481	489	490	492	493	494	495	496	499	500	502	507	512	513	514	515	518	520	522	524	531	540	541	551	563	589	604	645	646	656	668	670	715	
12085:	465	472	474	478	645	
12090:	443	490	531	
12091:	32	130	209	225	239	278	283	367	423	429	451	469	480	509	517	528	532	537	543	547	550	552	554	564	565	566	567	570	572	575	582	590	600	601	603	608	611	615	618	620	633	634	636	648	651	652	657	659	660	661	662	663	664	666	676	679	681	686	687	698	699	700	701	702	703	705	718	
12100:	426	427	444	456	
12115:	694	
12142:	437	
12252:	642	
12280:	427	
12304:	558	636	
12307:	487	
12317:	443	
12321:	456	
12327:	430	456	
12328:	628	
12330:	438	
12331:	414	
12334:	499	
12336:	436	466	477	499	
12339:	464	
12344:	414	415	416	425	428	434	435	436	438	443	453	460	462	465	466	470	477	481	490	494	496	500	502	512	514	515	531	566	
12360:	412	414	415	416	417	418	419	420	421	422	425	426	427	428	430	431	433	434	435	436	437	438	439	443	444	445	448	450	452	453	454	455	456	457	458	459	460	461	462	463	464	465	466	470	471	472	474	477	478	479	480	481	482	484	488	489	490	492	493	494	495	496	498	500	502	503	507	508	511	512	513	514	515	518	520	521	522	523	524	526	531	536	545	551	570	577	584	604	617	641	644	670	682	684	710	714	
12361:	439	445	
12362:	415	417	418	421	425	434	443	453	454	455	456	463	470	489	494	496	507	514	526	714	
12363:	414	437	459	494	
12364:	415	417	418	419	443	450	462	481	489	490	496	514	531	
12366:	457	
12368:	414	438	443	466	477	478	482	492	
12369:	700	
12378:	239	429	528	532	550	557	591	593	603	676	681	684	701	702	704	
12399:	503	514	600	
12400:	503	514	
12413:	604	
12418:	604	
12433:	32	
12459:	661	
12463:	652	
12573:	649	
12609:	621	
12621:	550	
12625:	550	
12725:	678	
12787:	278	632	638	
12791:	606	
12799:	304	
12801:	490	531	
12809:	435	458	464	468	471	472	492	555	
12818:	608	
12833:	530	
12950:	548	
13011:	656	715	
13023:	544	
13049:	613	
13206:	636	678	
13215:	570	679	
13249:	690	
13271:	558	
13273:	611	
13359:	463	507	522	536	604	637	643	
13402:	548	
13423:	440	486	506	508	515	528	534	576	586	591	600	629	632	649	653	681	694	
13424:	534	576	694	
13522:	413	450	459	465	472	494	495	498	509	514	520	528	534	554	563	579	588	600	612	649	
13525:	396	441	473	549	666	669	683	714	
13561:	621	
13579:	545	
13580:	32	209	278	566	573	633	641	648	651	664	673	676	692	699	700	
13588:	422	652	690	
13762:	647	
13778:	577	680	
13779:	577	680	
13832:	578	
13833:	578	
13841:	638	652	
13899:	566	594	604	
13907:	413	425	
13916:	515	649	
13944:	667	
14006:	459	
14027:	438	556	670	
14029:	421	427	490	514	531	556	
14046:	528	
14121:	445	
14176:	418	
14179:	437	
14181:	437	
14222:	499	
14338:	594	
14344:	632	
14362:	549	
14417:	643	
14476:	652	
14522:	456	507	514	
14539:	421	430	433	435	438	457	459	481	490	493	494	496	512	514	531	551	609	656	669	701	715	
14546:	459	
14549:	551	
14573:	637	
14629:	627	
14632:	627	
14692:	706	
14720:	413	502	514	615	
14779:	505	532	543	585	695	
14795:	553	632	
14807:	711	
14809:	607	
14848:	672	
14855:	534	643	
14862:	458	
14874:	670	
14890:	421	452	
14891:	421	
14895:	679	
14919:	596	
14958:	239	380	459	465	495	555	583	589	594	606	611	612	617	697	709	
14967:	594	
14973:	594	
14977:	239	611	
14992:	361	552	665	
14996:	367	
15021:	573	577	588	677	
15028:	459	
15078:	576	583	690	
15141:	617	
15144:	419	469	489	493	494	548	598	702	
15150:	516	
15161:	558	
15177:	490	531	
15182:	581	
15183:	581	
15264:	538	
15267:	577	643	
15280:	548	
15292:	456	
15296:	417	419	421	422	440	443	457	460	481	486	489	494	496	515	528	535	545	565	649	664	681	700	708	
15319:	416	420	471	482	520	534	537	624	645	646	
15331:	631	
15355:	670	
15401:	132	440	486	667	
15410:	274	
15448:	440	486	506	
15484:	414	500	
15507:	562	580	613	
15577:	278	
15626:	561	
15679:	514	
15692:	493	600	
15727:	565	
15791:	656	715	
15803:	32	
15839:	652	
15873:	91	274	285	530	532	557	565	569	581	624	631	636	652	672	679	685	709	716	
15875:	477	481	496	545	662	706	
15881:	132	209	239	278	285	305	415	417	419	425	426	427	428	434	438	441	443	453	455	456	463	465	476	481	482	489	490	491	493	494	496	500	502	507	512	514	515	522	524	528	531	544	548	551	557	562	563	594	629	632	647	664	689	699	708	713	714	
15885:	699	
15891:	278	
15897:	426	491	496	629	
15910:	629	
15917:	544	637	
15934:	637	
15971:	461	
15988:	558	
16060:	578	593	
16086:	130	420	442	468	502	528	568	601	617	622	628	645	646	656	679	701	715	
16102:	413	612	712	
16123:	609	
16126:	594	
16140:	435	
16147:	427	444	458	464	472	492	520	
16163:	413	442	488	529	559	595	635	651	671	677	
16167:	91	624	
16189:	480	644	
16228:	438	468	
16251:	305	361	413	460	488	493	496	503	506	514	518	547	559	566	588	628	635	651	665	666	679	711	
16254:	506	
16258:	622	
16374:	495	
16384:	632	
16672:	91	
16995:	670	
17026:	533	
17038:	698	
17104:	206	440	486	491	533	535	562	565	568	572	577	578	580	581	583	585	587	613	615	622	628	639	643	655	667	676	679	681	694	698	716	717	
17106:	535	
17107:	535	
17203:	369	716	
17359:	593	649	
17384:	559	
17429:	548	
17445:	278	575	636	
17529:	637	
17569:	584	604	636	643	649	670	
17693:	414	438	
17819:	670	
17858:	285	
17893:	535	
18022:	679	
18041:	643	
18056:	435	458	472	
18175:	91	592	637	
18191:	637	
18195:	592	
18228:	557	
18246:	667	
18250:	506	
18395:	427	
18397:	692	
18421:	714	
18422:	714	
18485:	440	486	506	643	651	666	671	700	711	
18487:	469	
18510:	530	
18657:	432	507	534	550	570	
18733:	643	
18787:	579	
18861:	687	
18925:	608	
18926:	608	
18961:	438	549	
19022:	566	
19030:	566	
19132:	419	637	
19133:	419	
19136:	667	
19272:	558	
19279:	576	
19304:	32	132	209	361	413	423	429	440	441	473	479	480	485	486	491	498	503	530	532	533	534	535	538	547	555	559	562	564	565	568	577	578	579	580	581	582	583	584	585	586	587	588	590	591	595	600	605	609	613	615	625	627	628	629	635	639	641	643	644	650	651	653	654	659	661	665	666	667	670	676	681	682	683	686	687	694	698	700	706	711	712	713	714	716	
19306:	491	
19308:	565	706	
19312:	595	635	
19313:	609	716	
19331:	631	681	
19345:	670	
19386:	702	
19434:	449	479	651	662	
19487:	587	
19599:	459	577	
19746:	712	
19897:	677	
19911:	441	632	
19920:	708	
19921:	708	
19929:	305	417	419	489	526	
20059:	592	
20071:	511	
20087:	367	
20101:	132	497	529	
20111:	622	
20116:	452	
20139:	450	
20224:	480	673	
20232:	441	683	
20233:	535	
20264:	466	499	
20283:	667	
20301:	91	
20389:	656	715	
20404:	578	678	
20469:	614	
20476:	614	
20477:	614	
20571:	459	
20576:	304	
20645:	637	
20653:	396	476	506	533	538	555	559	562	588	595	622	644	654	671	681	691	698	711	
20658:	416	450	520	574	599	645	646	649	661	
20662:	692	
20679:	710	
20705:	679	684	
20740:	584	669	
20752:	130	209	225	278	305	423	440	486	528	532	533	537	557	560	565	566	568	570	575	576	577	581	585	598	613	618	628	630	634	635	636	643	649	651	653	660	661	662	663	664	669	673	677	688	692	699	700	702	705	708	717	
20753:	643	
20754:	643	
20786:	627	
20848:	618	718	
20855:	551	649	
20867:	544	625	636	651	694	
20868:	450	
20870:	649	
20872:	552	584	669	
20893:	544	710	
20936:	717	
21020:	91	537	581	699	
21038:	636	
21063:	369	545	611	654	702	
21112:	637	
21119:	452	463	629	640	678	
21136:	592	
21186:	557	606	
21187:	606	
21188:	535	
21216:	713	
21221:	713	
21236:	681	
21270:	305	417	480	489	514	533	594	644	681	682	699	
21283:	417	489	514	
21298:	594	
21348:	32	
21362:	32	
21413:	699	
21438:	479	694	
21471:	459	637	
21527:	460	514	593	674	
21558:	558	
21630:	458	464	471	472	492	495	
21634:	590	
21640:	369	
21653:	706	
21765:	537	
21774:	656	715	
21777:	558	
21794:	574	
21817:	432	630	676	
21824:	427	
21828:	627	
21846:	305	
21853:	543	610	643	649	710	
21860:	472	645	
21875:	32	91	225	274	278	305	369	432	440	442	451	475	479	480	486	506	519	527	532	537	542	550	552	555	558	559	560	564	565	573	582	584	585	597	598	600	602	604	605	612	613	615	617	628	629	635	643	644	650	651	653	654	658	659	662	670	674	676	677	682	685	686	691	692	694	695	702	
21877:	630	
21883:	278	489	697	
21890:	413	
21891:	413	
21905:	609	
21909:	413	
21932:	32	91	130	209	225	274	278	305	361	367	380	451	527	528	532	534	537	544	545	547	552	559	560	565	566	570	572	573	575	598	604	615	616	617	618	625	634	635	636	642	643	648	649	651	652	653	660	664	676	677	678	685	688	692	693	699	700	702	705	708	717	718	
21945:	369	
21998:	604	
22002:	485	
22003:	684	
22015:	705	
22135:	493	
22139:	225	305	416	421	443	463	493	507	512	541	584	604	646	649	660	669	689	700	702	705	
22191:	579	
22212:	132	239	423	440	446	479	480	486	491	506	516	528	542	550	552	555	561	564	565	571	581	597	600	605	609	625	627	629	639	644	653	658	659	670	673	681	682	692	694	701	702	708	711	712	714	717	
22252:	440	480	486	554	555	562	565	572	582	588	600	605	613	622	644	651	655	673	687	694	
22311:	678	
22322:	456	
22494:	537	
22502:	465	488	514	528	563	636	656	715	
22514:	465	
22579:	396	699	
22739:	637	
22771:	369	550	656	715	
22773:	550	
22783:	414	454	460	471	482	509	587	689	
22788:	471	
22848:	546	
22877:	494	
22889:	613	
22920:	415	418	419	420	421	427	431	435	443	452	453	454	455	456	457	458	460	462	463	464	465	472	474	478	481	494	495	500	502	507	511	512	513	515	523	524	
22932:	414	415	416	417	421	422	425	426	427	428	431	434	435	436	438	443	452	453	456	457	458	459	460	462	463	464	465	468	470	471	472	474	481	489	492	493	495	499	502	507	513	514	515	520	524	563	643	687	
22986:	706	
22996:	429	
23032:	285	
23094:	274	285	506	557	699	709	
23192:	554	
23247:	522	713	
23256:	690	
23279:	595	
23348:	706	
23368:	548	625	
23442:	278	414	415	416	419	421	430	434	443	450	452	454	455	457	462	463	482	490	493	498	507	512	518	531	536	551	584	664	670	689	708	
23443:	415	421	443	514	
23444:	421	
23496:	596	
23525:	558	
23543:	91	
23571:	636	669	716	
23578:	304	432	585	636	676	
23637:	91	396	456	490	513	531	546	585	623	636	638	659	698	699	710	
23638:	456	490	513	531	
23640:	91	
23674:	637	
23691:	421	452	457	482	493	507	518	
23692:	278	416	418	419	421	430	443	450	454	482	490	493	528	531	536	551	565	566	636	648	669	
23712:	620	
23733:	669	
23798:	495	656	701	715	
23803:	427	448	466	477	
23828:	206	423	465	502	542	545	555	564	649	669	702	
23829:	206	423	542	564	
23844:	285	
23845:	285	
23870:	520	
23910:	456	514	616	618	636	649	711	
23954:	437	
24043:	624	
24045:	624	
24053:	520	
24061:	615	664	708	
24134:	669	
24228:	685	
24287:	533	
24386:	421	
24407:	579	
24412:	579	
24413:	579	
24429:	641	
24443:	544	553	705	
24465:	278	396	438	463	534	710	
24487:	369	
24526:	476	
24540:	659	
24596:	604	649	676	702	
24597:	604	649	676	702	
24636:	130	278	419	448	453	481	563	622	680	
24681:	654	
24757:	666	
24765:	546	
24777:	678	
24781:	537	
24782:	713	
24786:	91	130	209	278	283	305	369	413	423	427	480	485	497	506	526	528	532	537	543	546	547	550	572	573	575	577	585	598	601	603	604	615	617	618	620	628	629	633	635	636	638	643	649	651	655	659	660	664	671	675	677	679	686	687	688	692	699	700	702	703	718	
24792:	444	
24803:	548	
24810:	415	
24825:	701	
24826:	537	
24830:	689	
24845:	32	91	130	132	274	278	305	342	413	414	415	418	421	423	424	428	429	431	432	437	441	442	443	450	452	453	459	460	462	465	466	473	474	477	488	489	490	493	494	498	500	502	503	506	507	509	514	516	526	528	529	531	532	533	535	539	542	543	546	549	557	559	560	561	563	566	567	572	575	577	582	585	586	588	591	593	594	598	601	604	605	612	613	615	622	629	633	635	640	641	647	649	651	652	656	658	659	664	666	669	671	673	674	675	678	685	691	692	693	694	697	701	702	703	708	710	712	714	715	
24846:	526	612	
24850:	532	
24852:	130	274	414	446	460	476	482	488	494	506	509	513	514	518	528	535	545	555	562	577	587	593	594	613	632	634	640	647	665	667	669	708	713	
24866:	594	
24875:	535	713	
24881:	274	
24886:	476	
24907:	637	
24908:	441	
24910:	713	
24919:	641	650	713	
25011:	557	
25037:	649	
25039:	649	
25112:	583	
25117:	694	
25148:	694	
25149:	694	
25214:	239	556	577	670	
25249:	714	
25263:	479	506	535	555	580	588	653	679	
25264:	479	506	535	555	580	588	653	679	
25374:	494	587	
25375:	494	
25381:	550	
25383:	550	
25445:	678	
25451:	417	425	434	443	481	489	515	606	702	710	
25457:	518	636	649	670	
25567:	530	
25619:	550	
25620:	550	
25653:	468	502	
25685:	536	
25905:	412	518	
25906:	518	
25941:	592	
25944:	565	706	
25977:	91	469	477	538	566	629	647	656	669	681	698	711	715	
25978:	91	477	538	566	629	647	656	681	698	715	
26077:	427	
26111:	32	414	415	416	417	418	419	421	422	424	425	426	427	428	431	435	436	439	443	444	445	454	456	457	458	459	460	462	463	464	465	470	471	472	477	478	481	489	492	493	494	495	496	499	500	502	513	514	515	518	520	604	670	
26344:	577	
26490:	557	
26503:	652	
26527:	609	651	676	698	714	
26554:	570	
26558:	608	
26610:	587	
26711:	591	
26730:	555	561	711	
26752:	558	
26753:	558	
26809:	689	
26822:	703	
26832:	557	632	
26840:	550	
26844:	550	
26848:	667	
26870:	649	
26933:	592	
27132:	469	
27275:	91	130	285	428	429	434	466	500	506	514	518	529	642	674	690	710	
27277:	506	518	674	
27374:	548	
27433:	427	
27434:	529	
27469:	91	
27627:	636	
27631:	413	554	609	694	716	
27634:	514	588	
27637:	132	595	
27669:	480	555	674	681	682	
27675:	380	587	589	606	612	643	669	709	
27691:	669	
27785:	445	502	
27786:	633	
27868:	664	708	
27870:	643	
27879:	589	645	656	715	
27918:	572	
27920:	414	424	427	432	436	437	444	459	466	471	477	490	494	500	506	515	520	527	531	534	540	571	572	603	617	643	651	656	669	670	676	687	697	705	715	
27930:	91	285	631	
27936:	636	699	
27983:	361	507	622	665	
27985:	56	91	304	413	429	432	440	442	486	488	497	519	529	556	559	595	598	603	617	635	671	677	696	697	
28023:	426	427	444	460	470	472	478	494	496	499	520	563	
28024:	426	427	444	460	470	472	478	494	496	499	520	563	
28077:	239	476	524	566	644	666	716	
28091:	677	
28136:	624	
28193:	558	
28289:	367	
28442:	506	
28444:	278	
28458:	530	
28485:	627	656	702	715	
28495:	570	
28520:	592	
28539:	91	278	285	599	
28563:	412	414	417	425	450	452	462	463	482	489	512	518	522	
28567:	637	
28616:	565	
28634:	576	
28639:	656	715	
28642:	518	592	612	645	646	656	668	669	695	715	
28649:	530	
28655:	510	652	
28659:	494	669	710	
28661:	278	534	555	
28668:	130	225	239	278	305	413	414	417	419	421	432	435	436	437	440	455	456	463	468	470	472	477	486	488	489	490	492	493	498	502	506	507	514	515	518	520	528	531	533	534	538	555	566	570	573	583	586	592	595	606	608	609	611	617	636	640	648	656	660	663	664	671	674	678	702	705	708	715	
28680:	541	
28682:	577	
28683:	692	
28685:	206	274	278	413	423	475	479	506	516	519	532	534	556	560	564	569	574	577	584	585	595	599	600	605	631	635	680	695	
28686:	537	565	706	
28690:	542	566	577	591	636	651	658	670	678	711	714	
28691:	467	
28696:	132	304	418	421	433	518	534	554	591	593	660	
28722:	498	
28727:	498	
28743:	304	593	656	715	
28744:	656	715	
28748:	285	
28753:	514	556	
28756:	507	562	
28757:	414	430	463	493	585	641	649	651	686	
28772:	411	414	417	418	419	422	426	431	435	436	439	443	444	445	454	455	457	461	463	470	471	474	478	489	492	494	495	496	499	500	502	503	507	513	514	524	563	
28775:	130	278	380	537	618	651	
28844:	592	
28846:	369	472	514	
28861:	414	415	416	417	418	421	433	434	443	450	452	455	457	459	460	462	463	481	482	489	490	493	500	503	507	512	515	518	520	525	531	536	584	628	
28862:	512	628	
28863:	32	91	130	209	225	278	304	305	380	417	418	419	421	427	430	433	434	443	449	450	452	453	454	459	463	475	481	482	488	489	493	500	508	509	512	514	515	520	528	532	533	536	539	544	551	554	565	566	572	575	584	585	586	593	604	609	612	615	616	618	625	628	629	632	635	636	641	643	648	649	651	652	657	660	662	664	669	670	671	676	677	678	681	684	688	689	692	694	696	700	702	705	708	714	718	
28864:	304	305	488	509	539	554	566	585	593	609	612	632	652	664	671	676	681	696	702	
28865:	618	718	
28866:	418	421	427	433	434	443	450	452	453	454	459	463	481	482	493	500	508	512	514	515	520	536	604	641	670	684	
28867:	670	
28868:	604	636	643	649	670	
28869:	544	625	636	651	694	
28870:	636	670	
28871:	649	
28914:	681	
28949:	621	
28950:	625	
28983:	592	
29001:	637	
29085:	480	506	534	555	569	577	614	653	
29091:	422	426	445	459	460	494	500	515	602	612	649	
29151:	592	
29154:	592	
29156:	445	
29228:	369	
29302:	480	637	
29331:	278	438	667	669	
29332:	667	
29355:	469	
29365:	421	433	490	515	531	536	
29366:	421	433	536	
29431:	425	
29501:	650	
29505:	535	
29507:	676	
29517:	413	
29543:	691	
29660:	656	715	
29664:	520	
29693:	439	445	481	496	
29764:	369	
29916:	569	
29921:	600	
29990:	611	
29995:	558	
30086:	629	
30108:	483	
30120:	486	
30136:	649	
30145:	483	
30147:	483	
30149:	440	449	486	506	635	662	
30218:	716	
30225:	305	680	716	
30251:	651	
30274:	681	
30278:	361	528	578	622	643	653	681	694	698	
30285:	709	
30290:	678	
30312:	91	
30322:	679	
30488:	581	
30541:	516	570	
30574:	649	
30597:	495	
30745:	628	
30753:	614	643	
30773:	593	
30808:	519	
30818:	91	450	581	
31019:	414	422	428	429	431	435	499	500	503	550	551	563	577	583	594	674	
31020:	499	
31021:	414	428	429	431	500	503	577	594	674	
31022:	414	428	429	431	500	503	577	594	674	
31074:	528	
31080:	604	
31122:	621	
31201:	694	710	
31286:	670	
31287:	670	
31570:	278	567	598	680	
31678:	613	
31730:	625	
31881:	469	
31913:	637	
31995:	637	
32043:	461	
32056:	479	519	570	571	590	647	661	714	
32059:	534	629	
32092:	636	690	
32093:	636	
32110:	414	416	418	422	424	426	427	428	431	433	435	437	438	443	454	455	456	458	459	460	464	465	470	471	472	477	478	481	492	494	495	499	500	502	503	512	514	520	522	524	551	556	563	641	670	684	700	
32125:	285	551	
32136:	636	
32141:	434	
32145:	434	
32171:	278	417	421	503	567	669	
32226:	583	
32235:	421	
32240:	599	
32275:	367	
32280:	587	
32328:	503	
32342:	637	
32425:	544	
32464:	603	643	
32539:	540	589	593	645	646	656	668	715	
32578:	597	
32630:	609	
32659:	649	
32664:	662	
32669:	614	
32694:	475	480	534	554	577	
32695:	687	
32727:	661	
32739:	91	441	476	491	683	714	
32765:	414	438	452	481	661	692	
32814:	699	
32819:	690	
32883:	580	
32926:	649	
32984:	580	
33039:	479	
33132:	578	587	667	
33161:	656	715	
33178:	669	
33201:	605	
33205:	605	
33216:	611	
33222:	553	632	
33318:	462	555	
33422:	475	480	653	
