0:	110	
17:	104	
20:	289	
22:	308	
23:	264	403	
24:	246	
25:	7	77	208	229	304	316	357	10517	
32:	104	283	
37:	32	
44:	15	80	110	149	292	316	329	350	421	432	436	10525	
61:	110	247	382	
62:	124	
73:	313	
74:	8	
91:	422	
92:	123	
152:	10512	
154:	347	
175:	195	216	
181:	342	
205:	432	
216:	326	
233:	69	228	
236:	196	
260:	116	
270:	236	
271:	209	
275:	181	
343:	144	
350:	5	14	15	22	30	41	49	56	57	62	64	73	74	75	84	85	97	98	102	103	105	106	107	114	115	116	129	132	138	141	142	144	146	150	166	173	180	183	185	196	213	230	238	242	244	252	253	255	256	260	265	266	267	270	279	298	306	311	314	318	328	330	336	346	348	356	362	367	368	378	379	380	388	396	398	404	412	413	417	418	420	430	432	10518	
360:	256	
361:	256	
375:	41	
377:	342	
382:	77	137	139	142	157	175	185	382	
396:	113	
411:	198	
423:	5	135	177	214	307	342	392	400	411	415	
434:	172	289	
450:	21	128	161	187	218	230	233	247	262	271	289	291	295	299	310	319	382	392	10507	10511	
461:	319	
486:	16	224	
492:	127	135	190	247	259	343	
506:	95	155	
507:	8	212	297	
524:	160	
565:	148	
569:	185	
586:	116	
587:	116	
604:	4	84	208	367	
630:	238	302	313	
639:	415	
641:	65	84	193	204	293	297	10511	10517	
642:	84	293	297	10511	
648:	266	
658:	249	256	386	420	
661:	256	
670:	161	234	307	343	
673:	234	
675:	343	
680:	198	221	367	
690:	135	136	218	428	
701:	136	
732:	326	
736:	136	
765:	226	
766:	45	
768:	212	
802:	220	
807:	415	
825:	133	
834:	17	272	311	412	
835:	17	311	412	
850:	422	
851:	57	62	80	103	107	139	216	236	260	266	275	279	326	345	369	377	386	392	415	422	10511	
861:	220	
869:	4	27	30	54	140	153	158	163	181	183	193	194	201	203	227	228	244	251	297	310	316	322	335	339	356	357	372	392	406	418	
870:	228	
875:	4	30	54	140	153	163	183	194	227	297	322	356	
876:	30	
877:	30	54	140	153	163	183	194	227	322	356	
878:	158	392	
881:	130	
929:	427	
939:	83	
949:	91	
955:	215	
977:	181	
1041:	201	
1065:	188	
1070:	188	
1077:	188	
1078:	188	
1081:	177	
1086:	179	198	343	355	
1096:	1	29	51	58	60	65	71	77	84	85	93	113	117	147	337	351	388	
1097:	217	297	
1117:	94	
1119:	207	300	
1135:	354	
1136:	354	
1156:	32	371	
1159:	257	
1166:	267	
1283:	214	
1306:	373	
1312:	53	107	
1326:	293	407	
1327:	196	
1334:	112	
1350:	23	
1351:	43	
1381:	70	
1383:	70	
1404:	27	345	
1408:	137	148	191	201	235	335	339	357	367	392	
1410:	188	
1428:	170	
1430:	124	249	394	
1431:	5	17	76	127	245	249	289	373	391	405	424	10508	
1432:	249	
1434:	20	245	248	
1438:	17	132	148	245	249	289	373	396	424	
1443:	213	
1452:	25	197	441	
1475:	146	
1492:	286	
1495:	286	
1512:	316	
1519:	53	
1520:	8	17	20	32	40	45	69	87	100	102	119	127	174	175	177	180	213	222	228	237	247	257	258	274	292	316	345	365	379	392	406	407	415	10507	10511	
1521:	345	
1522:	407	10507	
1537:	77	
1543:	105	10511	
1563:	144	379	428	
1565:	144	
1569:	144	428	
1573:	144	379	428	
1574:	379	
1575:	144	
1587:	367	
1604:	40	
1611:	103	
1624:	4	17	37	44	53	73	76	80	94	101	167	172	191	208	229	236	238	249	254	257	274	289	313	315	331	369	373	381	391	395	400	10509	
1625:	236	
1626:	236	
1637:	107	116	122	132	135	170	186	238	244	249	252	266	270	341	373	391	405	424	427	10512	
1641:	427	
1642:	107	341	
1653:	16	22	40	81	101	102	106	128	139	145	155	161	168	190	196	214	230	238	257	260	266	279	286	307	335	359	372	394	399	418	428	
1670:	80	
1676:	69	341	
1702:	17	69	98	129	161	201	222	234	335	379	
1710:	108	417	
1711:	4	6	12	15	27	45	49	70	89	91	97	102	103	116	129	136	141	144	146	151	177	190	197	212	228	230	242	247	248	249	253	274	275	277	285	287	291	292	296	316	318	328	336	341	342	348	352	372	377	382	398	402	406	413	419	10512	10518	
1720:	177	
1722:	151	
1724:	102	
1728:	102	
1767:	237	
1798:	298	
1800:	44	148	289	417	
1817:	112	392	434	435	
1822:	434	
1833:	260	
1838:	165	420	
1846:	102	155	244	
1855:	294	
1856:	294	
1859:	30	47	114	164	168	183	194	322	364	387	10526	
1867:	111	
1868:	21	44	52	81	95	110	111	112	124	127	133	155	167	171	207	211	213	214	241	248	249	254	307	342	344	350	373	381	388	391	400	405	420	428	433	434	435	10528	
1873:	155	
1874:	21	95	124	133	155	207	373	381	388	391	433	434	435	
1893:	343	
1901:	41	254	319	
1904:	342	395	415	
1910:	167	
1915:	93	
1917:	411	
1934:	123	
1965:	147	
1972:	311	
1978:	66	
1982:	409	
1993:	235	
2024:	56	110	155	169	205	329	432	
2027:	169	
2032:	36	236	
2035:	136	274	367	
2039:	274	
2054:	34	253	288	419	
2055:	419	
2069:	233	419	
2085:	132	140	308	322	10527	
2087:	220	
2088:	2	151	173	181	255	265	270	300	306	326	342	396	406	427	
2099:	427	
2124:	371	
2128:	330	
2130:	6	12	15	17	27	28	29	32	45	46	47	49	53	55	60	62	65	70	82	88	95	110	116	120	133	135	138	144	145	146	147	149	151	155	175	184	191	195	201	209	211	212	213	226	242	247	248	253	272	277	286	289	303	311	313	318	325	329	340	341	342	363	373	375	377	394	397	398	404	405	406	407	412	419	425	427	428	433	437	441	10512	10518	10529	
2133:	226	
2139:	394	
2141:	144	
2145:	289	
2147:	27	
2174:	319	
2186:	418	
2233:	151	
2238:	220	
2241:	213	360	
2242:	96	292	297	330	345	
2256:	83	97	148	200	340	361	400	407	424	436	10508	
2259:	407	424	436	
2282:	96	106	127	228	272	333	382	
2284:	272	
2297:	110	142	154	236	297	313	361	
2301:	361	
2308:	342	
2331:	292	421	
2337:	342	
2363:	94	231	371	384	421	
2366:	112	161	329	343	
2372:	348	
2373:	348	
2378:	8	128	198	218	257	316	345	392	
2380:	198	
2381:	198	
2388:	432	
2390:	69	74	175	213	373	413	
2392:	213	
2433:	103	
2454:	145	
2456:	315	
2467:	201	222	335	357	
2471:	69	
2489:	17	127	213	348	
2492:	4	7	40	45	77	80	111	113	136	172	229	289	304	335	339	343	357	392	407	411	415	10507	10513	10519	
2510:	339	
2519:	32	49	102	103	134	228	258	336	436	10518	
2526:	161	
2530:	165	
2576:	404	419	
2581:	81	128	
2627:	236	
2629:	432	
2645:	70	97	110	144	146	151	166	209	247	253	255	270	275	287	311	328	342	427	428	432	
2646:	97	144	151	166	247	275	311	432	
2650:	52	202	
2656:	242	
2674:	291	
2675:	291	
2684:	260	
2685:	43	167	245	307	331	340	353	391	424	
2686:	43	331	340	
2700:	108	208	221	367	417	436	
2703:	221	
2722:	265	
2734:	362	
2760:	265	
2761:	265	
2800:	242	
2806:	390	
2816:	2	5	6	10	11	12	14	17	20	21	25	27	28	43	49	56	57	62	63	74	76	80	81	82	88	95	98	102	107	110	111	112	115	116	119	121	124	126	127	129	131	132	133	137	141	146	149	151	155	161	166	167	170	171	175	176	177	179	180	185	191	192	195	198	200	201	206	209	211	224	230	235	238	240	241	244	245	248	249	251	252	253	254	256	257	261	270	275	277	300	307	308	309	311	313	316	321	325	329	331	334	335	339	340	341	342	344	345	346	350	354	357	367	368	371	373	374	376	377	380	381	386	391	394	395	396	398	399	400	401	404	405	406	407	409	412	415	419	420	422	424	427	428	430	433	434	435	436	439	10507	10508	10509	10512	10518	10525	10526	10528	10529	
2821:	17	127	311	342	
2824:	28	137	
2825:	176	
2829:	17	43	126	133	167	170	241	249	254	261	307	309	340	401	
2835:	10	14	20	74	76	121	126	133	146	170	191	192	195	238	241	245	249	254	334	340	341	381	398	399	401	405	435	439	10509	10528	
2837:	121	316	344	381	407	
2854:	348	
2855:	226	
2866:	112	215	
2873:	23	99	105	176	294	368	
2879:	49	420	10518	
2881:	427	
2902:	20	188	346	
2975:	367	
3053:	315	
3056:	108	280	
3074:	117	
3077:	144	
3078:	144	
3087:	415	
3091:	432	
3096:	17	
3099:	265	
3104:	362	
3111:	297	
3115:	119	
3127:	128	297	319	
3129:	297	
3134:	419	
3163:	402	
3182:	253	
3190:	215	
3191:	165	
3237:	10	12	25	30	32	40	47	54	62	63	64	67	76	80	82	84	88	95	96	110	114	138	146	149	153	156	163	168	170	183	191	194	205	227	233	236	246	249	250	256	258	269	271	276	277	290	300	308	310	313	317	320	322	329	334	340	341	347	364	377	378	391	405	412	429	433	10509	10523	10527	10528	
3241:	271	310	320	
3247:	378	
3248:	84	258	
3249:	84	258	
3251:	32	276	
3256:	290	
3257:	40	80	
3269:	234	
3270:	156	
3276:	156	
3277:	156	
3321:	6	17	21	81	95	103	107	112	134	155	165	229	230	243	249	259	311	343	360	392	
3324:	259	
3327:	155	
3351:	81	
3363:	372	
3368:	250	
3381:	8	27	32	49	116	136	137	181	197	226	228	238	244	251	263	275	308	316	333	335	339	359	372	392	406	412	415	10518	
3389:	417	
3390:	297	
3394:	177	
3396:	180	
3410:	105	10511	
3414:	45	
3424:	365	
3425:	5	69	74	98	107	111	115	116	131	175	200	201	209	216	222	237	257	295	298	316	335	342	345	357	365	401	404	407	418	
3434:	289	
3446:	10509	
3449:	127	
3458:	185	331	
3463:	331	
3464:	331	
3469:	17	80	197	213	
3471:	359	
3472:	359	
3487:	359	
3488:	359	
3492:	16	17	18	40	42	45	62	74	86	90	105	123	126	129	138	141	150	151	154	155	161	176	213	233	236	242	245	247	252	253	259	267	287	306	311	316	318	328	330	347	348	349	354	377	382	420	421	425	427	432	10512	
3497:	377	
3499:	354	
3515:	137	212	343	
3522:	133	
3530:	266	
3545:	15	287	432	
3547:	204	278	415	
3559:	171	287	432	
3561:	185	
3598:	198	
3612:	127	318	
3613:	135	
3626:	415	
3627:	415	
3628:	415	
3641:	54	96	140	153	163	227	
3642:	54	140	153	163	
3647:	96	227	
3660:	32	
3736:	177	
3741:	5	20	37	40	69	84	102	141	142	145	148	174	197	201	203	214	217	222	243	244	262	285	295	307	335	339	344	357	406	415	418	10522	10524	
3776:	128	138	333	
3812:	136	172	310	320	392	415	10507	
3861:	136	
3865:	342	421	
3884:	318	
3908:	214	420	
3914:	419	
3986:	171	177	
4021:	180	
4024:	145	
4052:	129	
4073:	48	
4074:	129	
4081:	129	
4145:	127	
4147:	115	
4152:	91	
4153:	91	
4154:	91	
4173:	228	10511	
4229:	307	
4230:	86	
4248:	127	226	306	
4251:	11	19	206	249	321	374	383	
4269:	249	
4318:	279	
4334:	119	139	173	226	266	
4338:	119	
4351:	12	26	28	30	43	52	54	63	65	71	76	77	82	85	113	114	124	140	153	163	164	168	170	183	191	194	203	204	217	227	229	238	245	249	269	277	308	313	322	334	340	341	356	364	366	381	388	391	394	395	399	405	407	429	10509	10522	10523	10524	10526	10527	10528	10529	
4352:	12	30	54	114	140	153	163	164	168	183	194	227	277	308	322	334	356	364	10523	10526	10527	
4371:	275	311	
4372:	275	
4375:	315	
4394:	234	
4405:	73	76	308	
4436:	139	
4443:	8	102	284	325	415	
4448:	325	
4450:	325	
4476:	128	333	
4575:	15	208	284	330	
4577:	284	
4578:	284	
4680:	247	
4681:	247	
4729:	402	
4772:	40	
4778:	15	35	137	171	212	286	287	343	378	432	
4784:	137	212	343	
4790:	15	287	432	
4792:	171	287	432	
4800:	361	
4815:	348	
4818:	65	80	96	113	140	153	163	204	313	364	385	10517	
4829:	144	311	
4844:	423	
4851:	325	
4857:	177	224	230	406	10519	
4858:	135	
4860:	67	
4861:	67	
4864:	177	279	342	
4877:	428	
4880:	5	174	218	260	307	339	346	365	372	398	436	
4891:	17	73	208	246	258	304	343	415	
4892:	208	
4926:	96	413	
4936:	275	415	
4940:	94	
4941:	94	
4949:	155	342	420	
4950:	420	
4952:	420	
4953:	342	
4955:	342	
4971:	359	
5025:	23	56	81	158	182	300	382	
5027:	23	56	158	300	382	
5041:	42	199	
5099:	355	
5110:	10528	
5123:	1	
5125:	178	
5133:	411	
5142:	6	198	10529	
5150:	21	
5192:	208	341	367	
5227:	124	388	
5236:	105	112	176	
5237:	300	
5238:	300	
5286:	111	
5287:	111	
5315:	29	46	51	60	78	135	136	184	228	238	303	316	392	415	437	10524	
5321:	88	
5327:	290	
5335:	222	
5336:	222	
5454:	161	327	
5460:	286	333	
5461:	286	333	
5478:	187	
5491:	103	382	
5507:	27	28	55	343	420	
5536:	98	
5578:	23	
5605:	343	
5610:	281	
5631:	405	
5653:	17	36	40	77	80	93	111	118	119	136	145	148	158	167	172	198	204	214	238	241	254	263	274	307	335	339	369	407	413	415	418	
5658:	42	105	123	176	240	10511	
5678:	372	
5680:	372	
5703:	107	342	
5704:	107	342	
5720:	223	
5776:	432	
5786:	185	
5798:	185	
5801:	208	
5824:	169	
5827:	169	
5831:	144	
5842:	151	
5847:	218	228	324	
5849:	284	
5850:	128	
5863:	97	171	177	347	402	432	
5876:	347	
5877:	347	
5896:	66	
5901:	151	
5918:	16	230	
5920:	28	150	151	166	205	233	255	328	348	349	
5934:	183	214	310	320	
5959:	233	
5960:	233	
5978:	255	
6027:	128	172	302	310	320	394	407	
6042:	34	70	144	288	
6046:	151	382	
6047:	151	382	
6097:	161	
6104:	142	295	
6118:	202	
6122:	96	
6130:	12	54	96	429	
6131:	12	54	96	429	
6142:	64	
6156:	15	
6214:	422	
6215:	422	
6262:	96	
6281:	106	128	234	345	392	
6284:	137	
6286:	137	
6287:	297	
6302:	119	274	
6303:	119	274	
6311:	419	
6317:	103	
6319:	108	
6323:	56	74	
6334:	392	
6337:	419	
6338:	419	
6341:	68	384	
6345:	419	
6353:	348	
6358:	220	
6359:	419	
6360:	419	
6382:	158	187	325	
6409:	190	
6420:	53	
6433:	194	
6435:	107	
6436:	107	
6444:	107	
6472:	117	197	
6481:	177	230	
6482:	177	230	
6499:	311	
6519:	198	
6543:	27	53	62	
6549:	354	
6561:	69	
6564:	425	
6568:	110	135	161	190	213	275	318	355	10508	
6573:	231	371	
6574:	70	
6588:	242	
6592:	360	
6602:	76	170	
6617:	195	
6681:	142	
6715:	286	333	
6753:	214	
6760:	342	
6761:	342	
6778:	10512	
6784:	136	
6789:	131	
6790:	107	
6791:	107	
6800:	12	27	29	46	60	65	124	184	191	226	303	342	377	427	437	10512	
6809:	25	128	342	
6815:	342	
6816:	342	
6820:	161	
6824:	131	
6825:	100	197	
6835:	250	
6896:	228	354	
6988:	228	355	
6996:	355	
7019:	191	10509	
7030:	433	
7033:	289	
7061:	221	
7087:	212	213	219	226	233	255	256	259	345	420	
7094:	233	420	
7106:	193	
7108:	250	
7112:	421	
7116:	16	117	120	138	200	213	220	222	244	260	284	297	318	325	329	347	354	359	361	382	423	10512	10517	
7119:	359	
7129:	138	
7133:	265	
7134:	265	
7144:	421	
7151:	187	382	
7217:	108	
7251:	15	432	
7276:	49	177	190	226	260	341	342	407	10518	
7280:	49	10518	
7283:	260	
7287:	342	
7288:	190	
7300:	10512	
7301:	212	
7306:	53	69	82	88	89	98	102	106	110	115	116	124	129	144	149	175	198	209	213	254	287	292	329	341	372	394	400	412	421	427	10512	
7309:	421	
7315:	287	
7329:	61	207	252	300	436	
7331:	300	
7334:	148	329	
7338:	6	18	37	121	171	187	211	217	235	254	280	313	314	331	340	341	350	381	395	398	405	436	
7343:	49	406	10518	
7345:	222	
7347:	154	
7351:	17	144	166	325	334	342	430	
7352:	55	
7368:	430	
7369:	185	
7384:	20	110	146	190	311	412	
7391:	5	332	
7393:	43	124	10508	
7415:	67	
7418:	67	
7443:	402	
7505:	144	
7508:	15	81	
7555:	190	
7572:	415	
7576:	415	
7583:	415	
7584:	415	
7585:	16	133	
7588:	223	326	
7600:	145	270	409	
7601:	145	
7603:	145	
7606:	145	
7608:	145	
7609:	270	409	
7610:	145	
7611:	145	
7630:	127	
7640:	120	136	
7658:	137	198	343	
7659:	137	198	343	
7662:	198	
7663:	137	343	
7680:	415	
7684:	136	137	155	190	212	226	233	263	392	
7706:	212	
7723:	137	
7737:	277	
7739:	277	
7743:	45	212	
7763:	67	
7764:	67	
7778:	8	99	123	135	136	155	176	216	218	243	294	343	382	392	415	420	10513	
7818:	103	
7826:	290	
7833:	20	145	214	279	307	343	346	
7834:	290	
7836:	290	
7837:	297	
7838:	300	
7839:	4	25	29	36	46	48	51	60	65	77	84	100	119	148	158	167	172	174	182	184	185	191	204	273	274	279	285	295	302	303	323	339	355	365	385	392	396	406	411	413	415	437	10519	
7844:	279	
7853:	300	
7894:	181	
7903:	32	
7922:	111	
7928:	179	
7979:	15	
7987:	67	
7989:	84	
7994:	5	14	257	260	394	
8002:	17	53	124	132	168	183	222	234	235	243	254	261	277	309	313	322	328	332	340	343	344	375	376	392	407	433	434	435	10508	10512	
8006:	21	133	314	331	
8012:	315	
8013:	27	28	308	
8026:	17	
8031:	87	121	136	198	208	252	261	392	395	415	
8055:	93	
8064:	315	
8067:	369	
8141:	255	
8168:	372	
8169:	395	
8183:	19	57	208	289	308	383	
8197:	20	80	120	128	148	171	238	260	289	326	330	331	340	359	376	386	406	419	
8203:	386	
8216:	270	
8235:	127	190	316	
8246:	4	39	178	
8321:	315	
8328:	142	
8329:	142	
8373:	359	
8403:	17	53	113	297	
8443:	39	
8450:	171	432	
8454:	231	
8478:	99	
8493:	400	
8494:	400	
8514:	136	
8522:	362	
8523:	323	
8528:	198	
8531:	68	
8540:	266	
8567:	165	
8576:	177	406	
8577:	359	386	
8584:	82	
8591:	20	134	
8593:	12	96	
8603:	80	
8607:	433	
8624:	297	
8630:	136	
8671:	210	
8674:	210	
8675:	94	
8687:	150	256	
8698:	188	291	
8699:	248	
8731:	77	113	145	159	198	386	415	
8735:	113	145	159	198	415	
8738:	315	
8759:	145	
8764:	361	
8776:	158	
8777:	158	
8782:	315	
8784:	357	387	
8785:	274	
8798:	133	
8807:	246	304	
8832:	166	
8853:	201	
8859:	347	
8860:	167	
8861:	167	
8866:	315	
8867:	266	
8868:	240	
8872:	185	
8900:	27	375	
8902:	123	
8939:	124	
8945:	133	
8947:	123	
8990:	406	
8999:	4	21	29	36	51	58	60	65	112	113	117	124	133	184	204	216	229	257	281	303	331	373	385	437	10517	
9001:	21	29	36	51	58	60	65	112	113	184	204	229	281	303	331	385	437	10517	
9002:	315	
9023:	106	
9065:	310	
9123:	419	
9144:	278	
9145:	278	
9147:	131	
9160:	402	
9199:	312	
9201:	233	359	
9204:	411	
9213:	312	
9224:	173	
9231:	315	
9239:	223	
9247:	4	
9262:	64	
9274:	64	
9297:	355	392	411	415	
9314:	273	
9318:	273	
9336:	40	44	52	73	108	198	208	319	343	417	418	10507	
9341:	418	
9360:	23	56	300	352	
9371:	23	56	
9372:	285	
9399:	10521	
9424:	367	
9470:	10508	
9475:	7	
9502:	315	
9503:	315	
9504:	315	
9533:	265	
9535:	43	
9537:	315	
9540:	99	
9541:	4	17	20	29	36	40	45	46	51	60	65	77	80	94	99	100	101	105	111	123	124	136	148	167	172	176	184	188	191	201	204	214	216	222	227	235	240	274	289	290	291	294	303	304	316	335	339	343	356	357	373	385	400	405	407	411	415	418	421	436	437	10507	10511	10513	
9546:	99	
9547:	99	105	123	176	188	240	294	
9551:	304	
9579:	211	344	
9584:	170	236	
9589:	81	
9591:	44	81	245	280	
9599:	108	417	
9604:	417	
9605:	417	
9609:	213	
9610:	5	17	45	80	112	119	124	128	136	161	167	178	198	213	214	216	228	234	261	262	290	316	324	332	339	354	355	359	360	396	415	422	10525	
9612:	290	
9626:	250	284	359	
9627:	212	
9629:	45	
9656:	417	
9658:	108	280	417	
9666:	120	
9676:	383	
9678:	107	
9685:	32	39	45	139	177	286	
9690:	32	
9720:	101	
9750:	359	
9772:	155	
9787:	145	
9797:	133	182	386	
9806:	113	145	159	198	415	10507	
9827:	137	
9841:	21	177	198	386	
9884:	185	
9919:	115	
9965:	314	
9968:	349	
10049:	4	71	99	120	127	130	240	278	324	366	378	429	10519	
10052:	99	120	130	240	278	324	366	429	10519	
10053:	99	120	130	240	278	366	429	10519	
10061:	99	154	357	361	366	
10066:	39	
10080:	233	432	
10110:	108	211	219	417	
10116:	96	
10144:	23	56	61	108	205	300	351	352	440	
10164:	133	
10189:	265	
10191:	120	
10199:	201	257	335	357	10528	
10200:	65	204	10517	
10201:	29	51	60	77	84	184	303	351	385	437	
10202:	135	
10214:	151	
10225:	191	302	340	10509	
10254:	62	103	127	272	275	304	328	347	
10257:	304	
10259:	127	
10263:	99	
10272:	185	
10277:	6	21	80	112	134	138	161	179	198	234	254	307	343	360	365	
10281:	161	
10285:	365	
10291:	161	198	307	343	
10294:	179	
10295:	179	
10297:	10507	
10304:	128	138	333	
10315:	304	
10325:	99	105	240	
10327:	107	
10333:	16	69	107	116	249	287	329	
10338:	329	
10339:	329	
10340:	329	
10341:	329	
10345:	39	136	307	314	331	332	355	359	
10346:	43	
10349:	5	16	18	20	24	69	116	148	167	214	267	319	325	329	343	436	440	10508	
10354:	436	
10355:	18	24	
10356:	195	
10357:	195	
10358:	6	214	
10360:	214	406	
10375:	76	170	245	289	405	10508	10528	
10377:	124	245	340	386	
10378:	386	
10380:	179	
10385:	423	
10388:	8	16	76	103	171	177	211	212	436	
10389:	177	
10390:	212	
10391:	212	
10392:	212	
10402:	16	245	350	352	
10403:	16	
10410:	133	
10412:	133	
10426:	127	165	167	
10428:	127	
10433:	228	
10482:	432	
10508:	409	
10550:	236	
10587:	242	
10588:	89	248	
10590:	124	135	147	202	204	353	
10593:	368	
10614:	310	
10621:	247	
10622:	247	
10668:	17	311	412	
10672:	142	
10681:	15	349	372	409	
10688:	245	424	
10693:	207	300	
10694:	207	300	
10709:	315	
10727:	177	
10737:	221	367	
10749:	4	201	335	339	357	392	418	
10757:	201	
10770:	29	36	51	60	64	84	184	225	229	285	291	303	317	385	437	
10773:	127	
10813:	340	
10816:	26	36	58	65	71	77	84	85	113	148	203	225	229	250	263	271	310	320	351	429	10517	10522	10524	
10821:	250	310	
10837:	169	
10871:	433	
10931:	155	
10947:	315	
10953:	116	
10962:	252	
10973:	290	
10974:	290	
10979:	161	
10990:	10508	
10991:	10508	
10997:	399	10508	
11018:	151	342	
11098:	349	
11101:	43	349	
11108:	297	
11111:	179	
11130:	318	
11131:	318	
11137:	20	80	126	161	373	
11140:	348	
11144:	138	192	242	275	348	
11149:	275	
11177:	95	229	284	286	333	406	420	433	
11195:	29	51	57	58	60	77	84	144	171	184	290	292	303	308	351	385	416	428	437	
11199:	428	
11201:	428	
11202:	428	
11205:	10529	
11206:	349	
11211:	27	311	10529	
11215:	311	
11217:	10529	
11241:	196	
11255:	15	90	135	142	145	151	171	318	349	404	419	
11261:	15	
11262:	171	
11275:	24	116	300	
11278:	24	116	300	
11324:	262	
11393:	18	24	34	56	124	135	226	248	249	252	287	288	300	314	329	340	342	379	394	396	406	427	434	435	10512	
11404:	396	427	
11405:	226	
11413:	55	432	
11415:	55	432	
11418:	21	289	340	370	
11423:	112	
11437:	252	
11445:	15	
11448:	116	
11460:	208	
11521:	330	
11531:	419	
11550:	43	
11564:	221	223	367	
11594:	255	
11605:	19	
11610:	5	6	12	16	17	21	54	56	64	69	74	81	82	88	96	99	106	107	112	114	115	116	119	122	128	131	134	135	136	138	139	144	149	155	161	163	168	173	177	181	186	190	197	198	209	213	222	227	230	236	238	244	246	252	253	257	261	267	275	279	287	291	292	293	302	308	313	316	317	322	325	333	341	342	345	354	359	364	372	378	379	394	395	398	400	412	414	424	426	427	430	432	433	
11624:	347	
11630:	278	
11644:	128	290	
11660:	143	
11662:	226	
11680:	108	417	
11696:	343	
11706:	92	117	128	198	224	249	257	271	278	313	320	
11730:	128	
11735:	133	299	
11745:	136	161	324	
11747:	161	
11815:	116	209	252	
11816:	252	
11817:	252	
11832:	136	
11855:	23	37	47	133	197	200	205	
11967:	392	415	
11976:	182	
11980:	150	
12003:	16	18	20	69	124	144	187	267	313	325	10529	
12007:	18	
12008:	16	18	
12021:	128	138	144	151	328	333	404	420	
12029:	328	
12036:	333	
12040:	138	333	
12045:	156	
12051:	6	15	17	120	124	161	213	239	248	259	313	328	330	343	393	405	
12065:	188	
12075:	98	151	311	
12084:	422	
12088:	56	110	325	
12091:	123	173	188	
12097:	194	364	10526	
12142:	5	28	30	40	49	65	113	114	117	146	193	204	208	229	251	292	308	336	337	338	342	345	380	412	413	426	10517	10518	
12175:	43	
12178:	43	
12242:	94	
12246:	271	
12279:	94	
12281:	440	
12299:	93	355	
12302:	97	
12304:	6	136	144	179	359	
12353:	171	
12360:	26	84	111	315	422	10522	
12399:	5	16	106	111	112	128	134	158	179	187	214	216	235	237	274	313	332	376	
12400:	5	16	106	111	112	128	134	187	214	216	235	237	274	313	332	
12408:	81	
12413:	203	211	225	246	304	336	339	365	387	400	
12415:	304	339	
12436:	258	416	
12448:	236	
12499:	197	213	278	
12507:	213	
12518:	425	
12611:	407	
12620:	304	
12621:	108	367	415	
12622:	108	
12673:	361	
12682:	223	
12721:	128	
12750:	169	352	
12754:	265	
12766:	367	
12768:	367	
12816:	135	
12861:	188	
12908:	179	
12909:	179	
12941:	167	
12958:	4	17	101	148	415	418	
12973:	187	
12974:	247	
12982:	265	
12984:	265	
13004:	413	
13005:	413	
13007:	432	
13009:	424	
13045:	7	
13054:	348	
13088:	209	
13113:	36	48	78	265	285	
13116:	285	
13128:	382	
13155:	386	
13188:	246	
13206:	134	275	
13239:	257	
13242:	20	134	
13249:	4	5	14	37	44	45	80	111	112	121	124	133	148	167	170	187	191	211	214	217	238	241	245	254	257	261	278	289	307	316	335	339	341	343	344	350	376	381	388	392	395	399	400	401	405	407	10509	10528	10529	
13251:	14	121	245	405	
13256:	5	14	133	238	254	381	388	399	
13258:	121	
13259:	5	
13260:	5	
13265:	5	14	394	
13273:	20	170	249	331	391	424	
13276:	424	
13277:	391	424	
13287:	5	
13289:	14	
13318:	66	
13320:	428	
13328:	116	197	
13359:	10	17	23	40	45	55	59	73	80	112	158	171	177	190	198	211	214	230	249	291	296	302	317	362	406	415	441	10507	10521	
13365:	291	317	
13370:	45	
13371:	190	
13372:	362	
13378:	415	
13384:	20	245	248	
13419:	108	
13425:	167	
13429:	97	171	177	347	402	432	
13435:	402	
13473:	97	
13474:	97	
13495:	377	
13497:	56	252	300	
13498:	287	300	
13516:	431	
13520:	420	
13522:	35	81	290	
13525:	15	22	35	36	40	97	128	129	135	139	141	151	166	176	196	213	224	233	242	266	270	284	294	326	342	372	378	404	406	428	430	
13538:	294	
13578:	135	
13580:	240	
13581:	407	
13588:	75	173	266	325	425	
13668:	108	
13677:	382	418	436	
13678:	382	
13684:	214	216	343	
13686:	2	122	132	148	185	230	248	270	295	296	299	346	349	396	427	432	
13701:	132	145	226	266	
13703:	145	
13714:	179	360	
13717:	111	237	355	
13721:	214	
13740:	203	
13760:	190	
13841:	56	110	116	166	248	260	329	340	354	
13846:	420	
13849:	16	135	142	145	252	313	419	
13855:	95	155	434	435	
13857:	155	391	433	434	435	
13895:	362	
13899:	17	158	195	257	406	10524	
13907:	135	284	406	417	
13908:	284	
13918:	266	382	417	
13920:	424	
13928:	242	
14005:	103	
14006:	145	251	
14017:	177	
14038:	115	
14055:	317	368	
14087:	169	
14089:	402	
14109:	349	
14111:	33	
14121:	124	294	296	
14134:	150	
14135:	150	
14136:	150	
14163:	342	
14164:	325	
14176:	43	143	339	355	
14179:	5	30	40	49	65	113	114	117	146	193	204	208	229	251	292	308	336	337	338	342	345	380	412	413	426	10517	10518	
14181:	337	
14183:	122	
14195:	349	
14196:	177	230	296	406	
14198:	17	44	81	245	279	280	302	
14241:	285	
14245:	177	285	
14260:	296	
14266:	90	
14296:	39	293	
14323:	161	
14324:	161	
14338:	133	172	198	214	
14340:	133	
14344:	55	135	179	198	211	215	343	388	395	432	
14346:	388	395	
14349:	392	415	
14351:	234	257	415	
14354:	234	
14362:	5	137	
14367:	48	108	219	
14374:	161	
14382:	16	
14384:	16	
14386:	284	433	
14417:	290	
14457:	139	
14471:	35	81	128	195	284	290	359	372	378	
14472:	188	
14476:	77	80	124	136	148	170	201	204	214	238	243	289	290	326	331	340	341	343	356	359	373	386	392	406	415	419	
14490:	124	
14522:	211	372	406	407	
14525:	406	
14539:	97	139	145	226	251	260	292	295	308	362	438	
14546:	145	251	
14551:	362	
14553:	226	
14573:	8	17	40	55	80	89	103	128	133	158	171	177	230	248	289	290	296	298	343	347	352	406	436	10507	
14574:	89	177	248	
14575:	133	
14578:	248	
14579:	171	177	230	296	
14580:	347	
14587:	213	
14592:	219	
14601:	56	404	
14606:	122	
14616:	286	
14624:	287	
14629:	15	77	80	107	136	161	174	179	190	195	198	234	257	262	274	295	354	356	373	394	415	10511	
14630:	161	190	
14631:	234	
14637:	15	
14654:	228	
14658:	343	392	415	
14659:	415	
14663:	17	84	250	310	394	407	
14670:	250	
14676:	315	
14683:	145	
14686:	107	
14687:	107	
14688:	234	
14691:	217	
14692:	198	
14695:	25	
14697:	102	378	
14720:	177	230	
14735:	158	392	
14748:	432	
14774:	419	
14775:	419	
14779:	315	
14822:	387	
14831:	43	392	
14835:	392	
14836:	392	
14841:	61	296	
14850:	197	325	
14870:	112	
14885:	61	323	
14890:	335	
14891:	335	
14893:	98	317	
14897:	246	
14914:	10511	
14919:	215	315	
14947:	2	148	396	
14949:	415	
14958:	5	20	21	37	39	40	41	43	45	53	80	84	101	111	112	117	121	124	127	132	133	136	137	141	148	160	167	172	177	178	179	185	187	192	198	201	211	214	216	217	222	228	229	230	234	237	238	243	244	245	248	253	257	261	262	273	278	281	289	292	295	296	297	307	313	316	317	324	335	336	339	342	343	344	345	350	355	357	360	367	372	392	395	396	400	401	405	406	407	411	413	415	419	441	10507	10522	10524	10525	
14962:	137	198	343	
14963:	372	
14966:	343	
14969:	243	
14973:	21	111	112	167	179	214	216	234	245	262	278	281	343	
14974:	21	343	
14977:	37	41	121	136	141	167	198	222	228	238	253	360	400	10525	
14992:	108	154	164	174	213	228	266	354	365	
14994:	119	
14996:	359	
15011:	185	
15018:	97	112	177	213	267	286	311	349	363	
15021:	284	
15031:	281	
15044:	17	45	91	295	344	417	424	
15047:	432	
15052:	15	404	
15078:	4	20	80	93	111	112	124	127	134	136	148	154	161	167	174	179	185	192	195	198	211	214	216	217	243	245	261	289	307	331	341	343	344	372	376	394	395	399	400	407	421	436	10525	10528	
15087:	20	112	134	245	331	
15101:	154	
15107:	154	
15112:	134	
15113:	315	
15144:	12	49	107	126	230	336	351	407	413	10518	
15150:	297	
15151:	297	
15177:	228	
15182:	228	
15206:	112	179	214	216	355	360	
15207:	179	360	
15209:	262	
15214:	287	
15216:	287	
15222:	29	51	60	184	303	385	407	437	
15225:	10525	
15234:	248	
15243:	248	
15253:	417	
15264:	111	243	339	411	
15265:	111	
15266:	339	
15267:	73	274	
15276:	154	324	
15277:	154	
15280:	4	24	73	80	94	148	193	197	201	204	222	261	296	302	316	319	335	339	343	357	373	406	415	418	436	10525	
15281:	319	
15286:	296	
15287:	418	
15288:	418	
15292:	237	
15294:	214	307	355	392	415	
15315:	343	
15319:	132	137	218	350	
15355:	73	148	274	373	418	
15394:	171	
15451:	175	
15481:	4	73	
15507:	53	
15510:	361	
15520:	291	
15530:	221	
15553:	177	
15554:	34	147	288	
15577:	278	
15600:	301	
15616:	354	
15626:	105	
15637:	134	
15639:	145	
15647:	20	112	127	134	245	331	
15654:	145	333	
15657:	145	
15658:	145	333	
15692:	53	74	
15702:	425	
15711:	5	96	191	284	349	419	
15798:	112	
15808:	352	
15832:	163	322	415	
15849:	69	
15861:	161	
15873:	17	42	86	90	126	150	155	161	176	213	233	242	287	311	318	328	347	348	349	382	421	425	432	
15875:	22	56	95	300	318	
15881:	1	4	8	15	16	17	18	20	25	26	32	36	37	39	40	43	45	47	49	52	58	62	69	70	77	80	85	96	97	98	100	102	103	107	110	112	113	122	124	127	129	134	136	137	138	139	144	154	155	167	170	173	177	179	180	181	194	198	202	204	208	211	213	222	224	226	227	228	230	232	233	234	235	237	238	243	247	252	256	257	260	267	272	275	286	291	296	298	311	316	326	330	331	333	336	339	340	341	342	345	346	351	353	354	356	359	361	364	367	375	377	379	380	387	388	391	394	396	400	404	405	406	407	413	414	415	417	420	424	427	430	432	433	434	435	436	10508	10511	10518	10519	10522	10524	10526	
15883:	80	377	
15884:	17	127	
15885:	154	
15890:	97	226	311	326	
15891:	177	224	230	406	10519	
15897:	17	69	96	112	122	144	267	379	414	430	
15899:	124	296	
15910:	138	
15917:	69	252	272	300	301	325	436	
15924:	325	
15927:	301	
15937:	103	319	325	418	
15959:	161	
15975:	266	
15984:	24	
15991:	107	
16000:	329	
16004:	268	329	
16005:	329	
16048:	336	
16060:	257	262	
16071:	113	
16086:	56	62	95	139	156	188	240	284	300	380	
16100:	107	327	
16102:	294	
16121:	20	169	333	342	
16126:	234	
16142:	116	131	
16143:	131	
16160:	103	
16163:	151	190	256	259	386	10508	
16167:	116	142	144	171	328	329	
16193:	233	
16198:	233	
16200:	127	154	
16217:	255	
16218:	255	
16220:	190	
16224:	165	
16225:	165	
16238:	17	112	234	302	406	
16239:	234	
16242:	214	
16243:	274	
16250:	107	
16251:	62	75	112	128	135	166	177	178	179	190	197	198	201	203	212	214	216	229	261	284	295	316	343	360	366	379	392	428	
16254:	62	135	
16257:	135	
16263:	12	54	96	
16314:	306	
16335:	270	
16339:	16	151	166	329	382	430	
16349:	415	
16374:	256	
16377:	97	
16378:	97	
16381:	97	
16388:	179	
16389:	179	
16493:	48	
16505:	188	
16506:	70	161	
16544:	433	
16634:	181	
16638:	131	
16657:	116	
16672:	259	
16683:	112	128	
16701:	97	117	
16706:	402	
16715:	90	
16720:	37	84	112	167	195	201	227	248	253	262	345	415	427	428	10508	
16733:	24	
16742:	407	
16744:	407	
16746:	155	320	372	420	
16774:	185	
16786:	372	
16788:	372	
16812:	419	
16849:	73	
16883:	270	
16890:	93	170	
16912:	142	145	175	272	
16920:	116	
16927:	53	139	290	293	297	
16928:	297	
16933:	53	297	
16960:	142	
17012:	278	
17024:	276	284	
17050:	419	
17064:	97	382	
17065:	97	
17073:	54	140	153	163	168	183	227	322	364	10526	
17076:	151	242	
17093:	116	
17094:	116	
17104:	148	167	188	240	291	421	
17105:	188	240	
17154:	116	145	409	
17173:	152	
17178:	315	
17181:	176	
17194:	5	20	
17200:	5	313	405	
17203:	139	
17225:	315	
17232:	144	
17241:	34	288	
17246:	69	106	175	220	
17263:	34	288	
17289:	315	
17302:	150	
17336:	7	
17378:	185	
17384:	336	
17401:	190	
17402:	190	
17429:	103	232	362	
17432:	315	
17468:	310	320	
17486:	373	
17496:	381	
17519:	48	
17529:	103	195	352	417	436	
17548:	290	
17549:	247	
17552:	180	
17569:	22	
17578:	95	155	
17581:	95	155	
17634:	201	
17640:	223	
17660:	343	
17680:	178	179	222	307	355	415	
17693:	24	
17711:	115	428	
17713:	428	
17839:	171	
17840:	261	
17843:	254	
17845:	409	
17853:	151	
17915:	115	
17944:	419	
17963:	360	
17990:	115	
18039:	433	
18056:	6	
18060:	233	
18072:	181	
18081:	297	
18106:	190	
18115:	278	
18119:	234	
18174:	315	
18175:	2	4	17	40	44	45	53	80	111	132	133	134	136	148	158	167	171	178	192	211	214	238	261	278	289	295	307	335	339	343	344	346	350	357	376	392	395	396	401	415	10507	
18182:	396	
18186:	2	132	295	346	396	
18187:	132	396	
18191:	346	
18195:	2	132	295	346	396	
18199:	295	346	
18201:	2	132	
18202:	171	
18209:	192	
18241:	116	
18244:	399	
18397:	135	
18417:	343	392	411	415	
18446:	298	
18449:	298	
18453:	298	
18512:	290	
18556:	178	
18575:	115	
18620:	177	
18623:	177	
18657:	97	121	145	148	180	203	289	302	346	391	405	
18705:	94	
18716:	128	
18718:	74	129	308	
18729:	175	
18733:	54	96	227	308	
18744:	97	348	
18768:	41	
18778:	428	
18790:	1	297	
18866:	216	
18897:	128	
18898:	128	
18916:	197	
18925:	99	
18926:	99	
18932:	291	
18933:	291	
18956:	74	
18957:	74	
18961:	5	110	146	191	304	341	377	391	413	10509	10512	10528	
18988:	151	
19004:	112	189	
19013:	66	
19022:	17	101	103	110	121	134	158	178	195	212	220	230	257	298	346	350	355	406	407	436	
19030:	103	110	212	230	346	
19032:	115	
19039:	115	
19093:	177	
19097:	177	
19132:	23	47	56	61	106	205	292	300	351	352	440	
19133:	23	56	61	205	300	351	352	440	
19149:	262	
19155:	55	
19219:	22	
19236:	98	230	406	
19245:	233	348	
19246:	233	
19247:	348	
19257:	405	
19259:	80	
19269:	98	343	
19279:	315	
19304:	17	26	29	36	40	41	45	51	52	58	60	64	65	71	73	77	84	85	94	98	99	105	113	127	136	148	157	167	176	177	184	188	203	204	208	224	225	229	230	238	263	285	290	291	294	303	304	317	351	365	366	385	400	406	417	429	437	10517	10522	10524	
19312:	41	238	317	
19330:	244	
19376:	119	274	
19386:	57	
19421:	242	
19487:	294	
19509:	372	
19510:	406	
19527:	115	
19541:	193	302	319	406	436	
19556:	141	253	402	
19559:	402	
19584:	419	
19585:	419	
19605:	419	
19630:	288	
19633:	416	
19648:	34	288	
19652:	19	
19783:	404	
19859:	187	
19869:	152	
19879:	339	
19884:	171	
19885:	171	
19897:	136	148	235	243	304	313	339	343	
19898:	313	
19899:	136	
19909:	53	120	124	148	155	167	170	207	235	243	245	254	256	278	289	344	347	373	381	395	401	430	435	
19917:	384	
19918:	384	
19929:	1	65	67	71	77	85	158	204	205	218	229	232	310	325	345	10517	
19931:	229	
19933:	413	
19947:	402	
19966:	355	411	
19968:	355	
19971:	255	
19992:	135	
19995:	135	
20008:	302	
20046:	315	
20071:	214	
20077:	214	
20085:	432	
20087:	353	
20101:	23	244	298	302	
20104:	101	
20113:	353	
20121:	67	73	208	
20194:	417	
20230:	232	423	
20246:	107	
20282:	266	
20301:	10508	
20311:	238	391	
20318:	74	129	144	181	380	401	
20322:	74	129	
20338:	252	
20343:	195	342	
20346:	61	154	
20366:	17	
20391:	142	
20395:	142	
20404:	161	262	355	407	427	
20435:	219	
20451:	22	
20455:	106	
20471:	435	
20501:	274	
20502:	274	
20520:	310	320	
20531:	107	
20599:	59	
20653:	41	98	317	371	10513	
20657:	315	
20672:	69	150	419	
20705:	8	226	411	
20710:	8	
20711:	112	
20715:	128	
20740:	172	324	
20749:	115	
20752:	176	240	
20761:	347	
20789:	107	
20801:	299	
20867:	8	
20875:	115	
20876:	188	
20893:	103	127	128	296	
20902:	343	
20926:	319	
20985:	306	
20986:	306	
20987:	306	
20995:	107	
21003:	161	
21009:	198	
21020:	28	150	233	242	255	306	311	328	348	377	382	
21022:	28	150	
21023:	28	150	
21037:	318	
21046:	112	161	421	
21047:	421	
21063:	4	17	43	45	52	53	69	71	77	93	96	101	108	111	119	121	124	148	152	167	170	178	187	195	203	204	211	215	217	222	227	229	235	238	244	245	254	257	261	262	274	289	296	313	316	319	332	339	340	341	344	350	353	355	356	367	370	381	388	389	391	394	399	400	405	406	407	424	431	436	10507	10508	10524	10528	
21110:	65	204	10517	
21112:	15	81	265	287	346	432	436	
21116:	29	51	60	77	84	184	303	351	385	420	437	
21118:	48	
21119:	4	32	40	102	113	127	136	142	198	201	202	222	230	233	237	238	244	250	274	286	291	296	298	311	316	335	339	357	364	387	406	407	433	10522	10524	10526	
21136:	185	
21194:	12	
21200:	289	
21207:	181	
21216:	45	53	127	165	375	
21224:	348	419	
21225:	419	
21228:	419	
21230:	419	
21232:	348	419	
21236:	115	428	
21238:	428	
21251:	348	
21254:	136	161	
21257:	106	292	
21259:	144	148	242	362	436	
21270:	15	17	20	45	69	82	88	89	102	106	110	115	116	124	129	144	150	175	198	208	209	212	213	214	250	253	278	284	291	292	298	302	311	329	341	349	355	359	372	407	412	427	10512	
21272:	250	284	359	
21275:	212	
21283:	69	82	88	89	102	106	110	115	116	124	129	175	198	209	213	292	329	341	372	412	427	10512	
21302:	17	302	
21305:	214	278	
21312:	349	
21320:	291	
21333:	45	
21343:	144	
21348:	4	36	67	73	84	167	211	228	229	246	254	258	263	285	302	304	324	339	351	365	387	392	415	
21350:	228	
21392:	144	242	
21402:	348	
21409:	348	
21413:	34	150	288	348	419	
21414:	34	288	
21415:	150	
21460:	150	
21463:	150	
21464:	150	419	
21468:	212	419	
21471:	15	17	20	35	51	55	58	103	113	171	177	190	204	227	230	245	248	249	287	296	299	356	362	406	
21473:	249	
21476:	15	299	
21480:	248	296	
21481:	248	296	
21489:	204	227	299	356	
21490:	204	227	356	
21493:	171	362	
21494:	299	
21501:	4	112	124	161	167	169	177	208	228	246	258	285	304	324	339	349	365	392	415	
21502:	167	246	258	304	324	339	365	392	415	
21503:	112	304	324	
21515:	349	
21518:	228	
21519:	4	
21520:	4	
21527:	25	27	62	181	213	280	306	361	391	
21556:	365	
21558:	319	
21564:	208	
21590:	367	
21594:	23	56	352	
21643:	1	385	
21649:	256	
21650:	256	
21673:	406	
21695:	108	367	417	
21696:	108	
21712:	290	
21720:	145	
21721:	145	
21736:	91	
21830:	173	
21832:	4	411	
21842:	110	
21843:	110	
21848:	53	121	
21849:	53	121	
21864:	25	
21870:	10	69	167	179	187	211	245	257	340	344	388	401	
21871:	187	245	388	
21875:	99	105	240	
21881:	10522	
21882:	10522	
21883:	12	109	114	258	282	292	308	10526	
21884:	282	
21886:	23	112	145	
21895:	107	
21905:	141	214	217	253	292	
21919:	103	148	260	287	
21932:	23	
21958:	362	
21977:	297	
21982:	323	
21995:	327	
22022:	278	
22034:	349	
22044:	15	248	348	349	
22046:	198	348	
22048:	348	
22055:	242	
22056:	242	
22070:	199	
22084:	97	
22085:	97	
22090:	16	
22123:	12	30	47	54	114	140	153	163	164	168	183	194	227	269	277	308	322	334	356	364	378	10523	10526	10527	
22126:	134	
22127:	134	
22139:	80	137	304	324	392	415	
22149:	307	
22195:	198	234	343	
22199:	198	
22202:	180	280	362	
22204:	61	
22212:	188	
22224:	411	
22252:	188	
22283:	161	
22288:	382	
22289:	382	
22296:	279	
22302:	155	
22313:	427	
22322:	25	29	40	51	60	80	108	167	172	184	303	361	385	437	
22353:	275	
22361:	6	214	
22405:	255	
22426:	86	
22454:	255	
22458:	244	
22494:	45	190	348	382	
22502:	197	226	242	266	345	
22548:	177	
22549:	177	
22557:	432	
22579:	177	230	290	296	406	
22590:	32	177	
22605:	93	
22614:	93	
22628:	407	
22638:	97	
22739:	223	287	300	
22747:	300	
22768:	32	136	366	
22771:	119	172	213	307	318	343	392	411	415	
22781:	155	
22783:	17	29	46	51	60	65	77	94	106	121	136	184	189	191	192	204	213	214	222	228	229	238	257	274	291	302	303	307	316	319	329	342	350	355	359	385	389	399	400	406	416	437	440	10508	10512	
22786:	238	257	
22788:	10508	
22805:	201	
22833:	94	
22844:	357	
22855:	136	
22892:	154	
22894:	76	
22920:	422	
22932:	111	240	422	
22975:	115	
22980:	81	
23000:	68	233	421	
23032:	306	
23056:	8	
23087:	310	
23094:	8	17	40	42	45	126	136	145	161	167	177	213	233	248	286	289	296	298	311	316	318	326	335	339	342	343	347	349	392	406	415	425	432	10507	
23095:	17	
23108:	8	
23189:	91	
23191:	440	
23204:	5	43	53	76	124	187	243	249	289	391	405	10508	
23214:	313	
23215:	313	
23221:	309	
23222:	309	
23230:	252	
23231:	252	
23245:	363	
23247:	8	32	45	102	190	213	242	362	441	
23256:	420	
23273:	57	380	
23319:	190	
23320:	190	
23362:	171	177	
23366:	74	
23367:	74	
23368:	32	36	238	302	307	313	335	339	418	
23381:	392	
23400:	69	
23408:	424	
23419:	262	
23434:	345	
23435:	226	
23437:	226	
23443:	22	98	291	
23445:	355	
23448:	355	
23450:	145	
23458:	310	
23475:	56	300	
23478:	108	
23491:	97	
23504:	107	
23508:	116	
23521:	48	73	
23533:	113	158	171	177	230	248	406	413	
23534:	113	158	171	177	230	248	406	
23535:	113	248	
23568:	312	
23571:	81	102	213	345	363	
23609:	139	359	
23628:	242	
23637:	81	128	129	154	213	224	260	272	286	290	305	311	422	433	
23638:	422	
23651:	286	
23655:	272	305	
23656:	272	305	
23660:	272	290	311	
23674:	103	405	
23692:	208	357	
23727:	19	
23733:	351	10523	
23737:	12	30	54	114	140	153	163	164	168	183	194	227	277	308	322	334	356	364	10523	10526	10527	
23765:	70	
23798:	5	138	213	295	
23803:	6	102	
23810:	19	61	197	231	376	383	10507	
23814:	61	
23828:	58	71	73	77	132	170	180	203	243	295	310	357	388	408	10517	10524	
23849:	93	135	
23867:	244	
23904:	328	
23910:	224	229	242	272	290	297	305	349	397	
23915:	297	
23939:	279	
23941:	279	
23954:	5	30	40	49	65	113	114	117	146	193	204	208	229	251	292	308	336	337	338	342	345	380	412	413	426	10517	10518	
23966:	431	
24006:	215	
24007:	315	
24056:	329	
24094:	219	
24106:	107	
24183:	91	
24185:	197	
24211:	236	
24228:	427	
24229:	427	
24230:	427	
24231:	355	
24249:	287	427	
24265:	306	
24269:	306	
24271:	306	
24274:	427	
24303:	165	
24312:	150	
24314:	150	
24322:	124	134	148	331	395	
24360:	98	
24363:	116	
24367:	116	
24375:	92	
24377:	97	
24379:	97	
24386:	48	233	
24393:	48	
24407:	192	198	234	257	277	343	415	
24416:	198	
24429:	102	
24443:	15	28	242	260	328	
24454:	190	
24458:	2	185	230	296	326	377	396	406	
24459:	2	185	230	296	326	377	396	406	
24465:	120	175	213	219	272	292	345	350	440	
24487:	142	
24531:	348	
24552:	300	
24557:	419	
24578:	432	
24615:	367	
24636:	15	17	20	21	43	48	96	112	121	122	124	129	133	135	155	161	167	171	179	180	187	189	190	198	216	218	222	226	228	230	234	257	261	278	290	291	295	307	308	316	332	343	344	345	350	354	360	373	379	394	395	400	407	430	436	10511	10529	
24638:	17	161	307	308	10529	
24641:	20	21	96	112	129	133	167	198	234	332	343	344	345	360	400	
24646:	246	258	304	
24654:	270	409	
24681:	1	69	78	79	113	117	263	333	385	416	
24682:	69	
24687:	69	
24693:	409	
24717:	116	
24718:	116	
24721:	30	47	97	114	164	168	183	194	322	364	387	404	10526	
24724:	236	
24752:	252	10512	
24753:	23	110	248	287	342	368	
24755:	39	
24777:	37	168	232	359	369	387	406	10517	
24782:	98	224	
24784:	106	
24786:	1	13	25	26	27	29	30	31	36	39	46	47	51	52	54	58	60	65	67	68	71	73	75	77	78	79	82	84	85	87	95	99	100	113	117	123	125	140	147	153	156	163	164	168	174	183	184	191	192	194	197	199	200	202	203	204	207	208	225	229	240	253	263	269	275	281	282	293	300	303	308	351	353	364	366	376	385	387	388	416	429	437	10511	10513	10517	10519	10521	10522	10523	10524	10526	
24787:	13	29	31	51	52	60	68	71	73	79	84	113	147	184	202	208	229	303	353	385	437	10521	10522	10524	
24794:	425	
24803:	23	27	47	56	63	205	342	
24810:	40	413	
24825:	8	30	52	65	71	77	85	100	121	221	222	343	351	385	388	415	
24826:	98	247	291	310	317	320	
24839:	32	39	286	
24840:	379	
24845:	1	4	5	6	9	11	12	13	14	15	16	17	20	21	26	27	30	31	36	37	41	43	47	50	51	52	53	54	57	58	62	63	64	65	67	71	74	75	77	78	80	81	82	84	85	88	93	95	96	97	98	99	100	103	105	111	112	114	116	117	119	120	121	124	126	127	129	130	132	133	135	136	137	140	141	144	145	147	148	149	151	153	155	156	161	163	164	167	168	174	175	176	177	179	180	183	185	187	190	191	192	194	196	197	198	199	200	201	202	203	204	206	207	209	212	213	214	216	217	218	225	227	228	229	230	232	234	235	236	240	243	245	248	249	250	253	254	257	258	259	260	261	262	263	269	270	278	279	290	295	298	300	305	307	308	309	312	313	316	317	321	322	325	329	330	331	332	334	336	339	340	342	343	344	345	350	351	356	358	360	364	366	367	368	373	374	375	376	380	381	387	388	390	392	395	396	397	399	400	401	405	406	407	414	415	418	419	420	421	427	428	429	432	434	435	436	441	10507	10508	10509	10511	10512	10519	10522	10523	10524	10525	10526	10527	10529	
24846:	12	54	58	67	82	95	100	147	163	174	180	183	197	199	200	263	300	342	356	358	366	368	376	387	429	
24852:	5	6	15	17	27	32	35	37	41	47	48	70	71	77	88	93	96	98	102	112	119	120	124	127	134	135	137	161	167	177	185	188	198	203	204	208	209	213	214	222	227	234	244	248	253	257	259	262	274	287	290	291	292	293	304	310	324	330	331	332	337	339	345	349	354	356	359	360	388	392	400	406	407	412	415	422	425	427	433	10507	10512	10517	10524	10525	
24860:	5	124	167	214	332	339	354	359	360	10525	
24863:	310	
24864:	15	
24866:	135	161	244	
24867:	257	
24869:	310	407	
24873:	37	339	
24875:	41	98	291	
24879:	345	
24881:	161	425	
24887:	15	
24888:	96	120	185	292	412	
24889:	177	
24891:	127	337	
24892:	290	
24903:	411	
24905:	343	
24907:	103	200	232	368	
24910:	170	421	
24919:	27	87	136	138	168	194	208	213	251	336	342	376	384	413	
24961:	364	
24982:	418	
24991:	182	
25011:	208	274	315	
25029:	195	219	319	352	367	382	418	436	440	
25036:	268	
25046:	17	
25076:	440	
25095:	13	46	78	385	
25112:	4	44	121	148	174	187	214	245	257	289	302	315	325	341	350	381	395	399	400	405	407	424	436	
25122:	262	
25128:	10526	
25131:	131	
25138:	32	
25139:	131	333	
25185:	284	
25219:	328	
25220:	328	
25252:	10	257	340	
25292:	211	
25301:	112	289	326	359	386	
25344:	97	287	432	
25374:	73	167	172	208	274	290	
25375:	167	
25381:	386	418	
25383:	386	
25384:	418	
25398:	238	433	
25423:	103	
25433:	260	
25438:	198	
25439:	21	343	
25441:	198	
25445:	6	59	92	110	134	224	229	278	378	427	10507	10529	
25447:	28	
25449:	28	
25450:	290	
25451:	8	17	20	32	40	45	69	87	100	102	110	119	127	174	175	177	180	213	222	228	237	247	257	258	274	292	316	345	365	379	392	406	407	415	10507	10511	
25459:	127	
25469:	22	
25470:	304	
25499:	315	
25571:	266	
25574:	266	
25578:	4	26	39	84	178	236	266	289	351	392	
25580:	236	
25585:	266	
25616:	108	367	417	
25619:	417	
25621:	417	
25681:	417	
25702:	389	
25745:	70	
25747:	70	
25784:	69	214	
25905:	131	316	
25906:	316	
25934:	96	419	
25953:	392	
25962:	386	
25977:	17	43	45	70	101	116	134	136	213	236	243	251	253	257	279	280	284	311	316	359	404	418	430	
25978:	17	43	45	70	101	116	134	136	236	251	253	257	279	280	284	311	359	404	418	430	
25980:	325	
25983:	198	
26005:	94	
26010:	94	
26012:	94	
26018:	382	
26042:	154	
26046:	315	
26064:	420	
26067:	420	
26074:	315	
26075:	122	
26081:	265	
26111:	422	
26126:	367	
26138:	24	116	300	
26153:	107	128	327	
26164:	107	327	
26278:	4	258	304	324	
26288:	268	
26295:	112	
26317:	34	288	
26329:	145	409	
26336:	405	
26356:	192	
26363:	405	
26393:	365	
26402:	195	
26415:	7	
26468:	145	
26470:	179	
26471:	270	409	
26472:	270	
26501:	145	
26502:	145	
26534:	4	142	359	
26554:	7	304	
26558:	362	
26570:	135	
26588:	354	
26596:	342	354	
26599:	354	
26611:	354	
26622:	354	
26642:	345	
26645:	116	
26754:	198	
26806:	128	302	
26840:	417	
26848:	98	127	317	
26853:	96	115	120	144	175	185	213	284	292	345	397	398	412	
26859:	213	
26878:	342	
26888:	10512	
26969:	304	
27026:	10525	
27091:	116	
27110:	139	
27111:	372	
27114:	145	
27127:	279	
27153:	278	
27156:	425	
27166:	201	
27204:	94	
27207:	115	
27275:	5	6	12	16	27	28	34	63	69	70	74	81	82	97	110	116	128	136	141	142	145	163	166	168	175	177	183	185	209	212	213	220	226	252	253	260	275	277	288	290	300	307	322	329	333	334	339	342	356	364	372	379	380	390	402	406	419	428	430	441	10525	10526	
27277:	110	116	145	209	212	290	307	329	428	
27295:	2	116	230	266	296	346	354	396	406	427	
27316:	103	
27317:	142	
27326:	10508	
27336:	440	
27356:	101	394	
27357:	101	394	
27453:	16	267	
27459:	362	
27466:	296	
27469:	18	267	395	
27474:	165	
27475:	16	
27485:	16	18	167	267	313	395	436	
27490:	16	18	267	
27538:	10529	
27539:	10529	
27559:	10508	
27574:	196	
27584:	136	
27597:	315	
27617:	136	175	228	260	
27623:	186	354	
27627:	145	333	372	
27630:	333	
27637:	306	
27645:	135	
27664:	218	228	
27665:	302	
27668:	8	
27675:	5	26	40	43	58	65	71	77	84	85	94	98	113	134	139	158	167	172	174	182	198	204	214	228	229	243	246	253	258	273	274	285	289	304	307	313	316	324	335	336	339	349	351	354	365	369	378	392	395	400	408	413	414	415	429	10517	10519	10522	10524	
27680:	378	
27681:	324	
27683:	304	
27702:	97	177	213	267	286	311	363	
27730:	242	
27731:	175	
27736:	36	310	320	
27738:	355	
27758:	315	
27775:	10508	
27798:	139	
27799:	139	359	
27826:	17	
27853:	421	
27868:	134	
27871:	39	
27879:	440	
27888:	214	392	
27912:	388	
27920:	4	5	20	22	36	40	41	43	44	63	80	81	101	106	111	112	121	133	136	139	145	148	158	165	167	172	187	196	198	207	219	222	224	230	238	241	243	248	253	254	256	257	260	261	266	274	278	281	289	292	295	296	297	335	339	342	343	344	346	370	372	373	381	388	392	395	400	401	405	406	407	411	415	418	419	428	10508	
27921:	370	388	
27922:	145	
27930:	34	97	122	129	142	151	166	171	177	242	253	255	287	288	348	349	382	402	419	432	
27931:	255	
27934:	15	
27935:	165	262	
27936:	15	102	120	128	138	145	151	174	213	259	279	290	319	329	333	358	406	
27941:	128	259	279	333	
27944:	138	
27948:	151	
27952:	332	
27967:	432	
27968:	432	
27983:	83	132	177	230	290	295	296	317	406	
27987:	132	172	173	177	185	198	212	214	228	260	339	355	411	
27999:	190	413	
28005:	247	
28077:	325	
28091:	136	187	331	415	
28094:	357	
28108:	136	137	
28110:	218	392	
28178:	17	
28188:	17	
28193:	137	
28213:	120	256	
28242:	185	212	226	342	
28244:	226	
28249:	226	
28251:	115	
28254:	115	
28255:	15	
28264:	158	
28301:	114	247	292	
28358:	315	
28369:	315	
28377:	215	
28385:	38	
28386:	315	
28399:	433	
28422:	90	
28443:	359	
28445:	311	
28452:	311	
28470:	4	40	45	80	136	172	214	222	228	229	289	316	335	339	342	343	350	392	407	415	10507	10517	
28485:	10507	
28494:	41	197	
28515:	56	63	74	205	300	
28520:	74	
28525:	265	
28533:	311	
28534:	311	
28539:	12	174	197	242	343	348	
28541:	348	
28557:	200	
28564:	5	
28567:	4	23	37	47	52	58	84	103	113	178	180	197	200	204	211	220	229	232	254	260	331	341	368	388	413	424	436	440	10517	10524	
28568:	103	260	
28572:	200	388	
28616:	144	149	190	209	412	430	
28630:	256	
28631:	84	258	
28632:	407	
28633:	407	
28642:	102	139	141	171	196	244	260	270	285	292	365	
28645:	244	
28655:	359	
28656:	359	
28659:	297	326	
28661:	32	98	119	124	127	137	139	144	174	203	213	214	229	256	269	275	337	342	360	366	386	415	
28662:	213	360	
28665:	144	275	342	
28667:	174	
28668:	2	5	8	17	18	21	37	41	42	45	80	81	95	98	102	108	110	116	121	124	128	129	132	134	136	141	142	144	145	161	167	173	177	178	179	185	198	200	201	209	212	216	217	218	222	226	228	230	235	237	238	240	252	253	256	257	260	290	292	296	297	298	299	300	304	307	316	317	329	331	335	337	339	344	350	354	357	359	360	365	367	378	381	399	400	401	406	407	411	417	418	419	427	428	434	435	436	10513	10525	
28685:	123	
28700:	201	222	335	339	357	
28705:	299	
28712:	64	
28757:	240	
28772:	173	422	
28773:	161	187	262	
28776:	198	201	
28806:	310	
28812:	142	
28813:	142	
28863:	42	77	123	178	
28864:	123	
28906:	134	
28919:	165	
28920:	165	
28942:	340	394	
28943:	340	394	
28965:	134	
28973:	44	346	
28975:	346	
28979:	346	
28983:	185	295	346	
28988:	2	346	396	
29001:	346	
29009:	132	
29017:	2	132	
29023:	76	170	191	340	10509	
29050:	355	
29085:	188	
29090:	177	
29091:	8	15	35	73	97	138	190	204	208	224	229	230	247	248	266	272	284	290	294	296	297	311	359	378	406	419	441	10517	
29093:	290	
29108:	54	
29167:	34	288	
29194:	419	
29204:	201	
29237:	236	
29263:	246	258	
29302:	20	134	
29324:	415	
29331:	98	102	127	213	292	317	
29332:	98	127	317	
29334:	103	
29336:	129	142	192	
29353:	226	306	
29367:	17	
29370:	311	
29377:	15	349	
29382:	17	80	405	
29391:	195	
29402:	56	260	272	361	
29403:	272	
29433:	103	
29496:	8	127	165	177	228	343	
29503:	135	
29542:	311	
29551:	12	29	51	60	184	303	385	437	
29556:	29	51	60	184	303	385	437	
29566:	433	
29618:	81	182	
29650:	315	
29721:	339	
29741:	25	40	45	80	136	208	284	289	
29745:	211	
29752:	21	43	
29789:	286	
29790:	93	358	
29810:	111	214	216	
29812:	400	
29818:	405	
29820:	34	55	89	122	142	144	171	230	249	288	328	362	406	
29827:	91	382	
29830:	419	
29838:	74	
29849:	187	285	
29856:	112	154	216	315	361	394	
29923:	153	
29932:	31	54	153	229	
29934:	258	
29976:	144	275	
29978:	287	
29981:	97	
30009:	137	
30028:	142	
30029:	142	
30031:	185	
30032:	55	80	137	198	216	218	262	278	343	392	415	
30099:	281	
30104:	315	
30138:	432	
30156:	116	255	
30175:	255	
30178:	247	
30179:	247	
30180:	247	
30182:	144	428	
30183:	231	312	
30198:	185	
30290:	75	266	
30299:	266	
30307:	379	
30340:	107	
30366:	185	10511	
30376:	315	
30419:	22	78	
30431:	361	
30433:	361	
30449:	242	
30492:	142	
30499:	211	275	
30505:	275	
30520:	107	
30592:	255	
30594:	116	
30598:	116	
30607:	186	354	
30645:	107	
30748:	270	
30749:	270	
30750:	270	
30752:	407	
30808:	12	54	96	197	429	
30813:	277	
30818:	97	98	103	242	272	348	362	398	432	10512	
30822:	432	
30831:	398	
30864:	3	
30876:	433	
30949:	8	
30961:	359	
31014:	196	
31019:	4	5	9	17	18	20	21	27	37	39	41	43	53	81	98	102	110	111	112	116	119	121	124	126	127	129	132	133	134	136	142	143	145	148	151	156	158	161	166	167	171	177	178	179	187	189	190	198	201	209	214	216	217	218	221	222	228	230	234	235	237	243	244	245	246	248	253	254	257	260	261	262	266	271	278	292	293	296	307	309	316	317	319	329	331	332	335	339	340	343	344	345	350	359	360	363	366	367	370	373	381	389	390	394	395	396	399	400	401	405	406	409	410	417	418	419	427	428	441	10507	10508	10509	10510	10511	10514	10515	10516	10520	10522	10524	10525	10529	
31020:	41	
31021:	4	5	9	17	18	21	37	41	43	53	81	98	111	112	116	119	121	126	127	132	133	136	148	151	156	161	167	171	179	187	190	198	201	214	216	217	218	221	228	230	234	235	243	245	253	254	257	260	261	262	292	307	309	316	317	329	331	332	339	340	344	345	350	360	367	373	381	390	395	396	399	400	401	405	417	418	419	427	428	10507	10509	10525	10529	
31022:	4	5	9	21	37	41	43	53	81	98	111	112	116	119	121	126	132	133	136	148	151	156	161	167	179	187	190	198	201	214	216	217	218	228	230	234	235	243	245	253	257	260	261	262	307	309	316	317	329	331	332	339	340	344	345	350	360	367	373	381	390	395	396	399	400	401	405	418	419	427	428	10507	10509	10525	10529	
31060:	349	
31068:	198	
31074:	165	232	312	
31081:	291	
31110:	115	
31112:	115	
31119:	320	
31128:	128	
31152:	151	
31153:	151	
31182:	404	
31201:	313	
31274:	190	433	
31276:	190	
31277:	190	
31278:	433	
31303:	190	
31407:	185	
31413:	256	
31444:	107	161	192	
31447:	107	
31495:	115	
31496:	115	
31506:	10511	
31509:	136	
31570:	6	49	112	150	214	216	218	324	343	425	10518	
31592:	122	
31593:	122	
31613:	402	
31620:	315	
31667:	215	
31671:	175	260	272	
31672:	260	
31673:	260	
31724:	404	
31738:	348	
31756:	291	
31757:	111	
31761:	415	10507	
31823:	36	
31849:	21	112	244	298	360	375	419	433	
31855:	53	297	
31881:	382	
31910:	440	
31941:	246	
31957:	56	
31971:	29	36	39	46	51	52	58	60	65	71	73	77	84	85	93	94	100	113	174	184	191	203	204	214	229	246	263	303	351	366	369	385	413	415	429	437	10517	
32017:	228	415	
32037:	315	
32043:	183	320	
32048:	81	10511	
32053:	165	
32056:	137	359	
32059:	15	135	138	145	325	
32064:	181	
32081:	108	
32085:	18	
32092:	120	259	
32107:	21	29	36	51	58	60	65	112	113	184	204	229	281	303	331	385	437	10517	
32113:	256	
32116:	297	
32122:	361	
32125:	27	40	116	129	154	209	213	226	228	247	267	272	298	302	308	367	412	430	10512	
32129:	216	
32136:	45	134	135	173	174	177	267	297	348	415	10525	
32137:	402	
32138:	402	
32155:	53	
32166:	348	
32171:	5	40	43	69	111	112	121	142	167	177	198	214	230	232	307	335	345	352	357	359	367	392	401	418	
32172:	345	
32194:	193	
32208:	419	
32217:	111	
32220:	319	
32228:	145	
32230:	145	
32235:	310	
32240:	409	
32254:	419	
32297:	154	
32299:	154	
32342:	69	300	311	352	
32364:	409	
32367:	221	
32368:	94	
32373:	108	221	417	
32391:	124	148	325	395	421	
32397:	127	
32401:	133	
32421:	367	
32425:	18	24	56	300	
32428:	300	
32437:	220	
32438:	220	
32600:	267	
32604:	34	288	406	
32626:	134	
32644:	170	
32728:	419	
32735:	201	
32742:	192	
32747:	123	
32762:	352	
32790:	259	
32791:	259	
32799:	43	84	246	258	279	304	365	
32817:	404	
32818:	404	
32819:	259	382	
32849:	433	
32906:	68	291	
32934:	258	
32975:	192	
32976:	192	
33132:	188	291	
33201:	136	
33216:	3	20	27	28	29	37	46	49	53	60	65	88	127	133	146	184	191	195	211	226	241	248	249	268	277	303	341	342	344	375	377	400	405	427	437	10509	10512	10518	10524	10529	
33217:	27	88	226	375	377	
33227:	70	
33228:	70	
33229:	182	
33286:	213	
33318:	63	116	385	
33442:	255	
