5:	324	
39:	352	
44:	88	103	183	186	232	241	252	254	271	292	312	348	350	378	414	415	450	463	513	533	
49:	470	
61:	63	104	179	180	268	318	378	415	445	512	
68:	78	
139:	30	
145:	441	
159:	30	
171:	114	
184:	34	396	
185:	34	396	
197:	20	191	526	
282:	393	
305:	30	39	44	111	182	304	306	530	
306:	284	
319:	157	
323:	289	
326:	328	503	
331:	315	
338:	315	469	
343:	254	282	
350:	1	2	6	7	12	14	15	17	22	24	25	30	33	38	40	43	44	46	49	52	53	54	56	58	63	70	73	74	77	78	80	87	88	90	94	95	99	100	101	102	107	108	123	124	126	130	131	133	134	138	139	141	144	145	149	152	153	157	161	164	166	171	173	174	175	176	178	180	187	188	189	200	205	206	208	210	213	215	219	223	225	229	231	232	234	238	240	242	244	250	254	261	269	271	273	275	277	281	282	287	300	307	309	310	312	315	316	317	319	321	322	323	329	330	338	339	341	342	346	352	355	359	360	365	366	369	373	374	375	377	385	387	394	395	396	404	405	407	409	413	425	426	430	434	435	437	441	444	445	446	447	449	454	457	459	460	461	462	463	464	466	467	469	471	475	476	477	478	479	482	488	493	495	498	505	510	512	517	519	528	532	533	539	541	543	544	550	553	555	557	
353:	482	
354:	2	130	200	
365:	499	
367:	81	184	194	235	271	356	372	
377:	229	429	501	
379:	235	
382:	5	7	24	33	35	46	52	53	54	74	87	90	96	98	99	100	101	103	104	106	120	123	124	125	130	134	137	142	149	151	152	153	156	161	162	164	167	172	179	184	202	205	231	232	236	240	246	250	267	275	289	290	291	297	298	314	315	316	317	318	324	325	330	339	341	346	357	363	378	379	382	387	393	398	401	402	405	412	426	435	444	445	447	457	459	460	462	463	468	469	474	475	477	481	503	506	508	510	512	517	518	521	524	528	536	543	544	550	
383:	96	521	
387:	499	
391:	489	
394:	50	87	94	213	415	
396:	17	144	432	
404:	87	
405:	4	13	15	21	33	46	49	51	54	57	58	60	78	85	87	88	101	111	120	125	128	141	145	151	152	162	165	171	172	177	198	208	214	236	241	244	266	267	291	308	324	330	355	358	378	379	380	384	396	398	402	413	415	417	444	446	455	459	462	510	518	524	528	550	553	557	
406:	13	15	21	33	46	49	57	58	60	78	85	87	88	101	128	141	145	151	152	165	171	172	177	236	241	244	267	291	308	324	330	355	358	379	380	384	396	398	402	413	415	417	444	446	455	462	510	518	528	550	553	557	
408:	115	
450:	17	129	130	156	178	199	367	407	449	468	504	516	525	561	
452:	130	156	
459:	367	
475:	473	
483:	188	189	
492:	1	89	124	146	202	542	
498:	542	
501:	12	
507:	366	
508:	291	
529:	152	
564:	387	
576:	88	
604:	30	187	193	203	209	301	502	543	
610:	235	
630:	524	
641:	2	254	
642:	2	254	
669:	482	
676:	531	
680:	34	53	55	56	73	78	80	86	94	97	100	105	129	157	181	192	199	203	216	232	246	280	281	292	294	307	308	319	322	325	358	362	363	364	376	379	380	385	390	397	425	441	450	452	477	481	498	499	502	504	513	516	517	528	544	549	550	553	555	564	
681:	452	502	
682:	481	517	
683:	246	504	
684:	199	452	
685:	199	
686:	390	
687:	199	292	294	362	363	452	504	
688:	292	
689:	34	78	80	94	97	216	308	358	363	376	379	425	499	513	517	550	
690:	165	278	329	432	504	
703:	227	
720:	128	
807:	129	
825:	260	
828:	260	
834:	113	
835:	113	
851:	15	34	50	70	77	80	85	87	89	91	137	142	152	167	171	178	188	189	190	199	204	211	216	218	225	226	229	232	254	262	269	279	289	300	307	308	317	324	327	330	341	354	356	358	373	376	384	387	396	408	410	411	414	416	428	429	430	446	457	460	466	469	476	480	499	505	512	513	517	521	532	557	560	
853:	189	
869:	12	354	
886:	227	
888:	399	
898:	499	
934:	138	163	
935:	138	163	
936:	179	512	
937:	179	512	
948:	331	362	
949:	136	182	219	350	362	372	376	450	452	494	502	504	532	561	566	
951:	219	362	532	561	
952:	494	
959:	88	130	140	165	177	234	298	381	442	513	
990:	146	
1011:	366	
1012:	366	
1016:	42	61	92	100	104	157	162	164	184	236	333	503	508	545	552	
1025:	88	96	150	178	179	205	208	250	383	402	413	415	416	434	445	463	499	550	570	
1026:	96	179	250	416	434	
1049:	444	
1074:	392	
1101:	71	96	204	312	
1124:	16	
1130:	181	
1156:	317	
1164:	540	
1247:	206	
1249:	5	188	189	369	
1250:	146	
1251:	146	
1252:	146	
1270:	366	
1273:	567	
1277:	530	
1327:	432	
1358:	30	39	44	111	304	530	
1368:	158	
1374:	316	360	376	
1377:	122	
1385:	88	98	99	156	376	408	410	411	
1386:	88	376	
1387:	408	410	411	
1404:	163	300	357	452	482	
1405:	482	
1408:	218	
1413:	21	24	
1419:	405	424	483	486	
1424:	198	
1444:	287	
1447:	287	
1461:	343	
1520:	200	432	
1530:	52	80	179	468	533	
1531:	52	80	179	533	
1556:	94	97	154	364	
1557:	97	
1584:	295	
1587:	73	163	322	
1637:	7	43	113	304	538	
1642:	304	
1646:	7	
1653:	5	40	106	199	217	220	366	467	
1655:	40	
1676:	80	513	
1702:	2	121	150	200	219	352	
1707:	200	
1710:	77	115	307	333	360	
1711:	3	17	30	39	61	63	73	77	83	146	150	170	181	206	215	235	247	252	254	259	264	265	271	282	284	287	319	321	333	337	353	356	365	374	377	392	394	395	401	422	427	429	450	478	479	492	514	542	543	545	552	562	564	
1723:	492	
1732:	532	
1741:	52	90	98	115	143	156	191	242	285	346	398	533	
1743:	156	
1767:	216	376	378	499	
1776:	443	
1781:	135	463	
1800:	29	260	
1810:	435	
1815:	312	513	
1824:	442	564	
1832:	181	
1838:	150	215	523	
1846:	17	538	
1859:	71	309	315	
1863:	230	
1868:	78	323	356	357	366	482	
1874:	323	482	
1878:	199	
1886:	260	
1901:	27	193	569	
1902:	20	24	51	54	71	90	96	98	99	101	120	134	156	191	196	204	266	268	269	285	312	341	346	348	402	405	426	443	457	460	461	506	510	513	526	533	
1904:	489	
1910:	59	316	319	387	484	
1915:	352	
1917:	477	
1944:	124	202	435	
1952:	275	339	415	
1953:	415	
1972:	321	
1981:	386	
2022:	17	113	
2023:	17	113	
2024:	55	136	200	332	356	367	392	485	492	
2027:	392	492	
2032:	311	
2035:	21	40	53	74	170	323	
2037:	170	
2040:	386	
2054:	133	238	287	337	356	405	511	522	564	
2057:	133	
2058:	356	564	
2060:	403	
2085:	7	
2088:	6	27	49	70	75	119	154	210	226	229	249	290	295	309	327	354	362	365	369	373	374	386	405	423	427	454	471	492	495	532	561	
2092:	427	
2095:	49	
2096:	561	
2099:	561	
2108:	183	186	
2130:	17	63	78	89	113	114	190	219	252	271	350	352	356	357	374	399	432	498	
2241:	13	32	151	179	190	376	487	
2256:	6	70	311	466	496	530	
2282:	30	200	206	210	242	289	336	353	478	530	
2284:	200	242	
2297:	71	445	466	
2300:	445	
2331:	392	523	
2338:	55	392	
2339:	157	
2363:	63	
2366:	150	
2378:	33	103	145	161	199	205	309	319	452	
2385:	125	473	
2390:	73	193	199	450	513	569	
2391:	193	199	513	569	
2403:	485	
2406:	386	
2433:	30	210	304	
2442:	179	
2447:	321	
2464:	215	
2465:	106	364	
2477:	394	
2484:	70	89	279	430	521	
2486:	179	244	566	
2489:	2	32	130	134	233	366	427	
2492:	277	
2516:	86	181	546	
2518:	81	
2519:	218	277	313	395	449	
2527:	303	
2528:	403	
2608:	450	
2628:	46	
2645:	17	206	254	321	356	377	511	
2646:	206	321	356	377	
2685:	477	
2698:	456	
2700:	6	25	27	30	39	44	47	53	55	56	73	74	88	103	107	115	136	138	160	163	182	187	199	203	218	219	232	257	281	301	319	321	324	329	330	348	350	356	362	364	365	378	392	394	400	404	414	423	427	429	432	434	452	457	477	497	498	502	510	513	533	542	543	544	547	555	559	
2701:	30	39	44	55	107	138	163	182	219	257	319	321	350	356	392	394	400	427	429	497	542	
2702:	73	
2703:	27	55	56	160	257	364	452	
2705:	199	
2707:	107	136	257	321	559	
2721:	24	51	
2722:	387	
2723:	387	
2724:	353	
2757:	294	
2783:	190	
2785:	138	204	
2816:	4	6	18	28	40	47	53	55	63	74	75	121	142	153	163	166	187	193	200	203	217	219	220	265	273	279	280	286	323	342	356	369	404	432	454	474	482	489	495	498	502	505	521	524	532	534	538	544	555	561	565	569	
2818:	200	
2821:	200	
2835:	404	505	532	538	
2855:	235	
2873:	12	59	63	195	282	
2879:	39	85	126	138	189	196	243	264	319	338	417	456	464	518	
2889:	440	
2902:	273	300	368	
2925:	259	
2936:	232	
2949:	34	126	338	464	
2950:	34	126	338	464	
2953:	11	127	199	317	488	524	
2954:	179	512	
2956:	24	101	506	
2957:	24	101	506	
2965:	513	
2971:	220	484	
2975:	18	40	53	62	65	74	112	123	160	163	176	181	187	193	203	209	219	270	273	277	301	404	474	513	544	555	
2983:	456	
2984:	456	
2987:	337	
2998:	85	
3018:	360	
3029:	343	
3055:	18	52	280	442	570	
3056:	17	29	124	138	202	229	260	324	330	404	409	416	563	
3058:	124	202	563	
3060:	260	
3069:	29	
3083:	497	
3087:	394	
3097:	567	
3125:	179	330	
3141:	457	
3145:	287	
3147:	3	
3182:	287	
3184:	432	
3200:	287	
3231:	227	369	458	
3237:	4	5	6	30	33	35	44	52	55	57	77	94	96	107	108	111	127	149	195	264	290	293	297	298	313	327	328	340	378	379	387	390	467	474	476	485	489	492	503	510	511	567	
3254:	485	
3265:	537	
3315:	564	
3321:	2	17	21	22	33	35	39	52	55	60	71	77	83	105	108	111	117	137	144	149	154	164	167	172	190	200	218	226	234	235	240	247	264	311	319	327	341	345	354	364	377	379	395	400	403	413	423	425	429	438	439	440	445	453	455	463	467	474	480	481	482	511	532	556	
3324:	60	137	
3357:	194	
3363:	78	
3365:	261	
3375:	199	364	477	
3381:	12	107	129	130	194	277	318	321	377	386	527	570	
3388:	324	330	
3389:	4	16	81	111	
3396:	218	
3406:	261	
3410:	195	
3415:	47	184	447	
3420:	294	489	
3425:	52	56	73	131	153	158	164	165	342	366	401	452	479	502	538	
3440:	54	
3471:	7	98	
3472:	7	98	
3484:	523	
3492:	17	28	47	63	78	82	83	114	122	133	146	170	195	199	206	210	215	223	237	252	253	254	259	271	277	282	287	310	320	321	332	337	350	352	360	371	374	383	392	394	419	429	431	432	450	456	471	478	487	494	509	542	551	564	
3501:	200	492	
3509:	144	183	186	557	
3510:	183	186	
3512:	557	
3518:	310	
3543:	168	
3547:	205	211	297	
3554:	20	85	135	158	167	526	
3560:	565	
3562:	49	
3604:	529	
3617:	50	
3619:	505	
3637:	567	
3638:	262	307	415	444	523	570	
3639:	307	444	
3677:	71	242	267	341	
3700:	55	363	
3701:	546	
3703:	310	
3705:	310	
3706:	546	
3707:	423	
3710:	138	327	
3719:	539	
3726:	327	570	
3741:	86	150	187	209	284	409	489	505	
3756:	21	517	
3759:	18	126	280	338	384	464	
3760:	179	236	
3762:	246	
3766:	542	
3779:	357	
3783:	158	179	241	499	518	
3784:	487	
3812:	130	
3815:	130	
3825:	196	
3826:	414	470	
3827:	470	
3833:	134	263	
3836:	196	
3843:	58	
3850:	130	
3851:	214	
3855:	183	186	
3856:	183	186	
3862:	31	
3880:	101	
3924:	403	
3929:	154	
3952:	353	441	
3956:	184	
3972:	144	
3981:	104	238	
4059:	215	
4091:	357	
4095:	558	
4098:	409	495	
4099:	495	
4102:	303	
4106:	83	
4107:	83	
4117:	158	241	518	
4124:	144	
4151:	185	
4152:	77	265	
4154:	77	265	465	535	
4193:	307	
4248:	17	
4251:	43	534	
4304:	122	429	
4314:	158	189	241	518	
4322:	343	
4334:	27	123	261	532	
4351:	492	
4360:	338	384	464	
4374:	198	205	
4426:	447	
4443:	32	
4497:	21	
4545:	243	
4550:	197	
4561:	295	
4569:	73	199	
4575:	27	
4580:	136	219	357	
4584:	122	254	
4593:	113	249	305	
4611:	78	350	356	357	
4613:	122	
4622:	238	321	
4659:	33	49	54	65	95	103	106	108	120	139	145	151	161	208	340	366	402	469	
4660:	33	49	65	95	106	108	139	145	151	
4661:	65	
4668:	561	
4670:	205	
4676:	50	
4717:	27	155	376	465	535	
4728:	49	
4742:	107	
4745:	309	
4772:	122	570	
4803:	312	
4812:	27	185	257	271	427	492	
4815:	21	459	
4818:	33	103	108	139	145	151	161	208	271	366	379	397	423	513	546	550	564	567	
4822:	507	
4829:	114	136	254	321	360	377	427	
4834:	114	
4849:	32	
4854:	114	
4863:	376	
4864:	487	
4880:	220	365	430	505	
4895:	219	252	499	531	534	540	
4897:	531	540	
4912:	372	
4921:	229	309	
4931:	450	
4936:	428	
4953:	190	419	
4957:	190	
4988:	566	
5000:	49	54	95	120	145	151	161	340	426	469	533	
5003:	54	145	340	426	469	
5024:	113	495	
5025:	122	209	233	259	320	
5027:	122	259	320	
5032:	146	
5055:	227	294	410	
5057:	336	
5061:	287	
5082:	124	
5083:	124	202	
5084:	124	202	
5090:	134	
5109:	124	202	
5141:	225	
5151:	20	50	58	87	88	93	101	165	188	234	241	250	307	312	338	383	402	414	447	454	460	461	464	492	506	512	526	
5153:	150	
5154:	150	
5156:	470	
5157:	7	13	102	130	158	162	164	193	199	209	219	227	246	275	339	354	362	366	401	404	409	432	434	463	504	513	523	524	550	564	569	570	
5158:	404	
5159:	130	401	
5161:	432	
5163:	354	
5164:	404	
5166:	523	
5167:	7	570	
5168:	130	
5170:	193	209	404	409	569	
5171:	162	164	
5172:	570	
5175:	227	
5176:	237	
5178:	30	31	49	106	205	372	434	444	445	
5180:	106	524	565	569	
5182:	40	150	165	
5183:	90	346	
5186:	199	452	
5187:	35	52	53	75	87	96	164	193	219	263	297	323	340	387	398	402	404	466	467	502	524	567	569	570	
5188:	200	215	254	287	432	
5190:	121	199	
5191:	432	
5192:	1	17	21	30	40	42	49	50	52	53	74	87	88	89	103	106	113	115	121	133	134	142	150	151	182	183	186	187	193	200	206	215	219	225	228	241	254	287	292	305	308	310	312	323	324	337	352	355	356	357	363	366	378	390	408	411	414	415	426	428	432	434	437	444	468	474	476	482	490	510	513	523	524	533	550	566	569	570	
5193:	21	
5194:	53	74	432	
5195:	533	
5196:	183	186	
5197:	215	323	482	
5198:	17	30	113	182	200	219	228	254	287	305	356	357	432	524	570	
5200:	1	50	89	183	186	355	408	411	
5201:	390	
5202:	150	
5203:	524	
5204:	524	
5205:	52	106	113	121	
5207:	211	267	385	
5208:	211	267	
5210:	521	
5214:	193	
5215:	7	40	78	146	163	199	200	219	252	292	294	323	356	357	362	363	452	458	489	492	504	523	524	569	
5216:	219	
5217:	200	
5218:	219	356	
5220:	78	
5221:	200	523	
5224:	7	
5225:	200	323	356	
5226:	219	357	489	
5227:	1	2	13	14	15	20	21	22	23	24	25	31	33	34	42	46	49	50	51	52	53	54	57	58	59	60	70	71	75	78	80	85	87	88	90	92	93	94	95	96	97	98	99	100	101	103	104	105	108	115	120	121	123	124	125	126	128	130	134	135	136	137	139	140	141	142	143	145	149	150	151	152	153	156	158	159	161	162	164	165	166	167	171	172	173	174	175	176	177	178	179	183	184	186	188	189	191	193	194	196	202	204	205	208	213	214	216	225	227	231	234	236	240	241	242	243	244	250	262	266	267	268	269	273	274	275	285	289	291	292	294	296	298	307	308	312	314	315	316	317	318	323	324	325	330	335	338	339	340	341	344	345	346	348	354	355	358	361	363	366	372	376	378	379	380	381	382	384	390	391	393	396	398	402	405	408	409	411	412	413	414	415	416	417	418	425	426	428	430	434	435	437	442	443	444	445	446	447	454	455	457	459	460	461	462	463	464	468	469	470	474	475	476	481	482	488	490	499	505	506	508	510	512	513	515	516	517	518	519	521	524	526	528	531	533	534	536	537	538	539	540	541	550	553	555	556	557	563	565	567	569	
5228:	34	94	398	550	
5236:	71	119	249	260	282	305	345	495	
5237:	211	384	
5258:	11	
5270:	401	567	
5284:	238	287	371	
5285:	238	287	371	
5286:	159	
5379:	70	
5407:	51	232	318	
5417:	228	
5427:	150	
5454:	12	71	125	354	387	445	532	
5455:	71	
5457:	189	445	
5458:	15	33	
5462:	95	120	124	134	161	179	202	205	444	512	
5463:	95	120	134	179	512	
5465:	469	
5491:	316	
5503:	376	
5507:	20	58	71	87	88	93	183	186	188	189	190	244	250	307	322	338	413	445	447	460	464	482	526	
5530:	527	
5532:	376	
5564:	407	
5614:	90	100	344	345	346	
5629:	437	
5638:	564	
5641:	81	156	318	
5645:	156	
5653:	8	61	119	524	
5657:	138	
5658:	12	28	82	195	277	332	451	509	
5672:	543	
5676:	139	145	533	540	
5677:	145	533	
5703:	207	
5704:	207	
5801:	470	
5831:	282	
5832:	15	162	513	
5833:	80	95	490	
5837:	244	
5838:	244	
5840:	175	444	523	570	
5841:	175	444	
5844:	78	
5884:	382	535	536	
5891:	327	402	407	408	411	
5892:	402	407	
5893:	408	411	
5895:	315	402	
5918:	523	
5920:	17	144	154	282	287	295	374	386	471	497	507	511	523	542	
5923:	136	
5934:	497	
5950:	333	
5959:	206	
6025:	106	
6030:	264	
6032:	8	34	123	126	141	198	286	397	407	473	551	562	
6041:	246	
6042:	146	219	377	386	
6043:	146	219	
6058:	309	495	
6061:	336	
6069:	77	201	
6072:	121	
6118:	119	510	
6178:	489	
6189:	517	
6199:	42	92	100	104	164	214	236	475	490	503	508	
6281:	113	246	357	387	416	452	513	542	561	
6282:	416	
6291:	94	505	
6319:	407	
6323:	321	
6324:	261	
6334:	150	
6335:	405	
6343:	499	
6377:	286	
6378:	286	
6382:	20	177	183	186	215	257	290	353	398	417	422	508	526	545	550	565	
6384:	1	16	100	102	159	164	231	243	280	324	325	330	533	567	
6385:	102	
6386:	1	231	243	324	330	567	
6387:	231	567	
6388:	1	243	567	
6389:	562	
6525:	490	
6529:	237	
6568:	12	59	70	88	113	136	337	434	443	450	453	511	570	
6573:	63	
6592:	30	39	304	530	
6596:	49	134	249	565	
6611:	17	
6637:	13	
6696:	30	124	202	435	
6697:	435	
6698:	30	
6717:	443	
6726:	413	
6728:	108	444	
6740:	567	
6745:	93	372	550	
6753:	543	
6759:	502	
6772:	54	199	460	502	
6778:	12	61	287	453	
6790:	364	
6811:	478	
6834:	502	
6842:	427	499	
6847:	199	502	
6893:	146	
6897:	377	
6899:	337	
6903:	229	309	
6910:	171	
6964:	42	92	100	104	162	164	184	214	314	328	490	503	508	
7021:	225	
7031:	305	395	
7032:	442	
7048:	240	
7054:	181	
7066:	290	
7067:	226	264	403	
7074:	290	
7075:	403	
7077:	170	
7087:	4	5	13	18	24	30	33	35	40	44	47	50	52	53	54	63	74	81	88	90	93	94	96	97	99	103	106	108	111	123	124	126	129	139	142	149	151	164	173	177	178	188	190	193	199	202	205	208	220	226	229	231	233	240	259	260	263	268	269	289	290	297	304	314	317	324	328	330	338	340	345	348	354	360	372	374	376	379	380	386	387	393	400	402	408	411	434	446	449	451	462	464	466	467	469	470	471	474	476	484	497	503	505	506	510	514	517	521	524	528	537	544	569	
7089:	190	
7094:	52	81	231	314	328	474	514	
7096:	13	44	50	94	126	129	142	173	177	226	324	330	338	348	374	379	380	408	411	446	464	476	517	528	
7101:	74	512	
7102:	74	512	
7103:	179	382	512	536	
7106:	478	
7116:	1	12	16	17	27	32	53	61	95	100	101	107	114	119	145	152	165	181	185	191	199	200	208	229	235	249	257	261	282	287	305	309	319	321	322	324	341	345	348	352	359	366	374	391	400	412	446	453	460	461	490	495	518	559	
7119:	461	
7128:	27	249	
7132:	492	
7133:	6	492	532	
7151:	134	139	143	306	341	352	394	478	
7173:	167	172	242	243	557	
7182:	154	
7210:	517	
7222:	437	
7233:	103	434	435	
7251:	206	215	264	
7276:	243	
7281:	243	
7306:	30	55	63	113	121	200	524	532	561	
7317:	55	121	
7329:	30	44	496	525	
7351:	356	
7363:	305	
7369:	456	
7384:	170	
7411:	74	512	
7412:	18	179	240	241	244	512	
7413:	296	
7432:	155	
7477:	83	
7507:	211	
7508:	17	395	432	456	
7510:	17	30	107	113	121	182	200	219	228	254	287	305	356	357	400	432	489	524	570	
7516:	146	
7518:	379	402	407	557	
7544:	198	461	
7561:	229	
7562:	229	
7588:	31	134	152	168	232	277	291	316	378	379	435	444	445	481	508	517	
7600:	414	
7605:	414	
7632:	252	
7640:	128	
7658:	402	
7659:	402	
7664:	142	350	363	504	
7684:	13	31	39	50	58	85	101	111	122	134	135	146	165	167	181	182	190	196	200	213	235	271	304	315	350	355	364	372	447	523	526	532	561	
7711:	200	
7712:	39	111	182	304	350	
7716:	156	
7747:	199	
7753:	362	504	
7757:	157	
7759:	562	
7760:	562	
7763:	284	
7778:	1	28	40	42	60	71	100	101	104	115	122	125	130	134	143	151	179	189	195	199	205	225	300	315	321	330	337	348	352	363	366	392	407	445	446	481	489	511	524	570	
7780:	115	125	130	143	315	348	
7791:	337	
7818:	150	
7839:	8	209	284	293	473	487	514	
7910:	525	
7928:	331	
7952:	383	
7965:	405	
7970:	61	552	
7977:	1	
7985:	264	
7997:	277	
8002:	24	33	52	75	85	88	100	114	115	143	145	167	172	173	174	177	196	244	269	285	292	317	382	391	446	463	476	514	528	536	553	
8013:	34	94	105	229	324	398	538	550	
8031:	273	385	
8106:	271	
8135:	432	
8179:	533	
8180:	533	
8183:	43	362	363	485	
8197:	114	190	199	220	233	322	360	432	511	564	
8202:	432	
8216:	60	128	130	167	172	174	183	186	196	287	315	341	350	402	413	415	446	458	476	481	550	
8235:	246	504	512	524	561	
8238:	504	512	
8244:	492	
8246:	487	
8269:	300	437	465	503	
8311:	343	
8404:	441	
8411:	85	
8432:	503	
8434:	503	
8454:	63	
8469:	156	241	402	
8470:	241	402	
8488:	495	
8558:	21	517	
8562:	18	104	120	151	156	262	280	289	328	345	366	381	412	414	428	476	490	533	
8583:	376	
8592:	114	
8593:	485	
8594:	135	
8598:	42	100	242	
8600:	286	
8601:	94	505	
8643:	499	
8659:	442	
8671:	187	199	203	208	309	321	477	
8672:	477	
8687:	247	
8696:	17	
8720:	376	499	524	
8721:	524	
8724:	497	
8731:	146	211	227	241	292	337	402	470	476	485	
8752:	184	503	
8811:	85	
8820:	532	
8843:	178	
8846:	184	
8932:	362	532	
8937:	428	
8945:	165	
9018:	271	
9021:	429	
9031:	427	
9098:	478	
9127:	566	
9139:	189	
9149:	261	450	
9152:	567	
9157:	34	126	338	464	
9160:	428	
9201:	331	
9227:	542	
9239:	70	279	466	
9252:	522	
9257:	215	
9302:	229	
9314:	27	232	327	
9317:	27	
9325:	51	331	
9331:	99	266	284	312	348	398	460	510	
9332:	566	
9336:	56	61	98	99	112	131	134	138	160	193	203	204	209	218	264	268	280	301	312	315	327	343	364	404	416	435	443	455	457	569	
9347:	114	
9353:	345	465	
9382:	182	
9390:	520	
9398:	209	
9403:	554	
9414:	52	71	90	101	115	134	143	156	191	242	285	346	348	398	405	455	510	515	570	
9415:	101	115	143	156	242	285	346	348	405	455	510	515	
9416:	52	90	191	242	285	346	398	
9417:	398	
9418:	231	
9419:	404	443	
9420:	564	
9421:	82	348	
9422:	348	
9423:	82	
9424:	15	18	20	51	53	54	71	90	93	95	96	98	99	101	104	115	120	127	134	143	156	191	196	209	216	263	266	268	269	280	285	287	312	341	345	346	348	381	398	402	426	443	457	460	461	502	503	506	510	513	526	533	544	555	
9425:	20	51	54	71	90	93	95	96	98	99	101	115	120	134	156	191	196	216	266	268	269	285	312	341	345	346	348	381	398	402	426	443	457	460	506	510	513	526	533	555	
9426:	51	54	99	134	196	266	341	348	402	457	460	
9427:	54	95	196	216	348	426	443	457	460	
9428:	71	90	341	346	
9429:	341	
9430:	375	
9431:	29	115	375	
9440:	327	
9441:	327	
9443:	236	
9472:	190	
9482:	387	
9490:	215	
9502:	195	509	
9503:	195	509	
9504:	195	
9533:	147	
9535:	141	
9541:	12	59	195	277	313	367	
9546:	59	195	
9547:	59	277	367	
9573:	387	
9574:	387	
9599:	160	401	404	418	446	462	
9604:	479	
9605:	479	
9610:	150	218	356	489	
9624:	164	287	
9633:	199	
9634:	98	134	269	407	460	
9658:	242	364	375	401	424	451	483	486	
9696:	227	
9713:	407	
9719:	329	
9775:	220	
9787:	366	
9797:	190	233	
9806:	260	
9821:	130	156	
9827:	337	
9841:	129	130	205	227	
9847:	375	401	510	
9901:	218	
9908:	260	
9917:	218	
9938:	275	305	339	
9944:	211	
9963:	143	
9980:	144	
9981:	85	
10049:	20	30	49	70	83	90	94	97	122	130	143	154	155	156	161	182	188	189	198	201	208	214	226	235	236	242	245	269	292	311	316	317	321	327	353	363	365	377	386	394	405	407	408	410	411	413	423	427	434	478	516	528	529	532	552	
10052:	20	49	83	94	97	130	143	154	155	156	161	188	189	198	208	214	236	242	245	269	292	311	316	317	321	327	365	377	386	405	407	413	434	516	528	532	
10053:	20	49	83	94	97	130	143	154	155	156	161	188	189	198	208	214	236	242	245	269	292	311	316	317	321	327	365	386	405	407	413	434	516	528	
10058:	52	80	179	533	
10061:	3	14	83	96	104	122	155	168	170	181	185	191	201	235	259	268	269	286	308	311	331	353	355	358	365	386	401	403	408	410	411	436	442	450	457	497	501	568	
10062:	384	
10063:	384	
10071:	432	
10080:	20	24	50	58	87	88	93	101	125	165	188	234	241	250	307	312	338	341	358	398	402	447	460	461	464	506	512	526	533	
10081:	20	24	50	101	125	165	234	241	312	341	358	398	402	447	461	526	533	
10086:	387	
10094:	375	
10107:	539	
10110:	5	29	225	401	424	435	
10112:	29	
10113:	85	
10134:	394	
10135:	394	
10142:	252	
10144:	29	248	496	
10162:	49	275	305	339	
10165:	170	321	
10172:	453	
10179:	33	108	114	157	426	
10193:	78	
10194:	282	
10214:	564	
10218:	564	
10225:	534	537	538	539	
10226:	538	
10227:	534	537	538	539	
10229:	534	
10230:	534	
10231:	534	
10232:	534	
10234:	538	
10235:	534	538	
10237:	538	
10254:	70	77	122	146	150	190	200	218	254	282	374	456	508	
10257:	150	218	
10263:	124	144	202	
10277:	220	
10307:	24	51	405	
10309:	439	
10316:	7	90	98	99	120	134	196	269	285	341	346	348	402	408	411	426	457	460	533	
10317:	408	411	
10325:	12	28	195	332	
10345:	5	272	524	
10349:	73	207	
10352:	207	
10358:	210	271	298	537	
10360:	14	143	144	304	387	502	525	
10370:	525	
10377:	550	
10380:	331	
10385:	119	249	305	395	456	
10388:	351	
10398:	207	
10413:	96	521	
10524:	271	
10545:	127	
10549:	466	
10563:	293	
10569:	238	287	371	
10573:	2	
10574:	2	
10577:	156	
10588:	561	
10593:	496	
10599:	270	
10611:	254	
10612:	254	
10642:	104	
10665:	188	189	
10668:	113	
10675:	158	173	178	409	473	518	
10680:	81	
10721:	101	
10737:	160	281	555	
10749:	13	15	30	96	151	170	298	497	506	531	537	
10761:	566	
10770:	288	
10801:	184	503	
10816:	209	
10860:	533	
10883:	130	157	308	
10884:	142	541	
10933:	166	
10938:	295	
10946:	59	
10947:	195	509	
10948:	320	
10963:	144	
10964:	270	379	390	
10965:	270	379	390	
10975:	397	
10977:	416	
10978:	416	
10997:	533	
11022:	416	
11061:	181	
11075:	181	
11093:	210	
11110:	229	
11137:	25	31	105	188	189	190	206	234	292	314	330	533	
11177:	120	183	186	328	438	439	440	
11184:	438	439	440	
11206:	377	
11228:	146	
11255:	60	175	234	292	357	
11271:	292	
11275:	271	377	
11284:	271	
11295:	114	
11304:	403	465	
11339:	134	330	
11343:	170	
11344:	170	290	
11374:	337	
11390:	101	512	
11393:	17	78	219	321	337	353	532	534	561	
11418:	292	
11469:	291	
11492:	468	
11515:	178	
11539:	78	
11548:	24	
11555:	24	
11560:	280	512	
11564:	112	149	160	217	273	279	280	281	335	342	362	364	483	502	555	
11597:	409	
11602:	291	
11605:	30	226	268	
11610:	12	18	30	35	39	40	44	55	70	91	106	112	113	121	149	156	180	193	199	200	205	217	218	220	304	313	314	328	340	356	367	379	394	395	402	432	453	467	484	492	510	523	530	532	549	565	569	
11624:	352	
11634:	175	
11644:	121	
11664:	545	
11680:	29	218	404	479	
11681:	29	
11704:	487	
11705:	487	
11706:	113	121	
11735:	513	
11740:	196	
11744:	151	
11799:	271	542	
11800:	271	542	
11801:	292	
11804:	271	542	
11813:	3	
11857:	453	
11898:	310	
11899:	304	
11902:	107	
11904:	271	
11906:	149	
11907:	395	
11908:	126	338	464	
11909:	17	47	60	88	103	115	125	166	167	171	174	178	183	186	205	262	289	309	358	378	414	434	463	481	488	513	517	519	533	541	553	
11910:	178	262	289	358	517	
11911:	205	
11915:	259	
11916:	259	
11920:	107	
11930:	62	
11938:	146	
11940:	558	
11961:	22	
11963:	371	
11976:	142	
12021:	292	
12042:	292	
12049:	70	390	
12050:	390	
12051:	292	357	
12066:	513	
12074:	360	
12091:	195	367	
12142:	113	
12155:	34	199	329	362	452	504	
12159:	444	
12185:	499	
12191:	508	
12208:	243	
12215:	508	
12234:	158	241	518	
12243:	261	
12255:	302	
12261:	50	153	307	415	444	447	
12266:	415	
12267:	183	186	338	384	464	
12296:	437	
12299:	442	
12304:	90	114	233	461	
12306:	114	233	
12376:	242	269	
12377:	277	
12378:	222	367	
12394:	354	523	
12395:	523	
12399:	55	187	243	447	474	504	
12400:	55	187	447	474	
12444:	424	483	
12496:	395	
12499:	150	
12500:	24	50	105	244	250	266	413	432	447	476	512	533	
12516:	179	
12533:	394	
12534:	394	
12541:	168	
12552:	85	
12556:	215	
12617:	466	
12618:	220	466	
12621:	53	55	190	203	209	220	260	280	301	387	425	449	466	467	477	484	498	502	544	555	
12622:	55	190	209	220	260	301	387	467	484	498	
12623:	387	466	467	
12625:	190	220	260	387	449	466	467	484	
12626:	220	387	449	467	
12627:	220	
12629:	220	
12630:	190	220	449	467	
12631:	220	
12640:	564	
12641:	4	6	111	123	
12642:	4	6	111	123	
12643:	127	570	
12644:	127	570	
12645:	270	
12646:	467	
12667:	443	
12675:	294	
12682:	532	
12688:	489	
12746:	385	
12750:	249	
12751:	33	103	145	161	
12755:	225	
12756:	33	103	108	139	145	151	161	366	
12766:	53	544	555	569	
12768:	209	502	
12771:	49	87	103	161	434	
12772:	49	108	127	142	145	280	541	
12774:	209	
12779:	363	
12787:	367	
12795:	214	267	
12833:	253	
12844:	384	425	
12875:	245	
12913:	179	240	244	382	385	512	536	
12916:	369	410	
12923:	566	
12924:	473	
12925:	5	13	24	25	49	65	85	87	94	106	119	123	125	128	137	141	152	156	165	166	167	172	176	177	178	188	193	198	205	217	227	240	248	250	275	285	286	289	291	294	307	308	312	331	339	385	391	396	408	410	411	435	443	446	447	457	458	463	474	476	481	516	519	541	550	557	562	566	569	
12954:	556	
12958:	209	387	
12962:	218	
12964:	218	
13009:	21	
13023:	282	
13048:	466	
13060:	436	
13063:	570	
13075:	89	
13080:	379	
13083:	47	
13085:	190	
13113:	30	288	362	
13115:	288	
13121:	27	
13122:	21	459	
13123:	459	
13125:	277	308	
13130:	297	
13136:	191	316	450	
13138:	50	
13139:	50	
13146:	122	294	452	528	
13148:	154	
13155:	190	296	312	
13163:	219	
13180:	316	317	391	446	462	
13184:	144	
13185:	144	
13193:	5	
13219:	63	
13225:	294	
13260:	210	
13261:	210	
13271:	268	398	
13283:	517	
13302:	387	
13306:	179	244	566	
13307:	179	244	566	
13308:	179	244	566	
13320:	17	
13356:	21	24	54	75	149	158	161	184	215	241	244	250	254	294	303	317	325	328	376	397	410	426	469	476	503	512	518	533	539	
13358:	254	
13359:	50	150	218	489	522	
13379:	450	566	
13399:	566	
13401:	548	556	
13447:	210	248	271	319	542	
13464:	30	44	156	304	539	
13522:	28	368	
13523:	63	
13525:	12	16	21	42	59	63	85	101	104	122	129	130	134	145	151	157	161	179	187	189	199	205	206	210	250	253	254	268	271	308	316	317	322	324	337	351	352	357	359	366	377	378	387	391	409	410	413	426	432	443	445	447	452	455	458	466	468	506	512	518	532	550	565	567	
13528:	337	
13531:	322	432	
13533:	157	
13534:	271	
13537:	447	
13538:	357	
13540:	206	
13553:	190	564	
13570:	292	
13580:	59	367	
13588:	32	241	292	310	431	
13589:	32	
13598:	401	
13602:	436	
13615:	441	458	
13621:	164	
13651:	271	542	
13655:	323	
13668:	30	73	113	160	180	215	217	254	342	360	382	385	397	450	512	536	564	
13676:	546	
13677:	73	122	182	
13686:	229	561	
13701:	219	407	
13709:	489	
13717:	121	
13719:	121	
13731:	401	436	
13732:	401	
13746:	184	
13789:	238	
13790:	537	
13841:	55	121	200	356	377	392	489	492	
13849:	200	489	
13857:	323	
13881:	485	
13882:	485	
13890:	2	96	124	165	202	223	393	470	521	
13899:	290	309	524	543	
13907:	2	4	5	54	81	111	131	199	282	309	354	398	444	564	
13916:	532	561	
13931:	25	
13932:	452	
13935:	395	456	
14005:	377	
14006:	7	356	514	
14055:	27	149	257	265	319	422	465	535	545	
14056:	75	223	
14079:	448	
14098:	17	
14121:	38	59	146	200	
14150:	559	
14153:	341	
14155:	507	
14179:	113	
14218:	479	
14223:	50	
14227:	373	
14234:	487	
14259:	85	
14263:	106	
14306:	49	134	268	383	565	567	
14323:	150	
14330:	294	410	
14332:	523	
14344:	93	236	
14362:	40	150	489	
14367:	209	
14382:	90	128	154	155	178	188	226	265	300	327	346	376	386	403	416	422	423	465	518	545	
14385:	178	188	518	
14386:	235	
14393:	436	
14397:	40	234	
14409:	432	
14417:	183	186	241	432	444	463	533	564	
14449:	190	
14457:	54	393	402	407	432	444	550	
14476:	190	209	233	260	309	341	404	
14479:	190	
14486:	404	
14501:	518	
14516:	310	
14517:	310	
14522:	261	567	
14523:	567	
14539:	7	356	489	492	514	561	567	
14546:	7	356	514	
14553:	492	
14587:	114	233	567	
14592:	75	162	164	314	316	318	328	437	490	503	508	
14595:	18	266	
14601:	127	
14629:	199	209	329	350	362	364	450	452	504	514	
14659:	35	
14681:	336	
14682:	85	
14692:	50	447	
14696:	121	
14698:	155	
14707:	342	
14766:	241	499	
14779:	195	
14807:	449	
14824:	188	307	533	
14850:	271	
14852:	114	302	433	
14902:	115	143	375	
14904:	115	143	375	
14912:	527	
14913:	566	
14928:	4	146	
14938:	518	
14946:	91	
14958:	53	74	153	164	218	487	489	534	538	543	544	
14992:	1	78	279	550	
14995:	199	
15018:	81	133	206	273	342	391	392	428	436	508	527	
15021:	21	60	81	85	125	126	128	130	135	137	140	166	167	169	172	176	177	178	198	225	240	247	267	270	293	297	298	300	303	307	317	333	359	365	372	379	382	393	396	397	446	450	473	481	493	499	516	536	551	554	558	562	
15025:	237	
15040:	165	
15044:	96	135	151	190	203	266	289	316	407	447	455	505	523	
15078:	273	
15115:	54	
15144:	17	30	121	218	343	356	394	543	
15147:	285	
15150:	12	229	233	261	490	
15156:	94	
15175:	201	453	
15214:	83	
15215:	83	
15253:	479	
15271:	364	
15280:	91	233	333	478	
15305:	91	
15319:	377	405	509	
15324:	499	
15329:	229	
15355:	17	333	
15362:	401	
15423:	7	
15510:	134	
15563:	284	
15626:	124	202	403	489	
15651:	119	
15661:	85	
15662:	85	
15664:	561	
15670:	282	
15688:	150	
15692:	246	
15711:	261	
15745:	359	
15746:	476	
15747:	476	
15755:	103	194	234	434	
15760:	365	
15765:	61	
15769:	85	363	
15789:	284	
15790:	284	
15794:	30	
15817:	405	
15823:	27	
15831:	219	
15846:	235	
15849:	201	
15866:	377	
15873:	17	47	63	82	83	122	146	170	199	206	210	215	237	252	253	254	271	282	287	310	320	321	337	350	371	374	383	392	394	419	431	432	450	456	471	487	494	542	551	564	
15875:	112	114	250	289	317	463	477	486	
15881:	1	2	6	7	12	24	30	40	43	47	49	52	53	55	63	70	74	77	81	87	88	89	96	99	100	106	111	115	121	134	143	149	152	157	181	187	190	193	200	205	206	215	218	219	223	229	231	232	240	242	243	244	250	254	264	269	277	279	286	297	304	308	313	314	328	351	353	354	355	356	360	387	392	394	395	402	419	443	444	446	447	450	474	476	478	479	497	502	508	510	513	514	523	524	531	543	544	550	555	565	569	
15883:	229	269	356	
15885:	223	
15890:	43	356	
15897:	40	149	218	402	510	
15899:	200	
15905:	121	279	
15910:	1	115	157	232	360	
15914:	27	290	
15917:	114	
15937:	271	542	
15965:	523	570	
15966:	523	
16043:	471	
16069:	292	
16073:	128	
16086:	235	357	562	
16090:	73	
16097:	96	341	528	
16126:	196	
16163:	1	28	50	75	88	89	115	157	162	183	186	187	190	215	218	232	279	300	305	316	322	355	359	360	387	408	410	411	434	457	466	476	506	508	523	
16167:	507	
16238:	521	523	
16245:	40	127	407	444	
16251:	1	5	28	46	49	52	71	87	99	101	104	105	115	124	130	139	142	150	161	162	167	173	174	178	184	187	190	193	196	205	214	218	225	266	267	297	301	305	314	317	318	322	354	379	380	384	398	434	435	441	454	457	459	466	468	474	479	482	492	503	507	510	514	518	533	535	550	555	569	570	
16252:	52	101	142	503	
16258:	61	
16319:	386	
16321:	297	
16330:	393	
16339:	210	271	471	
16363:	147	
16374:	129	292	
16450:	53	74	
16456:	495	
16493:	302	
16506:	498	
16556:	471	
16560:	377	
16562:	377	
16595:	181	
16598:	431	
16611:	337	
16652:	471	
16671:	183	186	
16672:	134	139	156	260	337	416	
16683:	527	
16691:	53	268	355	
16720:	217	309	
16742:	485	
16795:	236	
16814:	50	
16826:	292	
16827:	135	558	
16873:	341	
16895:	181	
16912:	333	550	562	
16943:	181	
16963:	557	
17000:	142	
17060:	50	89	141	158	354	402	405	
17064:	119	129	144	225	261	405	
17065:	119	129	261	
17076:	377	
17104:	195	313	
17154:	181	201	384	
17157:	384	
17163:	50	
17165:	50	153	365	415	447	
17168:	471	
17183:	85	533	
17184:	533	
17241:	567	
17243:	432	564	
17246:	103	308	313	366	392	434	513	
17300:	282	
17333:	229	
17349:	282	
17365:	374	
17373:	316	
17399:	485	
17429:	61	77	83	107	111	117	138	247	264	311	403	423	438	439	440	
17454:	432	517	
17503:	183	186	291	296	445	446	
17515:	17	
17516:	17	
17523:	360	
17524:	360	
17527:	225	
17529:	39	180	182	187	479	502	
17543:	144	
17545:	270	379	390	
17546:	144	
17592:	162	261	508	
17595:	261	416	
17616:	446	
17618:	446	
17630:	557	
17663:	199	
17680:	462	
17693:	106	127	
17717:	189	
17751:	395	
17783:	287	
17790:	305	
17818:	261	
17839:	83	
17858:	21	122	206	241	312	372	407	415	444	490	
17877:	271	
17891:	351	
17931:	124	202	
17939:	59	
17985:	432	
18035:	467	
18053:	177	
18100:	432	
18135:	551	
18158:	107	
18233:	172	
18297:	261	
18332:	351	
18333:	351	
18335:	381	
18362:	113	287	365	371	395	568	
18364:	548	
18370:	15	33	49	120	145	151	208	280	340	345	366	412	414	506	570	
18371:	120	151	280	345	366	412	414	
18372:	570	
18373:	15	33	506	
18456:	321	
18485:	12	
18516:	405	424	483	486	
18538:	386	
18593:	185	
18613:	113	
18614:	231	
18630:	122	
18631:	122	
18642:	78	
18644:	402	
18657:	273	
18662:	432	
18666:	471	
18668:	471	
18669:	471	
18684:	456	
18685:	354	
18686:	71	
18687:	398	
18703:	55	
18713:	387	
18716:	392	
18728:	81	
18732:	321	
18736:	537	
18744:	119	129	261	
18768:	40	119	144	181	220	225	261	272	404	449	467	544	
18769:	119	261	
18778:	567	
18791:	524	
18837:	282	
18841:	395	456	
18978:	249	305	
18997:	570	
18998:	570	
19007:	136	215	254	
19019:	317	
19020:	317	
19022:	61	321	
19029:	321	
19030:	61	
19032:	183	186	557	
19034:	183	186	
19036:	183	186	
19113:	436	
19116:	335	
19117:	335	
19122:	142	
19128:	331	
19132:	248	265	422	496	520	535	
19133:	248	496	
19165:	21	135	517	
19173:	507	
19193:	423	
19252:	432	
19262:	533	
19266:	228	
19304:	12	59	91	195	288	313	
19311:	12	
19313:	59	
19326:	252	
19361:	227	
19366:	142	541	
19367:	213	470	528	
19368:	127	307	
19371:	25	
19377:	436	
19556:	23	133	158	162	194	238	241	287	371	468	511	518	
19567:	359	
19626:	206	215	
19630:	271	
19676:	246	
19711:	51	54	99	134	196	266	341	348	402	457	460	
19717:	353	
19788:	351	
19816:	1	231	243	
19817:	1	231	243	
19846:	179	
19897:	386	
19907:	383	
19909:	14	42	54	55	58	60	77	88	90	92	93	96	97	100	104	105	107	111	117	125	139	144	151	157	167	170	184	188	190	198	208	210	214	242	259	264	297	298	300	315	317	346	359	376	378	392	400	401	402	423	425	429	454	463	471	511	
19910:	58	242	378	
19917:	23	63	
19918:	63	
19919:	112	
19929:	392	
19938:	146	
19966:	270	
19973:	183	186	384	425	
20003:	471	
20008:	284	
20020:	322	
20065:	403	
20070:	353	478	
20087:	328	
20101:	220	
20102:	526	
20105:	113	
20114:	257	
20137:	555	
20144:	537	
20149:	168	
20151:	168	
20170:	236	
20191:	114	
20194:	479	
20201:	122	
20216:	570	
20230:	27	119	185	248	257	309	374	535	
20234:	394	
20237:	243	
20242:	1	231	312	324	330	567	
20243:	1	231	312	324	330	
20247:	1	16	231	243	324	330	
20273:	46	213	298	393	416	463	528	550	566	
20274:	46	213	298	393	416	463	528	550	566	
20276:	252	
20305:	134	492	
20318:	321	
20323:	321	
20330:	559	
20346:	77	456	
20373:	465	
20398:	436	
20402:	324	330	
20403:	81	436	
20404:	13	46	50	88	98	139	181	234	266	289	322	358	359	396	415	452	504	508	528	541	553	
20409:	4	44	111	245	
20423:	124	202	
20426:	537	
20443:	303	317	551	
20448:	539	
20475:	323	
20498:	507	
20504:	539	
20543:	85	
20547:	542	
20582:	245	
20583:	245	
20593:	450	
20600:	181	
20606:	194	
20619:	170	290	
20645:	362	
20672:	63	
20676:	151	
20679:	130	134	391	443	466	
20700:	206	
20701:	206	
20729:	33	95	108	125	139	241	292	350	513	
20730:	513	
20752:	195	
20761:	282	499	
20764:	499	
20790:	501	
20794:	501	
20883:	567	
20885:	220	387	449	467	
20886:	220	
20888:	146	
20889:	146	
20890:	146	
20893:	152	254	308	387	392	450	478	513	
20895:	87	492	519	
20897:	377	
20898:	47	237	322	363	383	
20902:	97	199	452	
20924:	333	554	
20925:	373	
20957:	215	
20961:	374	
20970:	359	
20996:	147	
21000:	1	231	243	
21020:	17	129	146	252	254	271	282	287	321	350	352	357	374	377	471	497	507	542	
21022:	17	282	507	542	
21023:	17	282	507	542	
21024:	129	
21025:	271	
21035:	115	143	375	
21036:	97	
21038:	203	331	429	
21043:	227	
21044:	101	
21046:	336	427	
21059:	33	103	108	120	139	142	151	161	208	315	340	366	402	407	457	469	533	541	
21060:	142	541	
21063:	40	112	160	180	209	273	281	301	329	394	449	457	477	485	502	
21066:	40	
21068:	112	
21073:	122	227	237	252	253	271	385	392	408	409	410	411	458	505	570	
21075:	122	
21078:	409	
21079:	252	
21081:	237	252	392	
21087:	208	
21088:	208	
21093:	134	156	402	405	564	
21112:	30	39	40	73	82	83	207	271	329	525	538	542	
21119:	30	113	154	181	218	259	313	337	
21134:	4	5	6	111	219	502	
21144:	336	
21159:	432	
21171:	57	58	165	267	557	
21172:	144	
21214:	113	395	
21222:	215	
21236:	17	113	305	
21257:	520	
21270:	30	113	200	261	287	305	374	400	485	521	524	532	
21283:	30	113	200	524	532	
21302:	521	
21331:	485	
21333:	485	
21387:	295	
21392:	210	
21398:	210	
21402:	17	229	
21406:	238	
21471:	261	395	
21527:	6	13	15	22	35	44	46	50	57	58	89	94	105	126	129	135	141	142	149	173	177	226	242	252	324	330	338	341	348	354	373	374	378	379	380	399	408	410	411	412	435	446	450	461	462	464	466	476	488	497	505	517	528	553	
21558:	138	145	
21564:	322	
21568:	209	225	386	
21569:	209	
21573:	103	145	
21574:	529	
21578:	33	49	56	87	95	103	108	138	139	151	161	193	203	208	209	218	280	301	315	340	345	364	366	404	434	435	455	469	569	
21580:	49	87	103	161	434	
21581:	108	
21584:	114	
21587:	225	
21589:	414	
21590:	15	18	33	49	52	53	54	87	93	95	103	108	120	127	139	142	145	151	161	208	209	263	340	363	366	381	402	412	414	426	434	461	469	502	506	513	533	544	555	
21653:	74	
21670:	407	
21673:	34	40	106	127	175	213	246	407	444	
21674:	34	106	
21676:	8	310	430	
21677:	310	430	
21678:	134	227	294	341	369	446	
21679:	341	
21680:	94	227	291	358	376	380	385	390	432	452	541	550	
21683:	499	
21684:	499	
21685:	215	376	490	508	
21688:	5	
21691:	142	541	
21692:	47	517	
21695:	4	6	7	21	22	25	33	40	49	53	54	58	74	87	94	95	96	98	99	103	106	108	111	120	123	134	139	145	149	153	161	178	179	183	186	189	193	196	203	208	209	216	234	238	241	244	248	250	263	267	269	280	289	291	296	308	338	340	341	348	362	366	376	382	384	385	391	396	402	413	425	426	434	442	443	444	457	460	462	463	464	477	502	506	512	518	524	533	536	539	543	544	553	555	569	570	
21698:	152	447	
21699:	174	294	516	539	570	
21700:	567	
21703:	53	74	569	
21704:	13	97	137	240	277	307	382	397	512	536	
21708:	385	444	
21709:	385	
21710:	376	408	411	
21711:	254	
21712:	537	
21715:	13	129	
21718:	7	52	384	528	537	
21719:	369	
21723:	7	34	65	123	137	140	141	166	173	175	198	205	240	267	270	277	296	307	375	379	382	385	397	424	473	483	486	488	512	536	
21724:	94	
21725:	396	
21726:	21	152	250	291	454	517	
21728:	342	359	
21729:	153	169	517	
21730:	169	
21731:	342	359	
21733:	293	
21734:	342	
21736:	55	77	184	226	264	265	300	535	554	
21737:	4	105	227	408	411	458	505	
21738:	458	
21739:	384	
21740:	85	97	127	137	166	167	171	172	173	174	175	176	177	178	417	519	
21741:	85	97	127	137	166	167	171	172	173	174	175	176	177	178	417	519	
21762:	158	179	241	499	518	
21778:	483	
21781:	135	
21782:	85	
21802:	13	46	60	125	128	213	275	339	380	416	470	488	528	550	
21822:	140	
21823:	140	
21825:	246	
21826:	246	
21860:	17	181	
21870:	15	52	127	177	183	186	234	355	417	
21875:	12	28	195	332	
21883:	284	
21886:	1	
21905:	180	199	502	
21908:	237	
21913:	117	423	537	
21914:	537	
21932:	195	333	367	
21949:	16	
21959:	566	
21964:	215	
21970:	213	
21977:	8	13	18	42	46	52	59	100	127	213	237	238	261	280	298	355	358	393	416	423	442	463	470	516	517	528	550	553	560	
21978:	280	
21979:	13	46	213	298	355	358	416	463	516	528	550	553	
21980:	18	46	52	59	358	393	442	470	517	528	550	553	560	
21992:	238	
21998:	31	50	447	
21999:	31	50	447	
22028:	271	
22043:	254	
22044:	32	
22046:	217	219	
22055:	200	374	
22056:	374	
22090:	60	
22123:	492	
22126:	34	551	
22135:	175	
22155:	250	527	
22156:	250	
22157:	527	
22185:	442	
22212:	195	
22233:	206	
22258:	241	
22260:	499	
22261:	499	
22262:	42	92	100	104	164	214	236	475	490	503	508	
22263:	241	
22265:	149	158	241	280	518	556	
22266:	149	158	241	518	
22273:	503	508	
22274:	162	316	437	
22275:	548	
22276:	3	
22300:	12	61	287	453	
22320:	1	16	158	231	241	324	330	432	518	
22322:	489	
22361:	210	271	298	537	
22367:	427	
22490:	122	352	450	499	
22494:	17	187	226	252	254	350	352	377	567	
22502:	13	22	85	120	122	125	126	171	173	199	208	219	234	271	275	287	296	315	327	337	338	339	341	363	372	385	396	407	409	432	446	455	463	464	476	488	513	516	541	550	
22503:	315	
22507:	125	126	173	287	338	372	455	464	476	488	516	541	
22514:	13	22	122	199	234	275	339	341	363	385	407	432	463	
22515:	516	
22516:	516	
22550:	215	
22581:	94	135	188	189	205	372	409	505	
22583:	94	
22590:	485	
22608:	506	
22633:	542	
22651:	50	
22671:	319	383	542	
22714:	503	
22732:	114	
22739:	271	
22757:	353	478	
22771:	190	211	
22773:	190	
22783:	5	269	357	467	
22785:	269	
22807:	127	
22808:	127	
22811:	97	199	513	
22817:	284	
22821:	92	157	164	194	468	475	490	508	
22823:	157	359	501	
22824:	157	490	
22835:	117	423	
22857:	18	22	34	94	111	126	178	241	262	338	384	396	442	464	499	505	570	
22858:	94	505	
22859:	126	338	384	464	
22860:	262	
22862:	22	
22863:	94	
22865:	34	396	
22866:	18	178	
22867:	570	
22868:	505	
22919:	4	
22922:	211	
22924:	310	
22960:	18	94	198	294	516	
22968:	179	271	542	
22984:	114	233	243	
22997:	273	
23000:	23	63	
23032:	534	
23053:	211	267	
23056:	13	56	81	129	130	131	187	205	208	317	355	405	432	479	554	
23064:	208	
23070:	432	
23075:	129	130	205	
23078:	18	46	99	103	134	145	151	254	268	291	366	381	405	513	533	
23094:	3	122	142	146	210	237	238	252	254	271	321	350	371	374	392	413	450	452	476	542	
23104:	452	
23116:	564	
23122:	317	
23133:	206	
23145:	88	122	183	186	205	219	241	337	378	402	415	434	463	528	533	550	
23149:	122	
23150:	402	
23151:	434	
23152:	337	
23153:	337	
23189:	127	359	543	
23195:	114	529	
23232:	185	
23237:	513	
23238:	124	202	
23239:	124	202	
23241:	53	183	186	
23247:	50	150	
23265:	394	
23279:	312	
23305:	416	
23335:	414	
23336:	414	
23348:	495	
23349:	495	
23353:	94	415	
23362:	351	
23368:	485	524	
23384:	46	154	443	
23386:	359	
23398:	179	236	
23400:	85	
23420:	294	
23469:	260	
23551:	470	
23557:	179	
23563:	432	
23568:	8	35	
23571:	392	
23578:	313	332	
23611:	567	
23634:	289	372	
23637:	2	4	5	32	81	106	121	130	150	190	200	253	279	308	310	366	431	521	567	
23644:	567	
23655:	567	
23656:	567	
23658:	150	
23660:	567	
23662:	403	
23663:	130	418	446	462	481	
23703:	479	
23739:	153	307	409	415	444	
23743:	377	
23754:	471	
23770:	215	
23803:	122	199	
23810:	73	450	496	533	
23823:	134	
23836:	73	333	547	
23841:	170	
23844:	152	
23845:	152	
23849:	111	183	186	338	384	391	425	464	570	
23850:	338	384	464	
23852:	183	186	338	384	391	425	464	
23853:	183	186	338	391	425	464	
23854:	391	425	
23855:	384	425	
23862:	103	434	
23869:	286	
23870:	150	316	
23888:	4	7	127	163	217	289	436	452	453	476	505	570	
23889:	4	7	127	163	217	289	436	452	453	476	505	570	
23890:	289	505	
23904:	271	287	478	542	
23910:	32	94	179	215	244	254	277	524	567	570	
23917:	94	
23922:	94	
23936:	238	
23943:	220	277	
23945:	246	
23954:	113	
23984:	335	
23993:	313	
24001:	525	
24017:	565	
24027:	211	384	
24028:	211	384	
24035:	319	383	542	
24052:	268	398	
24105:	558	
24106:	566	
24136:	264	300	311	343	403	
24139:	189	376	
24140:	189	
24165:	527	
24168:	566	
24170:	154	
24176:	154	
24181:	372	
24183:	372	
24221:	210	271	317	
24223:	271	
24241:	269	
24284:	503	
24339:	499	
24343:	103	434	
24344:	537	
24357:	175	227	337	409	458	505	
24360:	281	
24377:	78	219	489	
24386:	91	
24403:	192	
24405:	407	
24429:	561	
24431:	34	396	
24432:	50	
24433:	513	
24441:	129	364	442	450	498	
24443:	32	77	152	200	453	478	561	
24458:	30	77	400	
24465:	32	40	49	96	135	179	180	250	357	416	434	539	550	
24466:	550	
24494:	415	
24495:	415	
24498:	127	151	385	452	506	533	
24499:	452	506	
24504:	250	
24505:	250	
24507:	57	58	267	557	
24540:	111	190	
24572:	386	
24583:	259	
24596:	42	100	242	
24597:	42	100	242	
24603:	394	
24632:	91	
24636:	12	17	33	39	78	92	94	95	108	120	121	158	183	186	287	292	345	348	379	407	414	426	505	506	523	524	533	544	
24640:	407	
24641:	17	95	120	158	183	186	292	348	414	426	506	524	533	
24643:	379	407	
24651:	351	
24654:	414	
24662:	314	
24681:	86	91	199	288	313	321	364	386	403	458	510	
24728:	394	
24741:	505	
24744:	401	
24753:	73	107	264	362	395	400	453	522	
24759:	30	39	44	111	182	304	306	530	
24772:	569	
24777:	56	164	333	354	565	
24786:	222	
24803:	501	520	
24804:	43	
24810:	485	
24824:	501	
24825:	187	
24840:	356	
24845:	2	5	7	12	16	20	25	28	49	52	53	55	56	74	77	83	94	97	102	105	106	121	130	131	133	143	150	153	154	155	156	161	163	180	181	187	188	189	193	195	198	200	203	208	211	214	236	240	242	245	264	269	277	292	301	309	311	316	317	319	321	323	327	332	342	362	364	365	369	386	394	403	404	405	407	409	413	423	430	434	441	449	452	467	477	479	489	493	495	498	501	502	503	504	507	509	514	516	520	528	529	532	534	543	544	546	552	555	569	570	
24849:	254	
24852:	28	200	394	467	470	485	498	524	532	
24866:	200	532	
24907:	138	
24912:	243	
24934:	527	
24958:	262	
24982:	232	264	300	362	
24991:	450	
25011:	195	
25027:	90	346	
25029:	1	31	42	52	53	75	92	100	104	133	138	159	162	164	182	193	194	199	203	209	214	232	233	236	238	287	312	314	316	318	322	325	327	328	343	362	363	377	428	432	437	450	468	470	475	490	503	504	508	511	522	524	544	555	569	
25031:	511	
25032:	75	325	
25033:	450	
25034:	322	450	511	
25045:	244	
25075:	157	
25098:	122	567	
25111:	343	
25122:	93	
25165:	93	
25195:	528	
25198:	17	229	280	404	
25219:	282	
25220:	282	
25226:	259	
25229:	17	138	163	329	
25230:	310	
25231:	22	
25246:	289	
25252:	15	52	177	183	186	
25285:	438	
25301:	190	220	482	
25344:	200	383	
25352:	374	
25353:	179	512	
25355:	22	296	
25357:	22	244	309	382	512	536	
25358:	309	
25360:	437	
25364:	18	74	120	179	240	241	244	280	296	382	413	512	513	536	
25365:	18	179	240	241	244	512	
25366:	551	
25378:	309	
25381:	190	
25383:	190	
25385:	190	
25392:	190	
25403:	387	
25409:	482	
25418:	328	
25423:	235	400	
25432:	146	
25445:	354	534	
25447:	6	252	360	450	
25451:	200	218	432	
25459:	300	
25503:	181	
25509:	294	
25511:	403	465	
25522:	94	
25523:	98	134	269	460	
25524:	94	
25525:	238	342	359	547	
25541:	291	
25542:	250	291	517	
25543:	517	
25544:	21	52	120	127	152	234	250	263	280	291	445	454	513	517	
25545:	234	250	
25546:	52	234	291	
25547:	250	291	517	
25548:	291	
25550:	546	
25552:	188	
25553:	394	
25554:	4	5	52	111	127	188	189	205	409	513	
25555:	408	410	411	
25557:	188	189	205	409	
25558:	197	
25559:	385	
25560:	189	280	
25561:	250	
25562:	408	410	411	527	
25567:	253	350	394	487	
25591:	50	153	198	415	444	447	505	
25592:	50	153	198	415	444	447	505	
25593:	237	
25602:	476	
25603:	386	
25604:	153	
25605:	153	
25608:	47	
25616:	29	53	180	187	193	203	280	479	544	555	569	
25617:	29	479	
25619:	190	
25620:	190	
25628:	408	410	411	
25629:	379	
25630:	379	
25631:	379	
25632:	378	
25633:	379	
25634:	127	270	278	378	379	
25635:	410	
25636:	570	
25637:	4	44	105	111	127	156	227	354	369	376	408	410	411	458	505	523	527	553	570	
25638:	105	227	505	
25639:	105	227	408	411	
25640:	25	
25641:	25	
25642:	308	
25643:	408	410	411	
25644:	25	308	513	
25645:	25	
25646:	25	308	
25647:	385	
25648:	385	
25649:	252	
25650:	252	
25651:	252	
25652:	385	
25654:	252	
25655:	385	
25656:	252	
25657:	385	
25658:	252	
25659:	252	
25660:	252	
25667:	122	
25678:	225	
25682:	360	
25683:	27	
25684:	130	462	
25686:	476	
25717:	432	
25723:	436	
25724:	436	
25725:	408	410	411	
25726:	408	410	411	
25735:	257	
25737:	264	377	427	562	566	
25759:	297	
25760:	297	
25771:	369	
25772:	369	
25773:	333	
25775:	468	
25783:	8	60	125	140	166	270	379	390	488	
25793:	498	
25795:	104	184	189	386	
25796:	189	
25798:	194	
25799:	206	
25801:	289	372	
25802:	289	372	
25804:	50	153	307	415	432	444	447	
25805:	50	153	307	415	444	447	
25806:	415	498	517	
25808:	94	262	505	
25809:	505	
25810:	442	
25811:	262	
25814:	262	
25816:	197	
25817:	178	505	
25818:	178	409	505	
25819:	178	
25822:	175	
25823:	505	
25824:	262	
25825:	4	6	111	123	127	
25828:	178	
25829:	291	
25830:	416	
25849:	214	
25856:	104	164	238	475	490	508	511	
25862:	517	
25866:	162	
25872:	120	303	317	551	
25880:	248	
25882:	50	153	365	447	498	517	568	
25883:	517	568	
25884:	50	153	365	447	
25886:	184	
25887:	415	
25888:	47	248	
25890:	444	517	
25891:	444	517	
25894:	184	
25895:	106	
25896:	65	408	410	411	
25901:	215	
25908:	47	184	503	
25909:	106	408	411	
25910:	106	
25911:	408	411	
25913:	27	
25914:	499	
25923:	502	
25928:	32	
25931:	104	184	
25934:	261	
25956:	53	
25970:	409	
25977:	18	30	49	55	103	112	120	163	180	199	208	217	282	296	300	304	322	357	375	427	498	504	513	523	532	
25978:	18	30	55	120	163	180	199	208	217	282	296	300	322	357	427	498	504	513	523	
25982:	368	
25991:	562	
26025:	244	285	
26036:	503	
26114:	238	252	261	
26115:	238	
26201:	122	
26213:	114	
26214:	567	
26218:	456	
26221:	71	
26239:	284	
26240:	284	
26241:	73	
26244:	115	
26268:	112	
26278:	5	
26323:	336	
26329:	534	
26344:	131	324	
26346:	324	
26377:	561	
26384:	327	
26392:	368	
26467:	135	
26501:	323	
26502:	323	
26504:	527	
26507:	527	
26516:	262	
26523:	456	
26558:	549	
26568:	77	117	542	561	
26586:	181	
26632:	98	
26647:	331	362	
26648:	446	
26679:	53	183	186	497	
26680:	372	
26689:	213	473	528	
26690:	213	473	528	
26691:	253	383	401	427	
26698:	4	6	7	30	39	40	44	53	111	136	182	200	203	298	304	350	356	374	489	492	502	524	530	
26700:	30	304	530	
26702:	39	
26704:	7	570	
26705:	4	30	44	111	304	
26706:	4	30	32	39	44	78	111	182	304	306	530	
26707:	4	30	32	39	44	111	182	304	306	530	
26709:	106	
26710:	182	219	362	427	532	561	
26713:	24	
26716:	32	350	
26717:	254	357	387	527	566	570	
26718:	357	
26721:	39	111	182	304	350	
26722:	502	
26723:	30	39	362	502	530	
26725:	56	199	364	
26731:	561	
26770:	287	
26775:	404	
26777:	227	
26806:	273	
26832:	89	
26840:	39	81	94	107	122	135	138	147	187	201	257	280	311	321	394	429	465	
26841:	429	
26842:	81	
26843:	311	
26845:	201	
26851:	530	
26853:	121	392	489	
26859:	392	
26897:	181	
26944:	210	
26946:	206	
26950:	210	
26954:	210	
26969:	287	
27046:	337	
27053:	181	
27068:	514	
27069:	514	
27081:	514	
27095:	181	
27115:	441	
27121:	261	
27122:	261	
27130:	566	
27131:	122	
27132:	122	
27133:	253	
27136:	252	
27139:	122	257	
27164:	257	
27166:	185	
27167:	185	
27200:	441	
27225:	257	
27227:	257	
27248:	113	123	127	305	374	400	
27249:	113	305	374	400	
27250:	335	
27251:	335	
27253:	113	
27255:	433	
27257:	262	372	
27260:	225	270	335	409	570	
27261:	335	
27264:	4	6	105	111	123	127	130	289	418	442	446	462	481	527	570	
27265:	289	
27266:	119	123	217	305	374	400	436	
27267:	119	305	374	400	
27268:	436	
27271:	123	
27272:	27	
27275:	12	21	129	150	219	220	316	323	337	353	357	428	475	489	492	495	498	507	532	542	561	
27276:	12	
27277:	489	495	
27287:	208	
27295:	356	532	561	
27332:	106	
27341:	551	
27365:	182	353	478	
27369:	215	
27371:	329	394	
27372:	394	
27373:	394	401	
27387:	271	
27404:	61	
27459:	352	
27512:	238	
27520:	470	
27527:	88	130	140	165	177	234	294	298	381	442	513	
27574:	229	309	
27586:	305	
27593:	548	556	
27604:	295	
27610:	489	
27620:	534	
27621:	534	
27627:	190	
27629:	190	
27631:	59	
27635:	295	
27637:	33	108	193	569	
27651:	235	
27660:	518	
27662:	241	499	505	
27675:	220	246	284	301	487	
27694:	241	499	
27695:	499	
27702:	133	206	436	
27705:	31	58	59	60	128	274	414	
27707:	31	
27714:	267	
27757:	559	
27761:	377	
27762:	377	
27763:	377	
27770:	519	
27771:	519	
27775:	183	186	
27786:	134	156	402	405	564	
27796:	402	
27822:	321	
27844:	122	
27853:	235	564	
27909:	12	357	
27920:	28	53	65	192	199	219	332	357	409	467	521	524	544	570	
27922:	218	523	
27930:	21	31	100	101	128	130	134	145	151	158	179	194	200	206	238	268	308	315	324	330	354	356	378	380	426	432	435	445	517	518	564	567	
27934:	513	
27935:	391	
27936:	114	233	254	508	
27954:	12	
27971:	174	407	
27983:	61	333	495	565	
27985:	28	332	
27998:	550	
28014:	144	
28025:	190	
28026:	129	567	
28033:	144	400	
28077:	54	77	183	186	208	336	395	
28091:	112	
28127:	369	
28142:	377	
28143:	377	
28144:	377	
28145:	377	
28146:	377	
28169:	227	236	
28170:	227	236	
28171:	227	
28175:	547	
28213:	233	
28214:	233	
28248:	6	73	322	374	498	
28251:	327	
28293:	113	
28299:	201	
28301:	485	
28307:	201	
28323:	374	
28324:	374	
28356:	302	433	
28386:	525	559	
28389:	527	
28398:	538	
28399:	227	236	
28428:	271	542	
28445:	567	
28539:	63	77	134	144	215	238	282	336	377	400	408	411	508	
28542:	77	144	377	
28549:	282	
28554:	335	
28567:	107	264	394	395	
28581:	30	44	304	530	
28596:	237	
28616:	215	504	
28630:	21	140	141	270	325	354	
28642:	7	129	142	217	220	284	357	538	549	
28645:	129	
28655:	190	200	482	
28657:	482	
28659:	81	341	357	387	517	539	550	
28661:	156	199	485	524	
28668:	3	5	6	28	40	53	55	74	78	86	106	112	149	153	187	199	205	218	219	273	293	333	354	356	364	369	409	473	474	482	489	493	495	502	503	514	544	555	
28669:	385	
28670:	214	315	
28685:	91	195	
28772:	489	
28806:	91	
28846:	489	
28863:	28	
28864:	28	
28884:	456	
28885:	223	
28909:	300	
28949:	106	364	442	457	503	
28951:	447	547	559	
28953:	61	386	465	554	
28955:	564	
28981:	513	
29023:	254	
29027:	321	
29064:	527	
29074:	433	
29081:	17	113	305	
29091:	59	187	567	
29118:	427	
29119:	427	
29159:	190	
29164:	190	
29181:	485	
29183:	315	402	
29237:	229	
29269:	74	179	240	244	359	382	512	528	536	551	
29270:	74	179	240	244	382	512	528	536	
29290:	95	161	
29302:	17	94	333	364	505	
29311:	94	505	
29318:	232	
29324:	60	85	128	167	172	176	244	267	294	
29331:	32	319	392	
29349:	230	
29355:	201	238	374	377	436	
29369:	147	
29377:	190	
29402:	1	39	44	100	229	322	341	343	363	413	490	518	
29403:	343	
29424:	173	
29433:	377	
29435:	415	
29438:	409	
29450:	22	551	
29505:	167	172	
29506:	167	172	
29546:	562	
29562:	230	
29575:	169	
29618:	233	
29676:	168	
29688:	211	
29704:	182	
29721:	485	
29741:	485	
29768:	311	
29776:	226	264	
29791:	31	135	
29820:	238	
29827:	507	546	
29841:	158	
29876:	252	
29877:	252	
29881:	189	
29882:	189	
29914:	201	377	
29946:	47	
29953:	252	
29956:	377	
29957:	377	
30026:	50	
30032:	137	156	171	183	186	196	291	292	391	516	
30035:	156	
30037:	94	254	570	
30063:	442	
30080:	220	
30082:	81	
30114:	321	
30141:	516	
30280:	200	
30288:	441	
30290:	509	
30294:	509	
30385:	471	
30391:	432	
30392:	432	
30401:	157	199	232	363	564	
30541:	300	
30556:	394	
30585:	427	
30608:	188	189	
30609:	189	
30675:	17	
30719:	254	
30741:	298	393	463	470	516	566	
30742:	298	393	463	470	516	566	
30780:	432	
30784:	432	
30818:	17	63	77	91	215	226	254	271	282	287	319	321	350	403	427	429	507	511	
30829:	91	
30835:	545	
30843:	17	
30844:	17	
30863:	271	
30898:	337	
30965:	413	
30977:	501	
30990:	104	
31014:	229	309	
31015:	505	
31019:	2	5	52	53	74	78	102	121	150	153	164	187	203	273	279	293	301	325	441	449	452	474	477	479	495	498	502	504	507	514	524	542	543	544	555	569	570	
31021:	2	52	53	74	78	102	121	153	203	273	293	301	325	441	452	477	479	495	498	502	504	507	514	543	544	555	570	
31022:	2	53	74	102	121	153	203	301	441	452	477	479	495	502	504	507	514	543	544	555	570	
31041:	54	78	96	121	208	521	533	553	555	567	
31042:	533	553	
31074:	35	40	125	126	133	198	218	246	260	265	270	290	329	359	387	390	416	462	545	
31123:	87	215	387	
31128:	226	
31201:	32	
31216:	97	
31228:	97	
31229:	151	469	
31231:	269	285	460	
31232:	269	285	460	
31237:	152	
31243:	260	
31293:	518	
31387:	365	
31394:	453	
31396:	436	
31399:	227	
31400:	416	
31413:	78	
31417:	508	
31425:	104	164	236	328	468	475	508	
31470:	42	92	100	104	164	214	314	328	475	490	503	508	
31479:	3	
31506:	33	103	108	139	145	151	161	208	335	366	384	425	
31507:	335	
31509:	240	455	
31510:	457	
31512:	238	
31570:	17	30	363	427	429	
31662:	404	
31663:	404	
31671:	219	497	
31677:	144	
31707:	372	
31708:	372	
31721:	113	
31722:	113	
31752:	559	
31753:	179	241	499	518	
31754:	179	241	499	518	
31756:	260	387	404	
31768:	213	342	359	528	
31816:	237	
31817:	247	254	289	372	
31818:	289	372	
31819:	73	
31837:	31	50	447	
31838:	31	50	447	
31849:	321	476	511	
31863:	122	
31870:	34	396	
31875:	396	
31876:	292	305	
31880:	396	
31881:	185	450	
31898:	317	
31913:	542	
31948:	210	316	317	
31951:	439	
31995:	432	
32012:	559	
32043:	278	
32048:	42	468	511	
32049:	511	
32056:	12	59	122	232	318	475	
32059:	1	16	42	89	92	98	104	115	123	141	157	162	164	214	231	232	279	292	318	322	360	383	437	468	475	490	
32092:	81	114	
32110:	225	
32125:	53	60	73	100	107	122	130	151	179	206	241	372	407	445	447	468	490	567	
32127:	122	241	372	407	490	
32129:	392	
32136:	33	56	108	133	142	190	205	394	412	550	566	
32137:	428	
32138:	428	
32141:	129	267	550	
32145:	129	267	550	
32159:	50	153	415	444	517	
32160:	50	153	415	444	517	
32161:	47	437	
32169:	113	
32170:	113	
32171:	7	53	74	153	199	364	502	555	
32175:	427	507	
32176:	507	
32178:	507	
32194:	442	
32196:	437	
32197:	503	
32204:	321	
32240:	364	
32245:	4	111	127	153	307	409	415	444	570	
32246:	307	
32247:	307	
32248:	127	307	
32255:	237	
32283:	485	
32286:	495	
32287:	187	
32311:	241	518	
32339:	548	
32342:	40	107	136	201	218	257	264	321	374	453	478	538	559	
32348:	453	
32349:	40	136	374	
32364:	386	
32367:	56	199	364	441	498	
32373:	86	333	424	436	493	543	554	
32374:	408	410	411	
32375:	408	410	411	
32398:	386	
32399:	386	
32409:	181	
32412:	351	
32413:	351	
32414:	427	494	
32421:	6	53	55	112	160	169	209	273	277	280	281	301	364	436	451	477	486	543	
32425:	542	
32437:	507	
32438:	507	
32445:	264	
32468:	527	
32471:	385	
32495:	181	
32515:	377	
32537:	215	
32558:	59	
32640:	127	199	
32647:	229	309	
32667:	517	
32668:	415	570	
32669:	50	153	198	415	444	447	505	
32670:	229	
32675:	262	517	
32680:	153	
32681:	432	
32682:	50	52	93	127	153	383	442	444	447	517	
32683:	415	
32684:	294	
32687:	50	153	415	
32688:	50	153	415	
32689:	564	
32690:	335	415	
32691:	415	
32692:	335	
32739:	139	143	
32777:	352	
32790:	139	
32791:	139	
32799:	261	284	
32812:	113	395	
32814:	3	252	350	476	
32815:	3	
32819:	17	114	122	128	261	321	330	354	508	511	550	
32826:	366	
32851:	123	127	
32852:	123	436	
32853:	123	
32877:	271	
32973:	566	
32997:	501	
33007:	220	
33071:	518	
33075:	27	
33076:	27	
33085:	319	
33122:	321	
33123:	321	
33125:	271	
33128:	144	
33136:	144	
33141:	213	473	528	
33164:	246	
33165:	246	
33166:	499	
33196:	238	
33197:	238	
33278:	373	
33298:	179	512	
33299:	179	
33300:	408	411	
33301:	408	411	
33304:	179	240	244	382	512	536	
33305:	179	240	244	382	512	536	
33306:	537	
33307:	74	179	240	244	277	382	512	536	
33310:	512	
33311:	74	179	240	244	382	512	536	
33312:	74	179	240	244	382	512	536	
33313:	162	296	316	437	
33314:	74	179	382	536	
33318:	6	111	392	513	
33346:	324	330	567	
33371:	229	
33404:	135	
33445:	537	
