24:	72	
34:	398	
37:	602	
44:	13	140	148	155	175	221	243	252	271	280	292	310	357	397	499	530	531	637	649	
49:	639	
61:	37	222	257	317	350	404	443	452	519	604	606	
94:	151	
104:	63	
108:	642	
109:	492	
123:	272	
160:	443	
164:	175	
172:	502	
175:	285	
205:	56	375	643	
221:	548	
226:	380	
236:	56	281	
243:	174	
259:	302	312	
270:	133	
321:	188	
322:	135	180	194	244	386	420	474	508	530	
333:	221	634	
350:	4	13	21	24	28	31	33	34	37	38	41	44	49	53	57	60	61	63	65	66	71	73	80	81	82	86	87	93	96	97	98	100	103	109	110	112	114	119	121	124	132	133	135	145	147	148	150	153	155	156	160	168	170	173	177	178	184	185	188	190	194	195	200	205	207	209	211	215	221	222	236	237	241	253	256	257	260	261	265	266	267	268	269	271	273	274	278	280	281	282	285	286	292	295	296	298	302	308	309	310	311	312	314	316	317	320	324	325	326	336	337	339	344	350	354	356	357	360	367	369	377	378	380	384	386	388	389	392	404	406	407	408	410	412	428	430	440	441	443	444	445	446	447	452	454	463	465	466	468	471	472	473	483	485	487	490	492	495	499	506	508	511	512	514	516	521	522	525	526	530	531	532	539	540	542	546	548	549	550	552	553	554	556	561	564	567	568	574	576	580	591	597	600	601	607	611	621	623	629	631	640	645	649	650	
354:	148	207	404	530	649	
356:	38	93	
377:	67	363	
382:	71	92	129	140	229	354	366	390	404	425	436	438	466	483	506	549	584	597	
390:	202	
391:	391	
423:	271	305	
433:	92	
434:	333	
439:	286	559	
450:	128	199	306	422	444	475	522	600	609	
451:	199	
491:	495	
492:	50	88	89	93	121	188	194	222	266	280	316	363	366	401	425	509	532	567	594	621	635	
498:	121	
507:	253	586	
509:	140	
510:	649	
597:	540	
604:	301	
605:	301	
622:	197	254	
641:	28	46	71	83	153	173	183	226	239	250	257	262	265	283	285	324	344	362	364	365	398	405	412	433	461	477	479	493	495	499	512	539	554	557	563	596	607	610	617	626	627	629	637	
642:	28	83	153	183	344	364	433	493	499	557	626	
644:	262	
649:	548	
658:	99	305	
690:	90	161	570	
697:	161	
759:	201	
779:	245	
807:	281	325	439	464	
816:	281	325	439	464	
849:	229	407	499	
851:	10	56	66	71	118	119	133	134	145	194	196	224	266	268	292	294	304	326	377	381	395	404	429	444	474	483	564	580	594	631	643	
869:	62	333	
875:	333	
876:	333	
934:	66	
1024:	208	
1027:	432	
1038:	189	
1039:	189	
1045:	625	
1054:	361	
1073:	10	499	
1075:	456	
1086:	508	
1097:	46	87	153	239	246	258	271	310	346	407	409	499	562	563	
1101:	279	397	
1111:	206	
1112:	239	469	
1118:	371	
1119:	71	
1126:	626	
1147:	281	
1190:	376	
1232:	596	
1248:	207	
1270:	547	643	
1271:	393	
1312:	493	
1319:	493	
1351:	99	
1357:	121	
1374:	510	
1404:	66	80	138	222	289	419	487	531	637	645	649	
1407:	531	
1410:	273	
1411:	273	
1419:	224	288	372	424	
1420:	33	
1431:	323	
1437:	99	
1465:	346	
1466:	1	
1470:	1	
1472:	617	
1520:	193	306	
1537:	167	319	465	
1548:	298	
1560:	128	
1589:	230	
1590:	230	
1624:	10	33	62	66	90	99	197	305	306	319	323	345	454	536	542	572	573	
1625:	10	345	
1626:	66	90	306	345	536	542	572	573	
1637:	34	72	94	133	266	493	521	647	
1642:	493	
1653:	13	41	49	55	72	83	144	147	185	196	215	252	343	393	403	456	467	475	498	501	534	631	
1673:	220	602	
1700:	29	
1702:	215	243	611	640	
1708:	243	
1710:	4	224	288	510	
1711:	28	65	73	168	172	181	198	221	311	315	332	344	380	395	398	401	442	458	471	475	482	493	531	594	603	611	622	634	640	645	
1728:	622	
1729:	594	
1730:	28	
1792:	631	
1795:	524	
1800:	4	21	193	483	
1805:	420	
1807:	582	
1815:	515	
1824:	313	396	
1826:	313	
1828:	313	396	
1830:	173	
1833:	327	
1834:	327	
1838:	38	184	188	194	380	432	631	
1840:	194	
1846:	280	306	432	495	556	
1859:	502	
1862:	502	
1868:	184	242	327	373	432	
1874:	327	
1878:	63	500	
1891:	30	493	
1901:	209	340	
1904:	164	649	
1910:	30	90	301	
1913:	502	
1929:	316	
1930:	316	
1948:	634	
1957:	478	
1959:	319	576	
1963:	33	319	
1966:	645	
1993:	614	
2006:	510	
2007:	510	
2010:	140	
2011:	650	
2024:	18	80	189	253	273	380	415	482	
2031:	253	
2032:	133	
2035:	552	
2062:	471	
2085:	158	237	306	457	497	521	
2087:	164	
2088:	42	51	64	67	74	94	125	141	155	182	213	226	235	258	266	280	302	320	359	361	405	428	430	452	458	473	493	502	510	550	565	574	580	591	594	634	
2090:	266	
2091:	266	
2095:	155	574	
2099:	493	
2119:	92	
2130:	81	101	141	160	174	196	228	248	254	268	270	273	275	327	332	334	339	353	425	444	459	470	471	473	482	483	493	509	515	527	533	586	600	
2147:	80	222	289	487	637	645	
2172:	496	
2173:	239	
2241:	325	557	631	645	
2254:	160	
2256:	7	23	38	130	162	182	302	323	403	407	418	428	452	546	614	
2281:	65	
2282:	25	33	38	60	65	121	124	149	160	164	239	270	274	285	354	432	497	520	522	606	624	647	
2283:	65	
2284:	239	624	647	
2291:	559	
2297:	66	198	208	266	306	454	572	601	
2302:	271	456	
2308:	196	
2331:	93	98	156	186	196	212	289	332	339	341	425	487	527	602	603	637	642	
2334:	98	
2335:	156	212	289	332	339	425	487	527	602	
2339:	230	283	350	461	516	562	
2363:	163	209	251	284	451	586	
2366:	471	595	642	
2371:	383	
2378:	178	425	465	499	
2390:	157	169	346	371	407	499	
2403:	126	
2433:	270	296	372	397	
2434:	270	
2454:	207	591	
2456:	422	
2458:	261	459	
2459:	459	
2489:	243	
2492:	103	472	560	
2517:	615	
2519:	65	162	267	284	314	360	436	437	458	500	521	
2520:	284	
2544:	521	
2569:	424	
2576:	455	466	
2581:	31	164	266	313	344	361	362	457	477	493	604	630	
2608:	402	516	
2619:	334	
2627:	197	
2645:	23	145	380	519	600	
2646:	380	
2653:	61	
2659:	125	
2685:	144	244	299	467	
2686:	244	
2694:	516	
2700:	4	292	301	
2702:	301	
2703:	4	
2715:	11	18	42	70	99	105	134	224	227	326	356	372	384	432	450	473	
2717:	506	
2722:	301	
2808:	318	
2809:	318	
2811:	527	
2816:	11	13	18	23	42	49	70	77	99	113	121	174	181	197	237	242	254	259	305	321	323	327	370	372	375	399	414	418	428	456	458	520	534	537	551	560	573	586	
2825:	586	
2835:	242	
2855:	332	459	
2860:	459	
2873:	155	190	308	317	333	440	492	538	569	
2876:	74	
2879:	67	150	280	296	367	400	443	506	527	549	
2881:	198	
2902:	197	
2914:	235	
2928:	441	
2935:	158	159	
2956:	384	
2972:	4	
3018:	42	205	304	372	377	394	510	561	
3020:	356	372	
3032:	132	
3054:	372	
3056:	21	44	147	193	217	354	404	418	462	511	576	621	649	
3060:	404	
3087:	625	
3088:	625	
3091:	141	309	452	533	
3115:	177	622	
3119:	91	
3168:	458	
3169:	458	
3182:	198	
3213:	213	
3216:	643	
3237:	8	34	54	57	66	72	98	99	108	110	119	145	154	186	190	197	224	236	254	267	289	301	325	334	336	340	345	391	394	395	399	422	427	463	479	513	528	541	548	571	573	574	596	598	603	637	644	647	
3240:	573	
3310:	573	
3321:	18	31	33	60	66	67	78	82	86	88	91	92	97	98	102	112	114	118	119	121	140	161	170	172	174	182	183	186	211	238	243	260	263	266	267	268	270	273	274	278	280	283	284	301	325	332	336	347	352	363	368	388	395	399	402	410	433	441	446	447	448	458	466	470	473	479	482	497	513	520	521	522	524	527	553	572	587	598	600	601	628	637	639	647	649	
3324:	31	402	
3325:	118	
3327:	473	
3330:	596	
3331:	593	
3336:	407	470	539	624	
3338:	407	470	539	624	
3348:	174	
3372:	71	
3381:	56	65	81	90	94	154	336	351	374	490	560	
3389:	90	100	138	412	626	
3406:	643	
3410:	188	
3420:	236	574	631	
3421:	631	
3425:	4	25	42	55	83	209	336	359	367	377	393	498	501	
3428:	158	
3468:	173	225	
3470:	603	
3484:	132	416	425	471	
3492:	7	8	11	18	28	29	32	35	37	38	41	48	49	50	51	55	61	64	65	70	71	73	74	75	81	83	84	89	90	93	99	101	103	105	106	108	109	129	132	133	134	135	141	147	148	149	150	151	156	166	167	171	174	175	176	177	178	180	188	192	194	195	196	198	202	205	207	212	214	215	218	219	220	221	222	224	227	228	229	230	237	240	241	243	244	250	252	256	258	259	261	263	269	270	271	275	279	281	282	283	291	292	296	298	302	303	304	309	310	311	312	316	317	318	320	321	326	328	331	332	334	337	339	341	346	349	353	356	357	360	363	364	365	366	367	377	378	379	380	381	382	384	386	388	393	394	395	406	407	408	413	414	415	420	425	428	429	432	439	441	443	444	450	452	454	455	456	457	461	463	464	465	466	470	471	473	475	477	487	490	491	492	495	497	498	499	501	503	504	505	506	507	508	509	510	514	515	519	520	526	527	530	532	533	534	536	549	550	551	561	565	567	568	571	580	586	591	593	594	595	600	602	603	604	619	622	623	631	633	634	637	642	643	645	649	
3493:	441	
3494:	441	
3506:	208	
3515:	172	307	428	533	
3516:	395	
3524:	456	
3545:	201	
3547:	66	201	
3574:	563	
3605:	31	
3612:	148	
3624:	63	
3625:	98	
3626:	33	224	
3627:	33	224	
3650:	543	544	545	
3673:	473	
3675:	132	
3677:	81	208	248	615	
3688:	424	
3731:	211	
3741:	185	273	392	442	481	645	
3743:	427	
3745:	610	
3750:	477	
3754:	303	
3761:	172	
3766:	301	
3787:	130	
3801:	428	
3802:	428	
3809:	26	610	
3811:	372	
3822:	197	649	
3882:	395	
3883:	395	
3908:	128	
3909:	128	
3924:	361	628	
3965:	198	
3981:	401	
3986:	564	
3998:	153	
3999:	153	
4098:	303	
4118:	185	
4120:	147	
4173:	208	479	629	
4177:	400	
4198:	415	
4251:	94	330	370	
4287:	251	
4304:	175	332	
4322:	283	496	
4334:	360	
4339:	360	
4351:	99	323	399	
4366:	429	509	
4381:	174	
4443:	18	459	619	
4453:	314	430	461	
4479:	332	
4535:	32	
4537:	308	
4561:	50	307	
4565:	496	
4575:	196	499	582	631	632	
4588:	26	
4622:	220	
4628:	395	
4639:	451	
4651:	621	
4679:	19	
4693:	625	
4708:	316	
4713:	128	
4716:	395	
4750:	258	
4772:	121	194	268	
4778:	33	148	164	166	172	201	261	307	428	487	509	533	591	602	603	636	
4779:	603	
4780:	603	
4781:	33	
4784:	172	307	428	533	
4789:	166	261	509	
4790:	201	
4807:	120	
4815:	160	319	327	542	
4818:	527	
4829:	189	198	427	502	531	
4830:	189	
4850:	57	
4864:	366	
4880:	631	
4888:	502	
4902:	72	
4926:	537	547	
4949:	292	432	
4953:	157	292	432	502	
4958:	432	
4960:	157	
4967:	502	
5006:	168	633	
5011:	124	632	635	
5013:	266	
5025:	6	49	71	262	388	393	470	499	554	632	
5027:	6	632	
5041:	386	
5058:	546	
5062:	135	180	188	194	256	386	420	474	508	530	
5063:	194	
5066:	239	
5067:	239	
5110:	7	
5143:	65	106	256	331	509	
5187:	44	354	366	468	483	
5192:	215	
5199:	215	
5227:	150	205	215	356	
5236:	202	404	587	608	
5237:	6	482	
5238:	6	482	
5252:	413	
5315:	90	199	336	351	
5329:	56	
5331:	240	
5407:	345	
5454:	118	208	229	242	319	361	429	
5455:	208	
5465:	336	
5466:	336	
5471:	93	
5491:	594	
5507:	18	33	56	109	174	196	208	222	263	289	319	332	367	429	444	473	509	609	637	645	
5567:	66	197	306	319	343	454	
5570:	197	
5578:	6	
5579:	99	
5631:	102	270	332	
5641:	526	
5658:	35	162	184	188	272	279	321	328	333	349	360	374	406	569	
5660:	404	
5681:	333	
5696:	153	
5703:	444	
5740:	487	
5771:	621	
5792:	614	
5793:	351	
5796:	324	
5801:	88	225	265	267	458	639	
5831:	649	
5847:	10	470	
5850:	221	631	634	635	
5853:	221	
5857:	226	
5880:	87	115	159	217	280	285	
5882:	502	
5884:	303	
5920:	189	192	198	289	291	357	440	527	
5921:	189	289	440	
5923:	50	222	307	427	444	
5934:	176	
5990:	325	
6006:	180	194	
6027:	123	250	409	544	567	584	
6031:	276	
6032:	502	
6054:	631	
6060:	80	
6069:	80	
6083:	18	
6135:	173	
6147:	244	
6165:	427	
6239:	280	
6269:	198	
6281:	32	196	241	263	278	309	461	475	552	586	649	
6318:	524	
6323:	427	
6341:	586	
6342:	586	
6349:	398	
6350:	398	
6382:	28	78	92	150	155	216	235	296	310	337	350	355	358	390	461	539	586	594	605	607	615	625	
6415:	610	
6442:	226	
6445:	52	137	610	
6456:	339	
6464:	320	
6465:	320	
6530:	475	
6543:	245	
6548:	7	55	71	83	258	269	283	381	388	393	456	498	499	526	570	
6551:	336	
6564:	420	
6568:	66	89	101	196	282	289	493	624	634	
6573:	251	451	586	
6588:	174	
6596:	155	574	615	634	
6601:	636	
6619:	580	
6631:	534	
6641:	169	
6644:	35	236	568	
6668:	634	
6678:	565	
6728:	444	
6745:	468	591	
6759:	67	
6766:	360	
6778:	56	226	319	375	415	511	
6790:	493	
6791:	493	
6799:	516	557	615	
6807:	465	
6809:	242	
6859:	91	
6881:	214	
6910:	203	471	
6949:	380	
6950:	380	
6962:	380	
6979:	61	174	487	603	639	
6980:	487	603	639	
6993:	595	
7028:	123	
7058:	595	
7081:	468	
7087:	33	44	54	78	87	101	102	112	118	141	145	147	156	178	197	269	270	273	278	298	336	346	354	356	359	386	394	404	427	430	436	437	441	459	463	465	468	470	474	479	483	486	487	488	510	530	533	542	551	563	565	591	611	614	623	625	634	635	640	645	
7091:	44	
7092:	404	
7094:	542	
7096:	78	87	101	156	356	427	430	441	563	625	634	635	
7104:	267	270	
7106:	563	
7116:	18	24	25	28	31	41	49	52	56	60	64	65	72	80	86	92	98	100	103	105	114	118	121	123	130	137	147	149	160	172	175	176	181	199	202	203	204	211	213	216	226	229	235	238	253	263	267	270	281	282	283	284	292	295	296	302	304	319	332	339	344	346	348	350	355	361	362	365	366	375	388	389	397	398	409	415	419	422	430	436	445	451	469	471	479	480	490	495	499	500	511	513	515	521	526	527	552	555	561	563	567	569	587	603	605	606	608	609	610	614	616	621	622	624	625	626	627	628	631	645	647	
7129:	622	
7131:	546	
7133:	121	
7140:	375	
7141:	375	
7151:	23	94	105	140	204	206	217	226	243	250	285	310	363	392	404	409	419	428	457	465	476	486	513	553	554	594	615	622	647	
7173:	49	283	521	
7223:	128	
7226:	169	
7227:	169	
7228:	169	
7233:	483	
7247:	610	
7251:	8	19	145	281	493	643	
7264:	488	
7275:	83	
7276:	115	161	200	213	280	332	401	463	644	
7285:	280	
7301:	161	
7306:	6	18	30	65	81	109	129	156	160	164	173	186	192	196	201	211	212	222	228	230	289	339	379	425	471	473	475	487	493	499	527	596	598	600	602	603	636	637	639	642	645	
7309:	186	642	
7313:	109	
7314:	201	
7315:	6	30	81	156	173	192	196	212	228	230	289	339	379	425	527	596	598	600	602	603	636	639	645	
7329:	7	164	301	395	401	456	546	
7334:	307	363	
7335:	174	
7338:	13	41	48	49	72	108	140	147	252	254	399	456	520	
7342:	124	
7352:	176	332	359	587	634	
7369:	593	
7383:	441	
7384:	219	380	519	
7393:	6	
7420:	385	
7423:	90	
7424:	393	534	
7426:	491	
7444:	406	
7445:	406	
7461:	73	322	
7486:	531	
7508:	214	463	
7554:	537	
7573:	80	89	360	645	
7588:	34	65	137	175	188	200	222	253	265	280	310	317	373	384	388	430	461	480	499	552	554	563	615	
7593:	622	
7613:	93	131	485	
7640:	493	
7645:	164	
7684:	94	154	157	160	176	306	455	473	
7735:	213	
7737:	201	
7744:	128	
7754:	56	
7755:	375	
7778:	59	65	94	103	164	183	195	197	208	248	267	328	333	335	344	345	346	354	363	392	444	465	469	480	490	511	512	526	538	542	622	
7780:	363	
7781:	444	
7783:	267	
7791:	195	
7833:	547	
7838:	124	
7839:	7	125	128	266	313	392	442	445	481	524	547	
7847:	265	
7865:	424	
7882:	557	
7975:	423	
7993:	184	
7994:	379	
7997:	494	
8002:	18	28	31	41	55	70	93	147	154	156	195	236	252	275	306	319	327	331	334	344	350	359	372	393	420	495	498	548	556	574	586	626	629	
8013:	23	52	318	371	377	419	441	479	
8014:	64	298	
8031:	182	420	422	
8041:	50	61	109	166	177	222	307	315	367	439	571	594	
8048:	50	61	101	106	109	148	166	177	222	307	315	316	367	415	439	444	464	482	492	505	509	568	571	
8051:	175	
8086:	50	109	166	222	307	316	444	464	505	509	
8087:	198	
8089:	173	201	
8092:	269	
8109:	224	288	
8159:	110	281	298	367	647	
8183:	330	451	
8197:	33	38	42	93	132	176	194	224	242	292	377	394	401	404	411	438	510	515	526	531	619	
8216:	203	209	355	362	409	470	519	555	557	611	625	640	
8346:	208	
8361:	316	
8371:	173	
8405:	6	
8429:	494	
8444:	160	
8488:	281	643	
8520:	32	50	101	106	142	166	177	180	222	261	275	439	455	464	466	492	505	506	509	549	
8521:	464	
8531:	268	
8538:	199	200	217	226	235	238	239	248	257	262	350	362	389	407	409	469	472	476	494	500	552	554	555	610	617	623	629	
8564:	432	
8565:	432	
8566:	432	
8577:	345	
8592:	354	
8630:	532	
8671:	195	452	565	
8686:	495	
8687:	154	160	415	
8697:	29	420	
8699:	52	
8701:	428	
8724:	361	
8726:	326	
8729:	438	
8731:	397	
8735:	397	
8759:	164	353	537	
8800:	643	
8807:	554	
8811:	61	101	298	315	316	464	594	
8812:	61	101	298	315	316	464	594	
8819:	90	
8827:	158	378	
8828:	158	
8840:	87	
8842:	396	
8862:	64	
8886:	67	334	395	550	
8887:	67	334	395	550	
8894:	569	
8943:	430	
8968:	171	
8970:	461	
8994:	318	
8999:	352	360	456	
9000:	360	
9001:	352	
9023:	181	
9027:	164	
9030:	168	
9066:	141	
9070:	545	
9088:	643	
9097:	13	
9126:	359	486	608	
9128:	21	
9129:	44	54	
9130:	44	
9139:	66	284	388	
9141:	66	
9143:	343	
9173:	478	
9209:	166	
9217:	361	
9234:	158	418	
9237:	120	493	576	
9242:	73	132	642	
9244:	132	
9258:	643	
9302:	129	
9314:	137	144	288	467	610	
9324:	77	182	
9325:	197	345	
9328:	470	
9332:	345	
9336:	4	21	288	319	423	559	
9339:	423	
9341:	4	21	
9344:	213	
9347:	60	112	398	423	597	
9352:	397	
9360:	6	188	401	
9371:	6	
9390:	582	
9394:	450	
9398:	276	
9404:	169	
9429:	118	292	
9430:	87	185	288	372	
9431:	4	21	144	182	185	193	467	650	
9434:	144	467	
9457:	450	
9466:	245	
9472:	50	
9482:	54	273	336	468	
9483:	66	556	
9491:	643	
9502:	469	
9503:	469	
9533:	304	
9538:	469	
9541:	162	184	188	190	305	308	316	321	333	406	538	560	569	639	
9546:	316	538	560	
9547:	162	184	188	190	308	321	333	406	538	569	
9557:	13	
9558:	13	
9561:	216	605	625	
9562:	55	393	498	501	
9563:	33	66	99	197	319	345	454	536	542	572	
9564:	66	319	454	536	572	
9565:	33	66	319	454	536	572	
9566:	270	
9570:	54	354	
9571:	354	
9572:	54	
9573:	13	33	44	54	140	197	273	276	306	319	336	345	354	404	468	483	534	542	
9574:	54	273	336	468	
9576:	336	
9577:	534	
9579:	7	13	28	41	49	55	83	108	147	237	246	252	259	270	322	364	393	456	498	501	520	534	
9580:	13	28	41	49	55	83	237	259	364	498	501	520	534	
9581:	48	49	55	83	237	252	259	270	346	393	403	408	456	498	534	
9583:	48	49	55	83	90	237	258	259	322	329	364	388	456	498	504	514	520	534	638	
9584:	10	33	62	66	197	306	319	345	454	483	536	556	572	
9586:	94	213	456	
9588:	25	26	130	239	359	361	392	403	461	607	
9589:	28	33	41	48	49	71	72	84	93	149	175	178	213	218	229	237	243	246	247	250	252	253	258	263	265	269	270	271	282	283	310	318	337	346	351	364	365	388	393	400	403	408	409	456	465	471	477	499	504	514	526	534	562	595	619	621	
9590:	477	
9591:	7	23	24	25	26	28	31	41	46	48	49	52	55	63	72	78	83	90	92	100	108	115	123	130	137	138	140	147	151	153	158	159	163	175	179	183	199	200	203	204	206	216	217	226	235	237	238	239	243	246	248	252	253	257	259	262	263	265	270	272	277	279	280	282	283	285	295	310	314	324	337	344	348	350	351	355	358	359	361	362	364	369	371	373	376	388	389	390	392	393	397	400	402	403	407	409	410	412	418	419	422	430	433	436	437	456	457	461	462	463	469	470	472	476	479	480	486	488	494	495	496	497	498	500	501	507	511	512	513	516	517	520	534	535	539	540	543	544	545	552	554	555	557	563	576	578	584	587	604	605	606	607	608	609	610	611	612	613	614	615	616	617	618	620	621	623	624	625	626	627	628	629	630	640	
9592:	108	130	183	371	433	479	512	624	
9593:	26	41	46	49	92	130	138	147	183	199	200	203	216	217	238	239	248	252	262	344	359	362	373	390	392	407	430	433	436	437	469	470	496	500	512	513	516	534	539	555	557	576	587	605	606	608	609	614	625	
9594:	7	25	26	31	41	46	52	63	78	100	108	123	130	147	158	179	183	199	200	203	204	206	216	217	226	235	238	239	257	262	265	270	280	295	314	324	344	348	350	351	355	358	359	361	364	369	373	376	389	390	392	403	407	409	410	412	418	419	422	430	433	437	456	457	461	462	469	472	476	479	480	486	494	496	497	498	500	512	513	516	517	520	535	539	540	545	554	555	557	563	587	604	605	606	607	608	609	611	612	614	615	617	620	621	623	624	625	627	628	629	630	640	
9596:	49	55	71	83	129	246	259	318	393	456	498	499	501	
9599:	118	224	288	292	515	649	
9604:	18	292	
9605:	292	
9610:	344	388	
9619:	362	
9621:	42	
9641:	398	
9656:	118	372	
9657:	87	
9658:	87	115	288	326	372	407	437	
9660:	87	
9666:	317	353	378	496	606	
9725:	235	
9726:	235	
9797:	93	242	619	
9806:	397	428	
9847:	21	44	432	468	
9867:	384	
9893:	318	
9931:	80	
9935:	133	134	
9960:	131	
10049:	10	31	52	102	144	183	196	211	308	333	342	355	433	467	512	557	560	616	626	
10052:	10	31	52	102	144	183	211	308	342	355	433	467	512	557	560	616	626	
10053:	10	31	52	102	144	183	211	308	342	355	467	512	557	560	616	626	
10061:	82	87	121	130	189	203	284	295	321	342	362	369	389	395	437	438	457	466	479	499	500	537	538	610	625	
10079:	397	
10080:	106	444	473	
10083:	82	97	
10094:	201	
10105:	323	
10107:	57	134	198	450	
10110:	21	115	193	224	304	372	391	407	470	
10113:	109	166	222	444	509	
10118:	150	
10140:	424	
10141:	424	
10144:	6	181	463	
10146:	281	
10150:	4	21	185	372	
10162:	599	
10165:	132	
10166:	132	
10172:	98	110	170	172	292	378	446	490	522	572	
10174:	572	
10179:	94	123	175	188	292	350	367	413	488	516	542	552	568	
10183:	66	
10189:	31	121	428	458	
10190:	490	
10193:	153	203	239	362	
10196:	559	
10197:	420	
10225:	18	
10242:	239	
10254:	24	32	65	101	110	114	140	149	176	195	196	220	260	262	278	314	334	344	358	362	378	380	384	389	394	395	425	427	447	455	458	480	487	488	492	521	527	594	597	602	604	615	631	639	
10263:	188	238	301	490	596	
10266:	123	376	
10267:	409	584	
10277:	28	73	634	
10278:	634	
10296:	298	
10300:	303	
10301:	591	
10310:	407	
10311:	203	412	
10325:	188	272	279	321	328	349	406	569	
10327:	493	
10333:	141	302	475	503	
10343:	432	473	
10345:	185	343	391	644	
10348:	316	
10349:	93	201	207	323	398	475	
10352:	398	
10354:	207	475	
10355:	201	
10358:	46	110	163	170	211	239	241	269	373	402	452	454	455	472	488	491	517	526	595	
10360:	13	18	33	44	54	106	109	113	118	133	166	167	174	207	222	224	244	273	275	292	307	336	354	367	391	404	429	439	443	468	473	483	509	515	556	603	
10361:	292	
10362:	13	44	
10368:	404	
10370:	292	
10372:	18	
10373:	18	
10375:	11	18	61	70	74	99	105	133	134	150	167	174	176	224	227	240	244	261	275	292	299	315	326	356	377	384	414	420	429	432	450	464	473	492	515	
10376:	11	18	61	70	74	99	105	134	167	174	176	224	227	261	292	356	384	414	432	450	464	473	492	
10377:	18	99	641	
10378:	18	
10379:	641	
10380:	273	
10381:	273	
10382:	113	
10385:	593	
10388:	56	74	99	268	294	387	564	
10402:	74	207	
10406:	558	
10414:	6	
10417:	643	
10418:	423	
10437:	222	316	
10459:	457	
10487:	80	
10488:	80	
10506:	212	
10530:	285	
10532:	5	
10550:	432	
10575:	631	
10636:	386	
10659:	92	
10667:	413	
10681:	386	
10703:	643	
10709:	132	609	
10721:	224	
10746:	602	
10749:	34	86	88	97	119	145	154	172	188	211	260	267	278	284	354	367	368	377	428	433	446	474	490	502	522	528	530	548	553	574	593	647	
10787:	537	
10794:	455	
10807:	196	
10841:	606	
10842:	459	
10843:	459	
10849:	643	
10853:	261	
10854:	261	
10856:	292	
10947:	469	
10995:	208	
10997:	141	195	503	533	
11025:	230	
11026:	168	
11086:	57	
11101:	587	
11109:	207	
11117:	457	461	480	
11122:	298	
11124:	494	
11137:	33	236	350	371	378	564	
11144:	380	386	444	505	
11150:	444	
11168:	38	502	
11169:	38	
11177:	7	25	26	28	31	41	46	49	55	63	70	78	83	84	87	89	92	99	100	108	123	130	137	140	147	153	158	159	179	183	199	200	204	206	216	217	226	235	252	257	262	263	270	277	280	283	285	295	314	324	332	337	344	348	350	358	361	362	364	369	373	376	389	390	392	393	400	401	407	409	410	412	418	419	422	430	432	433	456	457	461	462	463	470	472	476	479	488	494	495	496	498	500	501	504	511	512	513	516	517	520	535	539	540	552	554	555	556	557	578	584	587	604	605	607	608	609	612	613	614	615	617	620	621	623	625	626	627	628	629	630	631	
11181:	7	25	26	28	31	41	46	49	55	63	78	83	84	87	92	100	108	123	130	137	140	147	153	158	159	179	183	199	200	204	206	216	217	226	235	252	257	262	263	270	277	280	283	285	295	314	324	337	344	348	350	358	361	362	364	369	373	376	389	390	392	393	400	401	407	409	410	412	418	419	422	430	433	456	457	461	462	463	470	472	476	479	488	494	495	496	498	500	501	504	511	512	513	516	517	520	535	539	540	552	554	555	557	578	584	587	604	605	607	608	609	612	613	614	615	617	620	621	623	625	626	627	628	629	630	
11185:	89	
11195:	415	502	
11206:	138	189	192	317	632	
11211:	161	429	
11212:	161	
11215:	429	
11255:	38	61	64	93	166	188	380	386	420	464	492	508	530	594	
11260:	380	
11271:	594	
11275:	6	81	128	196	201	220	230	332	357	440	475	487	546	567	636	637	
11278:	6	81	128	196	201	220	357	440	567	
11283:	201	
11284:	230	332	487	636	637	
11285:	475	
11295:	42	
11311:	225	278	
11313:	622	
11326:	56	
11358:	41	
11390:	34	98	119	548	
11391:	52	
11393:	77	92	94	118	120	242	286	292	323	327	395	457	567	631	
11394:	94	
11395:	92	
11407:	292	567	
11410:	33	
11413:	33	194	386	420	508	
11415:	33	
11418:	42	235	350	
11447:	71	271	310	388	465	499	
11460:	90	
11467:	500	
11473:	200	
11478:	502	
11479:	353	
11487:	510	
11542:	208	429	
11543:	208	429	
11564:	42	
11576:	142	
11579:	634	
11586:	395	519	
11588:	89	160	
11589:	160	
11598:	221	634	
11610:	10	13	18	23	28	41	49	55	72	81	83	90	94	99	102	108	120	133	144	147	237	252	254	270	289	305	306	308	327	333	340	343	345	360	374	393	403	414	418	445	454	456	467	473	493	497	498	501	520	538	550	556	560	600	
11616:	124	
11664:	482	
11666:	556	
11680:	193	288	292	304	
11706:	72	81	156	192	215	228	230	280	379	399	427	444	478	487	499	511	600	602	603	635	637	642	645	
11711:	645	
11713:	156	
11721:	444	
11723:	81	156	192	215	230	379	487	602	
11735:	175	263	496	
11741:	33	
11769:	425	
11783:	576	
11786:	415	
11791:	178	318	642	
11792:	178	
11793:	271	531	
11844:	235	262	480	626	
11854:	375	
11855:	6	305	363	
11857:	363	
11895:	371	
11897:	274	
11939:	164	
12003:	475	
12021:	188	207	
12040:	207	
12051:	282	473	
12057:	282	
12061:	420	
12068:	60	73	88	93	98	132	172	186	341	388	425	471	636	642	
12069:	132	
12074:	188	244	
12076:	360	
12082:	265	
12091:	190	321	333	
12113:	93	619	
12123:	303	
12124:	345	
12125:	60	82	86	97	98	114	186	211	267	458	524	528	
12140:	125	
12144:	324	
12196:	441	
12252:	361	
12267:	354	
12273:	63	
12277:	164	
12304:	512	622	
12313:	633	
12314:	633	
12318:	547	
12319:	547	
12323:	7	72	90	252	
12355:	634	
12371:	547	634	
12378:	190	
12394:	344	350	369	398	401	430	457	461	507	615	
12399:	199	203	305	336	404	513	568	
12400:	199	203	305	336	404	513	568	
12402:	203	
12408:	26	41	46	49	63	92	130	138	147	151	183	199	200	203	216	217	238	239	248	252	262	270	344	355	359	362	373	390	392	402	407	418	430	433	436	437	469	470	496	500	512	513	516	534	539	555	557	576	587	605	606	608	609	614	623	624	625	
12413:	188	271	465	470	499	504	
12417:	470	
12421:	465	
12431:	226	
12435:	554	
12444:	288	
12447:	197	
12448:	66	197	306	319	572	573	
12457:	372	
12464:	273	336	441	468	
12469:	441	
12470:	336	
12481:	106	109	166	509	530	
12482:	106	
12516:	564	
12517:	564	
12592:	220	
12604:	542	
12607:	75	
12609:	75	250	
12611:	30	269	
12616:	71	
12618:	314	483	
12621:	44	54	336	354	404	468	483	
12622:	483	
12623:	44	354	468	483	
12625:	44	54	336	354	404	468	483	
12626:	404	468	
12630:	483	
12646:	368	
12704:	110	447	448	
12725:	569	595	
12750:	78	235	258	470	504	604	615	
12762:	90	371	397	
12769:	301	
12770:	301	
12787:	80	380	
12791:	175	
12802:	262	
12833:	174	
12838:	77	517	
12844:	354	
12947:	34	53	60	62	77	86	112	119	265	423	458	559	597	598	
12949:	34	53	60	77	86	112	119	265	423	458	559	597	598	
12950:	25	115	189	213	217	239	257	265	358	397	407	437	457	476	539	559	607	611	640	
12957:	170	
12958:	44	54	144	343	354	404	467	468	483	521	598	601	
12962:	445	
12974:	541	
12982:	239	301	
12983:	301	
12984:	301	
12987:	502	
13019:	643	
13023:	176	
13077:	596	
13113:	66	301	
13122:	160	319	327	542	
13124:	149	
13128:	94	
13133:	502	
13136:	71	81	306	556	
13183:	94	189	213	559	
13206:	66	
13215:	333	
13249:	99	305	323	
13251:	99	
13256:	99	
13273:	305	474	508	
13291:	459	
13328:	128	201	265	502	582	
13330:	128	201	
13331:	128	201	
13339:	125	
13350:	631	635	
13353:	631	635	
13359:	6	50	71	126	193	221	245	326	333	639	
13361:	245	
13362:	245	
13369:	245	
13394:	169	
13402:	181	
13411:	189	445	559	
13412:	125	189	
13423:	321	
13470:	380	
13471:	380	
13495:	546	
13497:	77	120	242	286	395	
13498:	120	189	440	
13504:	602	
13517:	118	
13522:	4	201	
13525:	31	32	61	137	160	177	184	188	194	222	226	257	268	344	360	406	463	586	593	606	
13526:	184	
13555:	65	
13578:	645	
13580:	333	
13588:	18	89	203	362	572	
13659:	150	
13668:	4	18	32	42	118	155	205	224	288	304	316	326	356	377	429	432	439	473	505	510	
13686:	7	23	130	213	258	388	445	532	
13717:	182	478	
13718:	478	
13733:	459	
13745:	366	
13796:	494	
13800:	78	
13815:	235	
13828:	480	
13835:	306	
13841:	18	445	510	
13849:	108	
13857:	327	
13867:	73	531	567	
13886:	330	
13888:	125	
13899:	55	83	305	393	498	501	534	
13907:	4	41	336	468	483	631	
13916:	556	
14005:	372	596	
14021:	397	
14036:	386	
14037:	386	
14055:	64	202	375	376	
14088:	170	
14113:	73	
14120:	164	
14121:	57	96	413	444	553	
14126:	631	635	
14149:	93	242	619	
14180:	242	
14191:	198	
14193:	578	
14194:	410	
14198:	7	23	25	26	28	31	41	46	48	49	52	55	63	72	78	83	87	92	100	108	115	123	130	137	138	140	147	151	153	158	159	163	179	183	199	200	203	204	206	216	217	226	235	237	238	239	243	246	248	252	253	257	258	259	262	263	270	271	277	279	280	282	283	285	295	313	314	324	337	344	348	349	350	351	355	358	359	361	362	364	365	369	373	376	388	389	390	392	393	397	400	401	402	403	407	409	410	412	418	419	422	430	433	436	437	456	457	460	461	462	463	469	470	472	476	479	480	486	488	494	495	496	497	498	499	500	501	507	511	512	513	516	517	520	534	535	539	540	543	544	545	552	554	555	557	563	576	578	584	587	604	605	606	607	608	609	610	611	612	613	614	615	616	617	618	620	621	623	624	625	626	627	628	629	630	640	
14201:	239	257	361	554	
14204:	46	100	497	610	627	629	
14205:	369	476	
14206:	390	606	
14224:	373	
14259:	407	
14262:	559	596	647	
14285:	34	
14287:	89	
14295:	128	201	493	
14302:	89	
14306:	51	194	302	419	473	629	
14343:	208	
14344:	33	196	334	645	
14367:	197	265	343	
14382:	78	239	242	311	542	
14384:	242	
14386:	296	
14388:	296	
14413:	282	
14417:	93	
14447:	185	
14449:	77	
14452:	77	
14471:	401	582	
14476:	4	21	85	185	193	323	
14491:	193	
14509:	502	
14539:	190	360	537	572	
14573:	323	602	603	
14574:	603	
14616:	537	
14629:	164	178	196	201	215	425	445	461	465	475	477	499	521	595	600	631	642	
14630:	215	
14632:	595	642	
14644:	164	
14652:	332	
14683:	524	
14692:	33	
14720:	343	
14752:	164	
14815:	7	49	55	72	78	83	85	102	149	206	217	218	226	239	248	250	252	253	348	359	388	392	393	403	410	412	456	469	495	498	501	587	606	608	615	625	629	
14820:	559	
14831:	241	388	
14835:	388	
14849:	531	
14850:	6	
14852:	7	28	48	49	55	71	72	108	147	252	258	259	282	283	388	393	456	472	498	499	501	511	614	624	
14866:	244	261	367	
14885:	6	371	
14889:	10	137	138	344	552	613	
14894:	479	
14902:	4	288	
14904:	288	
14958:	113	493	
14977:	493	
14980:	238	
14981:	238	
14992:	105	109	177	197	282	331	456	471	499	594	601	
14996:	254	461	
15018:	80	258	639	645	
15021:	124	424	
15044:	21	337	472	
15048:	286	349	559	646	
15052:	38	64	207	222	420	
15053:	38	
15078:	46	63	78	140	196	220	226	238	248	257	285	323	332	346	350	389	422	437	456	471	476	480	535	554	604	611	613	617	640	
15101:	282	351	352	364	500	611	640	
15144:	164	192	283	461	567	586	587	611	640	641	
15147:	130	627	
15150:	26	31	204	248	419	490	576	
15153:	63	
15176:	635	645	
15206:	182	
15222:	391	
15237:	230	
15239:	439	
15246:	99	
15253:	144	292	467	
15267:	193	202	363	
15274:	253	476	
15276:	87	204	492	629	
15280:	6	28	65	71	130	132	138	173	176	182	185	202	203	226	239	269	280	282	283	324	344	348	362	364	407	430	456	457	461	476	479	495	512	513	534	559	563	595	607	610	624	625	
15284:	344	
15289:	559	
15296:	333	
15319:	157	502	
15327:	135	
15329:	208	392	
15355:	361	465	471	510	
15364:	215	
15376:	629	
15377:	629	
15379:	506	
15381:	635	
15456:	602	
15463:	551	
15510:	224	319	346	465	473	609	
15528:	281	
15574:	73	341	
15577:	478	
15596:	351	
15597:	351	
15622:	409	
15626:	413	650	
15634:	106	166	222	479	509	
15642:	120	164	291	
15645:	353	
15646:	353	
15647:	470	
15663:	503	
15669:	445	
15673:	61	101	
15677:	118	185	
15678:	118	185	
15692:	288	
15748:	113	468	
15805:	332	
15817:	224	
15828:	635	
15829:	635	
15837:	72	
15842:	330	
15862:	556	
15873:	32	35	64	73	93	101	106	129	132	149	150	156	177	178	196	198	219	220	222	224	227	240	241	244	250	271	311	321	328	357	380	408	420	425	429	450	461	465	466	492	499	505	506	519	550	551	567	586	593	604	622	623	633	634	642	649	
15875:	60	75	78	112	314	398	405	423	524	580	597	
15879:	174	
15881:	8	11	18	19	21	25	28	31	32	33	34	37	38	41	42	44	48	49	50	54	55	60	61	64	66	70	71	72	73	74	75	80	81	82	83	86	89	90	93	97	98	99	100	101	103	105	106	108	109	110	114	115	118	119	120	121	123	132	135	138	140	145	147	148	149	150	151	155	164	166	167	170	172	174	176	177	178	186	188	192	194	195	197	200	205	206	211	213	214	215	217	218	222	224	227	235	236	237	239	240	241	243	244	250	252	253	254	256	258	260	261	262	266	267	268	269	270	271	273	274	275	280	281	282	283	284	285	292	295	296	304	305	306	307	309	310	315	316	317	320	325	326	327	331	336	339	344	348	350	354	356	358	359	364	365	367	372	373	377	380	384	386	387	388	392	393	394	395	404	408	410	411	412	413	414	420	425	428	429	432	433	438	441	443	444	445	446	447	450	452	454	455	456	457	458	459	463	465	466	469	470	472	473	474	476	477	478	480	483	487	490	492	493	494	495	497	498	499	501	505	506	508	510	513	515	516	519	520	521	522	524	527	528	532	534	539	540	542	549	552	553	554	555	557	561	564	568	569	571	574	576	580	586	591	593	594	595	600	601	606	609	610	611	615	621	624	626	627	632	634	639	640	643	645	647	649	
15883:	66	71	194	268	292	304	326	377	429	474	
15885:	18	74	109	166	174	214	224	256	261	275	292	296	326	414	443	444	466	473	506	549	
15890:	86	97	114	211	306	497	601	
15894:	188	
15897:	18	49	108	237	270	456	497	520	
15899:	413	444	553	
15905:	71	254	275	443	478	
15910:	61	74	194	325	354	506	508	
15917:	272	363	371	401	463	
15937:	305	
15948:	375	
15965:	344	
15984:	632	
15987:	546	
15993:	307	571	594	
16000:	475	
16058:	635	
16086:	128	190	
16088:	140	
16105:	479	
16106:	479	
16119:	245	
16121:	72	
16126:	196	
16140:	245	
16142:	565	
16163:	31	33	44	46	55	66	73	93	94	118	155	160	183	241	271	285	292	295	303	310	344	350	354	361	404	432	433	438	446	457	469	470	471	472	479	480	486	493	511	512	522	526	534	539	550	552	587	591	604	609	610	611	621	622	630	640	649	
16167:	415	
16238:	215	344	631	
16244:	386	
16246:	519	
16251:	94	125	179	213	229	306	377	406	493	620	
16255:	94	493	
16339:	64	
16356:	630	
16374:	85	372	
16390:	178	
16408:	175	
16409:	175	
16421:	371	
16425:	106	109	166	222	307	509	
16456:	56	643	
16475:	93	
16481:	420	
16493:	586	
16494:	422	
16517:	390	
16525:	130	
16541:	371	
16663:	519	
16664:	519	
16666:	502	
16669:	629	
16672:	32	65	194	195	
16683:	31	427	
16691:	248	
16720:	305	
16725:	546	
16782:	395	
16786:	93	
16787:	93	
16790:	376	
16791:	494	
16839:	56	
16840:	56	
16861:	137	
16876:	218	239	362	465	604	
16890:	261	476	
16911:	468	
16912:	346	542	
16914:	220	
16920:	148	
16957:	332	594	
16973:	366	
17020:	138	
17021:	138	
17022:	604	
17024:	71	
17046:	495	
17064:	61	420	591	
17076:	645	
17104:	333	340	538	
17154:	75	172	424	490	
17162:	75	
17193:	61	
17200:	132	
17203:	351	578	
17228:	511	
17243:	196	
17246:	10	98	123	164	198	213	285	567	572	
17282:	80	519	
17283:	80	519	
17329:	380	
17347:	397	
17349:	217	239	285	407	540	
17355:	230	
17385:	482	
17399:	456	
17429:	493	559	
17433:	550	
17502:	509	
17525:	21	30	77	
17526:	30	77	
17529:	21	118	155	205	224	304	372	377	411	429	
17578:	525	631	
17582:	525	
17640:	201	
17641:	201	
17660:	208	
17662:	208	
17663:	128	440	
17680:	282	305	
17681:	282	
17693:	128	
17699:	128	
17729:	531	
17730:	531	
17821:	130	
17839:	19	145	439	564	
17858:	472	
17877:	61	106	196	445	559	603	636	
17880:	61	106	
17882:	445	
17883:	445	
17884:	603	636	
17886:	445	
17887:	445	
17893:	334	395	519	
17901:	530	
17904:	222	505	
17907:	505	
17944:	74	194	299	382	386	420	474	508	
17953:	50	222	298	316	464	505	594	
17954:	50	222	298	316	464	505	594	
17957:	188	386	
17958:	61	106	222	366	509	
17962:	513	
17983:	135	180	194	244	386	420	474	508	530	
18014:	164	
18017:	221	
18019:	177	
18039:	327	
18135:	303	395	
18136:	303	
18137:	188	530	
18140:	530	
18150:	420	
18161:	130	
18175:	129	244	323	379	459	527	603	
18191:	603	
18200:	459	
18225:	493	
18235:	420	
18239:	57	134	
18241:	61	148	222	315	367	415	464	505	509	
18245:	643	
18265:	404	
18292:	386	420	
18320:	188	508	530	
18321:	386	
18332:	8	61	261	464	505	508	
18333:	8	61	261	464	505	508	
18336:	313	
18345:	61	
18363:	483	
18397:	336	441	468	
18399:	336	468	
18404:	336	
18424:	336	
18442:	198	
18483:	643	
18504:	176	
18509:	537	
18516:	224	288	372	424	
18553:	473	
18566:	649	
18584:	530	
18590:	415	
18605:	380	
18620:	89	160	643	
18621:	89	
18623:	643	
18657:	7	23	33	73	87	130	132	149	158	178	197	306	341	346	407	408	471	475	559	603	
18666:	357	
18668:	357	
18669:	357	
18710:	513	
18712:	513	
18716:	49	201	221	419	513	
18768:	126	
18824:	251	
18865:	479	
18889:	56	643	
18900:	52	63	100	238	262	355	389	412	430	436	437	480	494	500	555	610	625	626	
18913:	238	
18948:	470	
18961:	454	
18969:	52	
18988:	50	106	142	166	464	509	
19007:	61	148	593	
19022:	72	92	108	118	138	262	305	470	480	497	520	587	626	
19030:	92	118	470	587	
19048:	345	468	
19112:	148	298	367	
19130:	6	
19132:	6	34	181	401	463	
19133:	6	181	463	
19140:	420	
19159:	409	
19196:	176	415	
19199:	415	
19200:	386	420	
19236:	80	305	493	
19239:	643	
19251:	410	
19262:	391	521	595	
19304:	4	162	184	193	198	321	333	340	372	538	569	
19311:	198	
19320:	292	649	
19321:	649	
19323:	649	
19330:	52	409	469	500	
19351:	470	
19377:	125	
19386:	644	
19430:	344	
19434:	333	
19435:	643	
19442:	410	
19443:	546	
19476:	221	
19486:	366	
19493:	198	
19500:	214	471	
19510:	265	
19527:	198	
19541:	269	363	479	534	
19552:	643	
19602:	291	
19607:	502	
19616:	52	
19620:	52	
19628:	214	341	
19630:	61	198	464	
19726:	357	
19773:	128	
19780:	53	124	
19788:	8	61	261	464	505	508	
19804:	61	
19811:	427	
19875:	495	
19884:	19	145	439	564	
19885:	19	145	439	564	
19909:	50	52	54	64	81	102	105	112	119	132	135	137	150	153	154	155	178	243	261	262	263	271	275	278	325	332	334	351	357	359	369	373	377	394	400	425	433	436	437	450	452	470	479	486	487	488	510	513	514	527	532	539	541	548	568	571	596	598	600	602	604	608	611	637	640	647	
19910:	135	568	
19929:	321	
19973:	354	
19987:	564	
19988:	564	
20008:	11	78	90	345	361	364	391	513	524	607	
20021:	203	
20052:	8	145	294	564	
20053:	8	
20070:	632	
20083:	28	
20087:	77	392	405	629	
20096:	375	
20101:	445	
20108:	148	
20111:	78	284	623	
20119:	66	384	
20121:	10	66	72	77	88	126	197	238	345	456	523	592	
20126:	121	
20131:	183	433	512	
20152:	112	
20162:	119	
20171:	118	205	429	
20194:	21	193	304	484	
20197:	182	484	
20198:	182	185	
20199:	182	
20203:	563	
20230:	375	
20238:	198	
20271:	184	
20273:	176	634	
20274:	176	
20275:	634	
20301:	61	64	506	
20302:	506	
20303:	61	
20304:	558	
20331:	164	
20343:	6	
20346:	267	372	
20402:	229	
20404:	28	172	212	230	257	258	273	332	425	436	568	607	
20471:	327	511	542	
20531:	493	546	
20532:	164	
20547:	546	
20554:	546	
20558:	424	
20579:	491	
20599:	10	356	
20623:	361	362	
20643:	125	
20645:	398	
20653:	340	569	
20658:	360	
20668:	274	368	454	521	
20669:	454	
20670:	274	
20672:	148	635	645	
20679:	303	
20740:	71	360	408	444	465	
20752:	328	340	349	374	406	502	538	559	
20760:	32	439	
20761:	101	109	142	241	315	367	427	
20770:	427	
20790:	189	
20799:	353	
20804:	94	181	270	311	534	
20807:	270	311	
20867:	333	
20872:	360	
20885:	404	468	
20893:	32	195	226	238	260	262	285	443	447	470	480	495	499	526	594	624	
20895:	248	386	476	
20897:	120	125	596	
20902:	336	
20978:	436	437	
20994:	291	
20995:	164	291	
20997:	425	
21020:	128	168	189	198	221	353	357	366	493	502	531	637	645	
21022:	198	
21023:	198	
21024:	168	531	
21035:	288	
21038:	185	
21054:	182	
21055:	86	267	458	490	553	
21063:	4	6	10	65	75	99	113	144	162	193	252	305	335	352	367	405	438	467	473	478	485	534	556	584	622	
21068:	10	
21109:	301	
21112:	83	181	198	201	243	265	270	271	292	301	311	381	385	388	398	403	415	531	534	567	603	649	
21116:	515	
21118:	398	521	
21119:	8	114	394	
21182:	303	591	
21216:	645	
21270:	65	81	164	198	398	475	603	
21283:	65	164	475	
21307:	398	
21314:	81	603	
21348:	235	282	400	456	504	
21413:	375	
21424:	145	
21426:	145	
21471:	75	162	
21501:	10	196	229	344	
21503:	10	229	
21504:	196	
21519:	10	
21520:	10	
21527:	8	19	23	51	60	67	71	78	87	91	92	101	119	130	135	141	145	156	168	173	174	175	176	188	194	195	196	198	222	230	238	241	245	256	258	281	301	302	312	317	318	326	341	350	356	358	363	367	371	384	387	412	413	427	428	430	441	443	444	452	463	474	476	477	490	492	500	503	506	511	533	540	549	557	563	564	568	573	584	595	603	614	625	627	634	635	639	643	645	
21564:	197	319	345	
21568:	66	197	270	301	319	454	
21572:	259	
21578:	185	423	
21582:	213	
21584:	423	597	
21594:	6	
21601:	634	
21611:	265	
21617:	407	
21673:	337	
21698:	18	
21718:	366	
21723:	288	372	
21828:	538	
21832:	197	305	319	536	556	
21848:	244	
21860:	274	337	465	
21861:	274	
21870:	305	473	478	593	
21875:	188	272	279	321	328	349	406	569	
21883:	408	481	
21886:	6	174	
21905:	185	
21925:	8	
21932:	6	184	188	328	349	374	406	502	538	
21936:	239	262	
21937:	614	
21948:	451	
21951:	338	603	
21975:	634	
21983:	89	
21988:	89	
21995:	298	
22016:	193	372	
22029:	57	
22068:	130	
22080:	610	
22138:	81	
22139:	360	
22158:	628	
22187:	147	
22198:	147	512	
22202:	147	
22212:	173	184	190	340	538	569	
22222:	31	
22224:	490	573	574	
22252:	162	569	
22276:	181	198	
22287:	55	71	83	393	465	498	
22300:	56	226	375	415	511	
22302:	629	
22322:	126	201	245	456	524	
22325:	126	
22361:	46	110	163	170	211	239	241	269	373	402	452	454	455	472	488	491	517	526	595	
22368:	141	
22370:	141	
22372:	32	61	101	177	222	298	307	316	439	464	505	594	
22406:	424	
22415:	424	
22420:	298	
22458:	469	
22466:	493	
22494:	120	357	366	493	494	531	630	
22502:	201	273	311	406	
22536:	546	
22559:	525	
22562:	525	
22616:	390	
22617:	390	
22647:	357	
22703:	50	222	298	316	464	505	594	
22732:	18	49	71	83	90	132	149	172	201	258	259	271	341	365	381	388	393	408	477	499	504	521	534	566	642	
22733:	83	132	341	388	477	504	
22734:	132	642	
22736:	67	550	
22737:	158	
22739:	6	30	60	65	67	77	80	81	86	91	93	97	98	114	119	120	127	156	161	172	173	182	192	196	198	201	212	215	220	221	225	228	230	260	265	267	278	289	291	332	334	339	357	368	378	379	395	398	408	423	425	427	447	448	487	490	519	521	524	527	528	553	596	598	599	600	601	602	603	631	632	633	634	635	636	637	639	645	648	
22740:	81	192	212	215	228	230	332	334	339	378	379	425	487	519	527	602	603	637	645	
22741:	67	395	
22742:	634	635	
22743:	379	645	
22744:	378	
22746:	631	632	634	635	
22747:	30	81	156	173	192	212	230	289	334	339	379	423	487	596	598	599	603	645	648	
22748:	633	
22749:	398	487	
22751:	596	
22752:	548	
22753:	7	24	28	49	55	147	175	239	252	259	270	271	283	359	364	371	388	403	408	456	498	501	534	646	
22754:	24	
22755:	531	
22756:	30	53	112	119	173	182	201	265	398	423	458	490	522	559	582	596	597	598	636	
22757:	334	550	
22759:	379	
22760:	81	
22763:	334	
22765:	202	
22771:	33	164	292	344	443	465	515	556	645	
22773:	292	
22777:	465	
22783:	144	322	323	333	337	467	534	
22796:	331	
22828:	126	201	274	392	456	487	524	
22830:	524	
22857:	354	
22864:	354	
22875:	203	
22881:	251	
22934:	213	
22936:	169	
22941:	134	
22967:	336	468	
22984:	203	226	331	471	584	610	
22985:	331	
22992:	331	
22995:	412	
22997:	397	610	
22998:	610	
23000:	163	209	251	268	451	475	
23001:	163	
23023:	266	
23035:	266	
23047:	366	
23056:	4	221	
23094:	193	328	357	
23106:	193	
23181:	281	
23204:	99	323	
23206:	99	
23210:	48	129	252	258	381	
23219:	420	
23221:	411	412	642	
23222:	411	412	642	
23241:	33	402	
23242:	502	
23246:	244	
23247:	245	375	395	
23255:	8	141	281	564	593	
23273:	336	
23327:	33	
23348:	303	366	591	
23349:	303	
23362:	56	99	101	141	244	281	299	309	325	439	464	505	564	565	593	
23363:	325	
23368:	13	622	
23372:	622	
23391:	33	
23392:	444	
23400:	153	198	482	
23411:	62	195	296	320	
23435:	594	624	
23436:	594	
23469:	404	
23508:	128	
23516:	123	
23552:	529	
23571:	28	49	71	73	81	84	93	132	149	175	178	197	218	229	243	246	250	252	253	258	269	270	271	282	283	289	310	318	341	346	360	365	388	403	408	456	465	471	477	491	499	526	595	600	619	622	642	
23574:	619	
23578:	273	631	
23624:	133	351	377	611	640	
23625:	377	
23637:	61	65	105	118	164	194	380	450	
23667:	386	
23668:	74	99	101	135	180	188	194	244	256	261	299	382	386	420	464	474	505	508	530	
23669:	386	420	508	530	
23670:	386	420	508	530	
23692:	360	
23733:	360	
23783:	135	180	188	194	256	386	420	474	508	530	
23784:	188	
23797:	289	
23798:	190	
23803:	337	
23810:	80	128	169	183	235	257	353	401	413	433	644	
23825:	184	380	
23828:	62	310	360	
23832:	502	
23849:	331	410	
23870:	206	373	499	552	
23872:	631	
23873:	631	
23877:	189	
23891:	463	
23899:	456	
23910:	572	593	
23929:	243	
23943:	194	
23953:	643	
23985:	493	
23986:	493	
23989:	388	
24014:	580	
24042:	33	66	454	
24049:	455	
24056:	475	
24089:	130	
24090:	439	
24097:	66	
24127:	80	334	
24131:	314	
24134:	360	
24147:	90	306	345	
24158:	332	569	
24170:	30	196	201	212	220	265	378	487	515	603	637	
24172:	196	201	212	220	378	515	637	
24173:	220	
24175:	265	
24177:	220	
24180:	306	
24185:	265	502	
24188:	148	
24194:	179	620	
24195:	220	
24196:	189	202	220	559	
24243:	478	
24259:	168	
24265:	635	
24266:	635	
24269:	168	
24271:	168	
24277:	634	
24285:	221	
24302:	90	172	306	
24342:	272	
24345:	470	502	606	
24360:	371	
24377:	363	
24386:	126	239	258	407	493	563	625	
24443:	61	138	160	172	195	208	230	242	285	332	398	425	527	593	594	603	624	
24465:	37	38	101	149	172	184	193	194	206	250	253	263	288	305	337	363	373	384	427	444	473	525	526	534	542	567	594	631	
24466:	38	184	
24479:	94	
24480:	25	26	130	239	359	361	392	403	461	607	
24481:	7	23	49	102	237	259	393	403	497	
24485:	32	61	314	316	594	
24506:	33	
24514:	265	
24518:	265	
24519:	169	
24520:	265	
24540:	19	67	194	332	639	
24551:	175	
24574:	145	
24575:	56	145	294	564	643	
24576:	325	
24578:	268	281	593	
24581:	387	
24586:	488	
24606:	54	
24613:	54	273	
24614:	273	
24627:	470	
24628:	470	
24636:	18	23	61	73	74	132	185	230	252	275	305	372	403	
24641:	73	132	230	252	372	
24662:	103	
24676:	225	
24681:	75	148	176	395	490	
24727:	149	
24752:	94	
24753:	53	493	
24755:	343	
24777:	305	497	520	
24786:	62	132	308	333	360	374	406	502	
24803:	6	401	
24825:	121	190	598	
24827:	267	593	
24845:	10	11	21	31	41	49	52	57	65	66	70	72	86	97	98	102	112	114	121	125	144	147	164	170	173	183	184	185	190	197	201	211	237	252	254	259	260	265	273	278	279	305	306	308	315	319	321	333	336	338	342	349	355	360	370	374	375	387	391	392	393	406	407	428	446	447	448	458	467	498	501	512	521	522	525	528	534	542	548	557	559	560	572	573	596	598	615	616	626	636	637	641	650	
24846:	360	
24850:	114	
24852:	10	18	41	98	114	120	130	162	170	197	266	319	328	343	344	394	473	521	522	537	542	586	614	
24866:	41	343	473	
24873:	586	
24881:	328	
24888:	537	
24907:	121	
24910:	209	
24931:	422	500	
25011:	90	
25029:	372	
25051:	475	
25054:	475	
25076:	56	145	281	643	
25095:	75	
25112:	144	323	467	639	
25145:	375	
25173:	125	181	
25198:	18	224	326	356	432	473	484	558	
25211:	345	
25217:	317	353	378	496	606	
25226:	11	77	377	576	
25233:	110	226	
25234:	366	
25257:	644	
25301:	438	
25347:	189	
25354:	559	
25361:	189	
25381:	93	292	331	438	
25392:	292	
25397:	292	
25398:	327	
25409:	525	
25411:	525	
25442:	642	
25445:	172	199	266	267	276	571	
25447:	71	168	174	176	177	227	281	326	330	358	377	475	511	552	584	607	
25448:	177	377	
25451:	193	306	
25455:	33	
25459:	245	
25469:	197	
25567:	321	420	
25575:	133	
25616:	21	99	118	144	155	185	193	205	227	326	356	372	384	394	411	429	467	473	561	
25617:	372	
25619:	42	99	118	133	134	205	224	227	292	356	394	438	510	515	561	
25620:	99	118	133	134	227	292	356	394	438	561	
25621:	438	
25703:	633	
25768:	198	
25777:	65	477	
25841:	62	
25850:	173	
25856:	117	
25918:	117	
25934:	643	
25977:	32	41	65	72	114	164	198	199	203	206	216	217	218	250	283	295	331	352	360	362	365	366	386	419	445	446	452	454	456	483	494	495	497	512	513	520	539	567	572	586	604	605	610	611	622	640	
25978:	32	41	65	114	164	198	199	203	206	217	218	250	283	295	331	352	362	366	386	419	445	446	452	454	456	483	494	495	497	512	513	520	539	567	572	586	604	610	611	622	640	
25979:	284	
25989:	460	
26003:	73	271	341	371	531	
26039:	362	
26046:	282	
26085:	33	
26138:	6	81	128	196	201	220	357	440	567	
26144:	65	266	
26146:	552	
26151:	482	
26153:	63	87	93	115	124	128	138	147	158	164	169	183	201	206	216	217	235	239	280	311	313	314	358	369	392	396	407	418	430	433	457	462	470	475	476	477	493	511	539	540	543	604	605	607	610	621	622	623	630	
26154:	475	
26157:	630	
26160:	128	201	311	493	
26167:	158	280	313	407	470	543	621	623	
26169:	115	138	147	158	217	235	358	392	407	430	457	462	476	539	540	604	607	610	621	
26178:	622	
26193:	73	
26208:	87	
26223:	344	
26230:	199	
26243:	587	
26268:	10	
26272:	366	
26278:	10	
26310:	130	
26312:	584	
26317:	244	
26324:	242	
26329:	53	75	93	172	580	
26335:	93	
26340:	267	
26342:	170	
26344:	483	
26348:	211	
26351:	247	
26353:	298	316	594	
26356:	34	53	57	60	65	77	82	86	88	91	97	98	110	114	119	121	170	172	186	211	236	242	260	266	267	274	278	284	347	383	446	447	448	458	490	521	522	541	548	553	574	619	647	
26359:	60	
26360:	278	521	
26361:	197	
26362:	272	
26363:	75	
26365:	121	266	405	
26366:	88	172	225	267	458	524	
26389:	269	
26391:	60	88	93	98	172	186	
26396:	225	
26400:	65	91	93	210	242	266	383	619	
26401:	65	266	
26409:	524	
26410:	210	
26411:	265	
26413:	271	388	499	
26414:	355	
26419:	266	
26420:	266	
26423:	189	
26424:	189	
26488:	303	
26499:	645	
26501:	327	
26504:	126	
26534:	292	
26558:	124	
26568:	101	112	121	172	186	241	420	429	458	483	527	
26584:	346	
26589:	120	
26596:	632	635	
26612:	164	
26656:	643	
26670:	198	
26676:	451	
26679:	319	332	361	
26714:	510	
26736:	601	
26742:	530	
26766:	502	
26775:	424	
26786:	305	
26832:	93	222	245	263	470	
26833:	245	
26851:	521	
26853:	93	215	221	537	586	600	
26859:	600	
26860:	331	539	
26867:	404	
26881:	429	
26886:	332	
26887:	332	
26888:	319	
26889:	332	587	
26916:	496	
26927:	469	
26941:	338	
26976:	59	
26987:	101	
26992:	228	
27009:	271	
27010:	271	
27026:	500	
27027:	500	
27035:	395	519	
27061:	409	
27071:	128	201	493	
27075:	169	
27099:	128	
27115:	632	
27117:	424	
27118:	241	
27127:	317	
27143:	82	86	97	154	170	242	260	267	274	278	446	447	448	456	458	478	490	521	522	541	553	
27144:	260	447	
27176:	399	
27182:	210	
27184:	238	253	282	346	364	422	456	500	554	611	640	
27185:	282	364	500	
27196:	198	
27208:	67	
27215:	459	
27229:	325	
27244:	67	
27275:	31	65	81	92	101	103	110	118	130	133	199	204	206	216	242	252	262	263	302	332	355	357	359	362	373	378	387	413	419	436	469	493	527	532	534	567	568	587	605	610	614	627	628	629	645	
27277:	534	
27295:	445	493	
27340:	89	
27348:	203	409	
27387:	406	
27418:	193	
27450:	631	
27453:	207	
27469:	18	307	
27472:	124	632	635	
27485:	6	99	128	207	408	475	567	
27487:	567	
27489:	6	128	
27490:	207	
27493:	241	
27541:	272	346	499	
27542:	346	499	
27574:	643	
27623:	125	175	
27624:	175	
27627:	273	363	
27635:	169	
27637:	61	188	262	470	508	628	
27660:	358	
27664:	66	
27665:	123	140	153	257	348	351	373	457	463	472	488	554	555	612	617	621	629	630	
27675:	266	270	360	372	391	394	401	442	
27680:	401	
27691:	360	
27702:	639	645	
27711:	175	
27713:	230	318	
27822:	266	490	
27834:	34	53	60	65	77	82	86	88	91	93	97	98	110	114	119	121	170	172	186	236	260	266	267	274	284	347	383	405	447	458	521	524	528	541	548	574	601	647	
27835:	98	260	267	
27839:	173	
27842:	158	
27871:	635	
27872:	635	
27879:	87	204	245	606	
27882:	629	
27909:	432	
27920:	144	176	185	197	270	305	322	323	372	462	467	644	
27922:	525	
27924:	525	
27930:	37	61	160	188	271	317	320	341	386	415	505	649	
27936:	72	93	149	168	170	196	207	221	242	262	289	311	353	357	363	391	398	406	465	477	487	531	622	631	632	637	645	
27938:	631	
27941:	262	622	
27954:	125	213	
27957:	180	
27985:	328	
27995:	273	336	441	468	
28026:	394	
28028:	394	
28077:	38	53	110	138	148	198	285	319	384	409	521	527	603	615	
28079:	198	
28082:	89	482	
28091:	185	
28099:	97	
28108:	532	
28110:	345	
28131:	403	
28164:	609	
28165:	609	
28232:	533	
28242:	54	331	441	
28243:	54	441	
28257:	198	
28349:	294	
28407:	649	
28411:	189	
28412:	332	
28438:	468	
28458:	273	493	
28460:	33	
28463:	33	
28470:	323	
28485:	33	167	429	475	507	
28502:	311	
28510:	168	
28515:	440	
28530:	604	
28539:	10	37	38	110	194	221	327	407	519	574	594	
28542:	574	
28567:	6	53	144	181	201	260	305	323	403	405	447	448	467	493	521	546	559	
28572:	53	
28580:	88	
28607:	459	
28616:	445	550	
28628:	366	
28632:	596	
28640:	480	
28642:	360	442	
28654:	266	
28655:	292	438	
28656:	438	
28659:	44	201	360	380	
28661:	327	
28668:	13	21	41	42	55	83	188	201	211	242	259	305	336	359	393	403	445	493	498	501	534	560	
28670:	207	455	513	
28685:	184	
28722:	560	
28733:	80	
28750:	81	221	
28772:	493	
28773:	128	
28806:	32	
28812:	320	
28816:	381	
28818:	372	
28822:	415	
28848:	193	
28861:	472	
28863:	333	360	406	569	
28864:	360	569	
28885:	478	
28886:	409	500	
28893:	197	542	
28900:	611	640	
28923:	285	
28929:	371	
28942:	323	
28943:	323	
28949:	174	193	
28973:	323	
28975:	323	
28985:	502	
28987:	166	
29001:	603	
29006:	52	
29023:	302	
29029:	48	408	
29085:	321	
29091:	193	537	
29096:	537	
29125:	173	
29159:	525	
29331:	172	360	
29334:	596	
29336:	35	
29355:	80	386	
29386:	355	
29387:	355	
29402:	18	31	57	88	89	160	170	211	222	242	243	268	274	278	284	295	315	346	347	361	430	446	450	469	473	479	490	503	522	550	572	628	637	647	649	
29403:	446	473	
29409:	513	
29433:	372	596	
29473:	635	
29488:	304	377	
29489:	155	
29529:	386	
29559:	245	
29560:	245	
29609:	77	86	114	154	170	186	278	284	446	522	
29618:	28	72	311	407	456	470	476	531	
29619:	28	
29635:	63	
29639:	429	
29655:	267	268	446	
29661:	311	385	567	
29684:	164	273	
29690:	273	
29725:	632	
29739:	493	
29756:	284	
29790:	197	
29814:	415	
29820:	268	366	
29849:	198	
29856:	48	49	55	83	93	164	222	237	252	259	270	307	316	346	379	381	388	393	403	415	456	498	534	
29861:	415	
29935:	172	
29966:	546	
30028:	320	
30039:	354	
30082:	183	357	371	433	476	480	499	607	
30093:	305	
30110:	298	
30112:	298	
30117:	153	324	
30140:	359	486	608	
30141:	332	
30143:	304	
30148:	227	
30156:	220	
30215:	310	
30240:	546	
30268:	643	
30340:	220	493	
30342:	493	
30360:	643	
30371:	125	
30431:	18	74	99	105	134	227	244	261	384	432	450	
30432:	18	74	99	105	134	227	244	261	384	432	450	
30434:	628	
30475:	302	409	503	565	
30510:	244	527	
30512:	527	
30514:	189	
30515:	189	
30516:	482	
30520:	493	
30535:	386	420	508	
30538:	7	94	213	270	364	403	456	
30541:	94	181	213	534	
30542:	94	213	
30608:	272	
30743:	493	
30753:	333	
30773:	282	379	459	600	645	
30779:	459	
30780:	220	
30787:	189	202	
30788:	189	202	
30790:	502	
30816:	183	433	
30818:	28	64	120	128	220	281	311	357	366	380	415	493	531	564	580	628	636	
30832:	221	
30835:	482	
30890:	371	
30902:	395	519	
30954:	63	
30990:	281	296	
30994:	597	
31014:	643	
31019:	41	49	72	252	305	353	372	387	497	520	534	570	
31021:	41	49	72	252	305	387	534	
31022:	41	49	72	252	305	387	534	
31051:	198	
31061:	524	
31073:	372	
31074:	37	112	354	372	
31088:	109	222	509	530	
31094:	397	457	
31099:	525	
31123:	194	509	
31125:	639	
31201:	6	394	462	
31212:	476	
31215:	67	334	395	550	
31220:	396	
31263:	227	
31302:	127	
31309:	198	
31310:	198	
31339:	468	
31340:	177	
31343:	311	
31372:	622	
31420:	188	
31423:	303	591	
31431:	18	
31432:	208	
31444:	120	164	291	493	
31446:	291	
31454:	164	
31479:	480	629	
31481:	262	
31553:	178	
31563:	33	
31570:	133	263	470	586	
31611:	187	
31633:	420	
31648:	180	
31671:	124	202	366	
31756:	44	354	404	468	
31783:	164	212	
31784:	212	
31812:	106	109	166	509	
31863:	311	
31876:	263	332	470	
31893:	611	640	
31911:	198	
31948:	100	216	217	235	257	262	389	407	457	495	517	540	587	605	607	612	615	
31957:	188	
31998:	214	341	
32048:	355	362	461	537	
32056:	92	137	199	216	257	407	463	488	537	538	555	563	587	605	
32059:	18	61	74	194	272	325	354	506	508	549	594	
32062:	189	198	445	559	
32065:	298	
32070:	457	
32092:	197	337	
32097:	158	
32107:	352	
32125:	66	86	97	170	275	282	304	336	344	487	493	548	559	645	
32129:	362	563	567	614	649	
32130:	649	
32131:	649	
32136:	196	198	239	248	369	528	
32141:	33	92	182	216	295	332	334	346	387	390	436	495	605	
32143:	295	346	436	
32145:	92	216	332	387	390	495	605	
32155:	137	140	500	
32157:	49	
32171:	4	10	21	258	335	360	405	
32181:	169	
32188:	389	
32214:	130	203	362	627	
32215:	130	203	362	627	
32216:	128	
32220:	238	500	623	
32226:	500	
32227:	198	
32236:	531	
32239:	140	153	239	285	324	359	407	457	461	476	557	603	622	627	
32240:	93	445	
32249:	285	
32271:	89	
32275:	454	
32286:	643	
32297:	301	
32302:	375	
32342:	80	
32373:	193	288	372	
32377:	164	
32391:	639	
32397:	6	
32421:	224	
32425:	181	189	201	202	286	440	445	559	567	
32433:	440	
32447:	635	
32482:	189	270	286	311	364	445	634	
32483:	311	
32512:	198	
32523:	517	
32557:	140	
32571:	154	
32572:	135	194	244	366	530	
32573:	366	
32637:	128	
32693:	198	
32695:	162	
32728:	135	188	194	256	386	474	508	
32739:	105	140	204	243	250	404	419	428	465	513	554	
32762:	235	604	615	
32777:	586	
32779:	502	
32790:	32	
32791:	32	
32801:	164	
32814:	357	
32817:	177	261	455	466	
32818:	455	466	
32819:	87	92	130	155	174	175	197	199	203	216	239	247	267	283	295	310	332	346	363	365	388	390	400	422	436	465	473	493	499	500	544	605	610	611	614	616	617	623	624	625	627	640	
32828:	332	569	
32849:	420	
32856:	32	
32891:	164	
32904:	475	
32906:	268	
32912:	567	
32927:	186	
32972:	519	
32975:	34	53	57	60	65	75	77	82	86	88	91	93	97	98	110	114	119	121	127	154	170	172	186	210	211	225	236	242	260	266	267	271	274	278	284	347	368	383	405	446	447	448	458	490	521	522	524	528	541	548	553	574	599	601	647	
32976:	34	53	57	60	77	86	88	91	97	98	110	114	119	170	186	211	236	242	260	267	274	278	284	347	446	447	448	458	522	541	553	574	647	
32977:	60	65	77	86	91	93	97	98	114	119	127	172	225	267	368	490	521	524	528	553	601	
32978:	34	57	60	65	77	82	86	88	91	97	98	114	119	121	186	210	236	260	267	278	284	347	368	383	447	458	490	521	522	528	541	574	601	647	
32979:	82	97	154	170	260	278	446	447	448	521	522	
33018:	519	
33052:	631	
33053:	256	
33059:	30	
33117:	128	
33153:	424	
33174:	511	
33178:	360	
33186:	495	
33216:	242	
33291:	626	
33292:	626	
33318:	61	121	180	194	268	
33362:	333	
33369:	57	450	565	
33376:	188	
33379:	482	
33380:	482	
33382:	57	272	
33383:	57	
33390:	563	
33431:	357	
