13:	141	
23:	560	
44:	172	210	284	461	
61:	395	10525	10572	
88:	449	
154:	615	
179:	10561	
180:	10561	
190:	10561	
222:	80	
265:	175	
283:	331	
301:	358	
305:	563	
342:	216	
350:	18	32	40	55	70	73	76	78	83	88	91	96	99	102	103	120	127	132	153	154	158	161	186	194	201	215	218	221	223	232	238	266	276	285	309	319	331	343	345	346	351	356	373	376	379	395	410	411	419	423	428	434	435	468	474	475	476	477	480	489	491	502	508	509	520	527	535	542	547	558	563	566	575	577	586	610	611	618	681	10525	10531	10548	10557	10572	10573	
367:	174	
377:	169	
378:	380	
382:	55	129	234	266	475	620	10552	
391:	169	419	
405:	78	91	409	10523	
423:	584	10552	
426:	10552	
441:	717	
450:	49	52	66	68	98	157	188	267	313	335	405	423	447	497	530	550	555	564	585	
451:	530	
465:	685	
492:	125	189	282	283	344	396	423	436	477	501	
506:	30	70	91	10522	
507:	13	
522:	388	
595:	682	
625:	378	
641:	158	209	404	445	450	518	
642:	158	
670:	147	448	
671:	147	
680:	83	201	315	508	563	
683:	201	
687:	315	
690:	148	228	342	388	424	584	593	595	674	
693:	388	
694:	342	
696:	148	
724:	311	
728:	144	
730:	144	
744:	159	
745:	270	
765:	251	
807:	147	
814:	147	
815:	147	
825:	72	295	542	612	613	10547	
828:	72	295	542	612	613	
834:	94	113	376	427	481	522	611	613	670	10523	10566	
836:	94	113	376	427	481	522	611	613	670	10566	
838:	94	113	376	481	611	613	670	10566	
840:	149	
844:	101	
851:	4	148	172	186	342	343	392	402	435	457	476	482	517	522	563	576	10536	10583	
869:	6	13	48	49	66	81	87	89	94	120	121	128	137	140	188	208	279	281	342	361	419	423	430	456	461	537	543	606	610	614	618	622	10550	10556	10576	
875:	48	49	81	87	89	120	121	140	361	543	606	10556	
928:	161	
934:	302	
945:	10577	
962:	167	
968:	163	
975:	105	
976:	105	
1025:	201	508	
1047:	401	
1048:	401	
1086:	147	342	423	435	534	
1094:	263	
1096:	267	
1097:	13	65	544	
1141:	574	
1156:	52	
1256:	451	
1268:	3	10556	
1278:	94	
1281:	187	10569	
1288:	31	222	487	493	591	
1290:	10562	
1291:	7	41	106	137	158	198	499	528	645	646	647	648	649	651	654	678	686	687	688	689	690	691	692	693	694	696	697	698	699	700	701	702	703	704	705	706	707	708	709	710	711	712	713	714	715	716	717	718	719	10526	
1292:	293	
1293:	236	499	541	670	
1294:	10583	
1295:	46	136	169	265	622	625	626	627	643	644	683	10578	
1296:	60	106	132	134	137	138	158	181	266	270	293	312	388	417	423	448	499	517	528	575	603	618	10576	
1299:	10	
1300:	670	
1302:	668	
1304:	208	
1306:	408	
1312:	94	169	674	
1318:	674	
1321:	509	
1323:	504	
1324:	169	
1325:	310	
1327:	15	54	83	96	138	158	231	273	405	456	503	603	681	10528	10531	10536	10578	
1330:	293	310	503	
1332:	586	
1333:	405	
1336:	456	499	528	570	
1338:	310	571	
1339:	314	
1340:	493	
1341:	405	406	438	558	
1343:	174	225	296	331	397	398	399	681	10536	
1344:	94	
1350:	105	
1394:	69	550	10537	
1399:	401	
1404:	65	138	148	231	448	457	
1405:	65	148	
1408:	335	10545	
1413:	298	
1418:	470	471	587	
1427:	293	575	
1438:	547	
1482:	384	
1512:	128	
1520:	13	172	271	307	423	564	
1523:	564	
1556:	202	
1624:	112	169	536	
1637:	169	223	285	401	603	10583	
1641:	169	
1653:	9	20	94	148	196	234	384	447	483	539	550	559	591	10563	
1676:	266	298	417	423	
1677:	298	
1702:	169	271	
1711:	105	169	172	395	576	
1741:	508	
1751:	703	704	
1752:	704	
1800:	121	440	
1806:	206	209	245	326	445	446	529	10532	10566	
1833:	563	
1838:	83	350	
1851:	10524	
1859:	310	
1865:	43	138	455	
1868:	169	172	234	319	380	457	483	576	
1878:	158	378	598	
1894:	415	
1898:	423	
1899:	423	
1901:	13	
1904:	278	335	392	523	630	631	632	633	657	658	660	
1905:	630	631	632	633	658	660	
1906:	392	
1910:	74	94	106	107	108	155	199	203	206	209	253	277	327	339	364	383	385	455	510	525	593	598	10540	10541	10566	10567	
1915:	98	
1917:	610	
1933:	423	
1957:	302	
1966:	395	
1984:	3	36	187	286	622	10529	
1987:	188	
2005:	342	
2024:	153	318	373	434	563	576	586	10552	
2027:	563	
2032:	380	517	
2088:	4	122	348	389	457	519	576	10553	
2095:	348	
2099:	576	
2108:	194	
2130:	169	172	196	224	396	457	568	576	10523	10525	
2139:	169	576	
2147:	457	
2156:	483	
2214:	594	
2241:	423	603	
2242:	101	
2256:	126	330	
2266:	603	
2282:	125	132	210	253	383	436	522	566	575	10526	10576	
2297:	384	504	563	
2299:	563	
2325:	239	
2328:	60	
2329:	189	350	477	
2330:	60	
2331:	161	174	
2346:	10536	
2354:	311	
2363:	85	88	278	422	603	10532	
2366:	311	390	392	538	568	
2368:	311	
2374:	181	
2377:	597	
2378:	128	138	181	584	
2390:	37	392	408	670	
2392:	392	
2397:	630	631	632	633	658	660	
2402:	2	63	450	
2403:	2	19	63	74	107	108	204	209	213	253	295	314	339	361	404	425	445	446	450	518	526	552	559	593	10534	10541	10543	10545	10546	10551	10563	
2433:	618	
2456:	10553	
2462:	585	
2463:	84	196	205	257	273	427	470	471	539	
2467:	271	
2489:	457	
2492:	316	344	480	
2514:	94	620	
2515:	94	
2519:	9	48	66	68	89	503	618	
2551:	138	
2557:	138	
2560:	138	
2567:	138	
2576:	55	221	409	480	
2581:	7	23	81	94	121	129	202	256	291	405	411	481	496	564	606	610	620	622	626	634	635	636	644	662	714	
2584:	714	
2585:	121	636	644	662	
2587:	3	10	94	121	154	405	406	453	456	559	582	609	610	636	644	652	662	682	10563	10582	
2588:	610	
2589:	610	
2593:	65	72	85	94	113	121	194	205	288	292	295	322	350	376	383	384	427	445	470	471	481	482	484	520	522	542	568	611	612	613	620	670	10547	10566	10580	
2594:	85	113	121	322	481	522	542	611	612	613	10580	
2596:	612	
2597:	113	
2598:	113	
2601:	94	206	284	456	467	620	10566	
2606:	439	
2609:	94	
2641:	167	
2645:	302	546	576	10523	
2684:	563	
2685:	97	111	197	
2700:	563	
2701:	563	
2722:	186	
2751:	423	
2792:	138	
2795:	138	
2796:	138	
2797:	138	
2816:	91	147	154	162	169	172	174	198	234	261	342	372	388	402	417	423	435	491	499	505	522	547	574	576	624	655	10521	10553	
2821:	423	
2825:	417	423	
2826:	198	
2831:	388	
2835:	576	
2837:	172	547	
2873:	73	439	
2879:	330	435	491	
2886:	42	550	
2896:	41	46	307	438	514	550	598	10529	10556	
2902:	106	392	
2935:	261	
2936:	10567	
2975:	375	
3028:	3	10556	
3049:	408	
3054:	670	
3055:	508	
3056:	82	148	149	244	270	408	620	670	678	10532	10536	
3059:	270	10536	
3062:	82	620	678	
3082:	20	176	
3087:	566	
3091:	10556	
3122:	471	
3160:	10560	
3182:	240	
3216:	709	
3217:	188	
3237:	6	8	9	22	36	38	39	42	43	46	48	64	66	67	69	76	79	80	89	91	92	93	94	98	102	110	115	122	128	133	136	138	140	141	142	145	153	154	160	169	170	172	173	186	187	196	202	206	208	209	215	218	221	222	226	227	230	231	256	257	265	273	275	276	277	279	281	284	286	288	289	292	294	307	308	309	310	321	322	345	346	349	350	355	356	366	368	373	380	409	410	411	412	419	422	430	434	438	441	447	452	456	467	469	470	471	473	475	476	481	487	489	493	503	504	512	514	516	522	527	533	539	540	541	555	556	558	570	571	572	573	575	585	587	590	591	594	598	606	666	681	10522	10526	10528	10529	10530	10533	10535	10537	10539	10544	10548	10550	10557	10558	10561	10565	10566	10571	10577	10578	
3238:	279	281	
3241:	8	9	36	38	42	46	64	79	92	93	142	145	160	173	187	222	227	256	265	275	279	307	321	430	438	452	456	487	489	540	541	558	571	572	573	591	606	10530	10539	10578	
3246:	281	
3253:	110	115	128	141	170	196	221	346	350	355	373	380	412	441	473	476	539	
3254:	345	
3259:	137	
3272:	65	604	
3276:	470	
3279:	234	
3281:	471	
3286:	448	
3287:	448	
3288:	28	30	65	288	427	471	475	486	604	
3291:	28	
3299:	358	
3301:	167	
3305:	10561	
3306:	384	
3310:	310	
3313:	22	
3321:	23	94	132	137	148	234	342	350	384	392	423	425	491	563	10552	
3327:	563	
3330:	137	575	
3342:	549	
3353:	10564	
3355:	453	
3358:	8	22	43	45	49	66	98	170	202	261	268	276	416	467	527	540	555	666	10560	
3368:	42	67	69	102	160	222	230	231	276	286	366	368	487	503	504	514	516	527	533	10526	10529	10537	10555	10558	10578	
3381:	6	120	128	169	172	221	279	284	379	391	461	610	618	622	10552	10576	
3382:	461	
3386:	547	
3388:	201	
3390:	48	68	89	594	
3396:	18	84	244	289	335	549	618	10527	
3398:	573	
3401:	540	
3410:	358	
3420:	67	208	321	
3424:	67	69	102	136	142	188	202	230	261	268	276	286	291	366	368	401	504	514	516	527	543	573	578	712	10537	10558	10570	10571	10581	
3425:	73	135	234	271	383	486	512	10573	
3434:	13	
3471:	392	
3472:	392	
3487:	65	451	501	
3488:	65	451	
3492:	116	194	224	315	330	388	395	396	422	435	501	10525	10536	10552	
3501:	392	
3509:	448	
3514:	448	
3515:	147	350	
3533:	32	72	194	226	257	350	471	475	
3547:	154	186	231	246	273	483	
3548:	273	
3613:	388	
3629:	60	
3635:	251	
3641:	310	
3647:	310	
3660:	384	
3663:	10521	
3703:	563	
3704:	563	
3718:	98	
3719:	60	
3727:	396	
3741:	18	37	84	151	181	224	244	271	281	288	310	327	423	425	564	10545	10547	
3751:	18	
3766:	172	
3769:	172	
3772:	172	
3773:	138	
3791:	188	
3794:	188	
3797:	113	194	
3800:	393	10552	
3805:	10545	10546	
3806:	65	
3807:	65	
3812:	42	142	211	300	375	405	430	452	533	598	622	634	10521	10577	
3817:	634	
3818:	10521	
3830:	53	
3835:	10521	
3839:	10521	
3857:	84	10545	
3865:	128	144	146	174	266	477	10536	
3867:	144	
3889:	144	
3928:	360	
3970:	129	
3998:	211	
4026:	388	
4073:	10559	
4098:	138	
4165:	550	
4181:	227	
4186:	683	714	
4204:	708	
4248:	251	
4251:	505	562	575	624	655	
4259:	181	423	
4260:	423	
4261:	501	10583	
4262:	417	
4265:	517	
4266:	146	147	150	181	252	270	338	388	392	398	415	417	423	424	448	462	472	506	517	530	548	567	667	672	
4277:	281	
4295:	196	
4314:	65	
4334:	563	
4351:	13	31	275	405	
4393:	342	534	
4394:	396	435	
4399:	347	
4405:	43	80	416	467	555	10582	
4406:	123	
4412:	10533	
4443:	585	
4445:	585	
4453:	3	8	94	187	284	343	384	456	467	497	508	620	
4455:	284	456	
4476:	396	
4499:	376	612	
4520:	704	
4532:	517	
4575:	133	216	244	379	396	
4584:	169	10576	
4593:	444	
4620:	395	
4639:	566	
4694:	169	572	622	
4700:	570	
4734:	98	453	10582	
4772:	330	385	568	
4778:	147	224	350	471	
4784:	147	350	
4801:	388	
4814:	83	
4818:	169	172	284	378	
4821:	33	81	
4857:	229	386	
4864:	10582	
4880:	10575	
4891:	90	
4902:	90	
4923:	311	
4926:	427	471	
4936:	19	37	74	107	155	193	203	206	209	277	295	327	336	364	370	385	446	450	455	525	568	593	10532	10540	10541	10566	10567	
4970:	401	
4982:	311	
5032:	65	104	
5038:	65	
5041:	266	
5081:	144	
5111:	10525	
5113:	200	
5118:	388	
5139:	21	
5142:	186	
5143:	198	234	563	
5148:	698	
5151:	563	
5155:	266	
5156:	48	89	
5157:	4	73	78	103	110	115	201	223	266	315	344	346	348	433	473	480	508	
5160:	266	
5166:	315	
5169:	348	
5173:	4	73	78	110	115	201	223	315	433	473	480	
5182:	563	
5187:	563	
5192:	315	
5198:	315	
5215:	174	234	315	451	
5221:	174	
5236:	174	392	10559	
5270:	317	
5283:	121	
5315:	128	221	284	379	388	530	
5335:	271	
5336:	271	
5366:	9	169	
5370:	538	
5427:	121	265	456	461	610	
5454:	610	
5465:	28	427	
5466:	28	427	
5491:	457	10525	
5506:	563	
5507:	65	148	224	457	
5509:	563	
5545:	411	10544	
5546:	411	10544	
5547:	10533	10561	
5567:	10545	
5577:	293	
5585:	296	
5591:	538	
5594:	138	
5602:	392	
5604:	391	392	
5610:	391	
5617:	10526	
5618:	10526	
5635:	315	
5641:	78	161	174	311	353	417	436	480	
5643:	417	
5645:	311	
5646:	78	161	174	353	436	480	
5650:	10536	
5653:	162	183	213	234	316	393	407	419	446	461	557	10521	10543	10568	
5656:	137	
5658:	126	330	358	468	
5681:	489	
5703:	172	656	657	658	659	660	661	662	663	695	10521	
5704:	172	
5753:	188	
5754:	188	
5758:	585	
5847:	382	
5850:	158	396	457	
5852:	457	
5885:	10521	
5889:	216	
5933:	88	
5934:	8	10	31	36	46	65	142	145	173	181	275	300	309	335	392	408	430	438	452	501	523	533	590	598	622	649	10545	10548	10565	
5941:	65	
5948:	451	
5989:	216	
5992:	216	
6027:	8	9	10	19	23	36	68	74	94	107	145	169	173	181	196	203	204	213	257	275	294	302	309	322	339	346	352	376	380	381	384	393	405	420	430	437	446	452	456	481	522	525	526	529	539	544	546	556	564	590	591	592	598	600	611	622	629	666	10532	10540	10543	10544	10548	
6045:	175	
6056:	39	158	
6076:	548	
6113:	10526	
6114:	91	
6118:	425	
6130:	206	209	213	419	445	446	10532	10543	10566	
6261:	216	
6281:	148	181	215	234	435	
6297:	188	
6321:	251	
6322:	206	559	10563	10566	
6323:	186	575	
6341:	447	
6362:	65	542	
6399:	459	
6407:	94	
6408:	94	
6412:	645	
6414:	645	10577	
6432:	293	
6435:	169	
6446:	94	108	246	253	419	437	10527	
6447:	246	
6448:	246	253	437	10527	
6456:	112	
6459:	112	
6460:	501	
6462:	57	
6463:	2	63	108	112	209	289	314	404	450	510	10534	10545	10551	10567	
6497:	593	10534	
6515:	202	
6522:	58	
6568:	135	233	330	547	550	
6576:	30	
6592:	194	
6596:	348	457	
6641:	116	
6691:	546	
6717:	90	590	
6719:	590	
6720:	90	
6738:	401	
6740:	227	
6753:	112	169	193	245	336	370	385	586	10567	10573	
6755:	169	
6777:	109	112	253	370	437	
6785:	88	
6786:	88	
6790:	37	253	408	
6798:	234	344	451	
6811:	172	392	
6835:	230	253	381	670	10526	
6837:	19	109	193	209	253	289	314	336	364	370	385	10534	10559	10567	10573	
6856:	187	
6892:	175	
6900:	242	
6901:	242	
6902:	379	493	10535	
6978:	64	77	79	
6986:	445	
6988:	167	392	546	
6996:	302	
6998:	83	
7034:	10561	
7065:	138	
7087:	131	186	232	402	434	447	10583	
7094:	447	
7106:	68	
7116:	22	73	122	194	238	271	304	392	491	547	568	585	
7133:	137	158	563	10536	
7137:	501	563	618	
7144:	94	
7151:	37	78	153	457	525	537	10540	
7167:	705	
7168:	705	
7169:	705	
7190:	268	
7211:	200	253	346	
7214:	74	107	108	206	209	253	277	295	339	381	408	445	455	510	518	525	593	10532	10540	10566	10567	
7230:	202	
7238:	81	
7242:	20	176	244	670	
7243:	20	244	
7244:	670	
7246:	3	202	416	594	10560	
7251:	457	
7276:	194	342	
7306:	172	215	234	10523	
7329:	169	285	
7336:	563	
7337:	563	
7343:	169	
7345:	234	271	534	
7351:	169	
7362:	347	
7510:	315	
7520:	704	
7527:	49	
7563:	128	
7573:	419	
7588:	78	125	343	373	379	480	10552	10572	
7593:	399	
7594:	23	405	417	423	509	592	620	
7641:	10525	
7658:	234	
7659:	234	
7662:	234	
7666:	216	
7676:	188	
7680:	162	243	408	638	664	10526	
7681:	162	243	
7684:	52	144	147	148	161	342	348	397	398	402	434	435	448	480	535	537	585	10521	
7690:	397	398	
7726:	388	
7727:	357	627	651	652	653	
7731:	471	486	
7755:	586	
7774:	10521	
7778:	119	123	126	234	342	468	568	576	584	
7791:	342	
7818:	8	37	54	132	133	134	137	147	150	158	169	174	181	225	251	266	270	273	285	293	296	300	315	331	338	388	397	398	399	402	405	417	423	448	499	501	517	528	568	575	586	603	618	681	10536	10539	10542	10576	10578	10583	
7819:	499	
7820:	10583	
7821:	150	251	603	10542	
7823:	174	225	296	331	397	398	399	681	10536	
7833:	172	
7839:	13	112	122	162	174	234	302	391	392	546	552	564	584	610	10521	10547	10559	
7850:	169	
7909:	21	
7919:	263	
7934:	70	351	411	517	10544	
7943:	33	43	594	
7957:	216	
7964:	594	
7991:	200	
7993:	439	
7994:	234	
8002:	94	271	
8031:	20	559	10563	
8058:	65	585	
8063:	65	
8105:	598	
8120:	278	
8183:	230	562	587	605	
8195:	423	483	
8197:	84	224	315	388	451	491	563	597	
8201:	388	
8207:	224	
8216:	54	256	357	568	591	
8218:	172	
8222:	519	
8223:	519	
8235:	174	
8246:	483	
8257:	167	
8299:	308	
8311:	172	
8339:	401	
8380:	373	
8385:	573	
8437:	216	
8447:	311	
8454:	603	
8496:	542	
8511:	550	
8515:	357	627	651	652	653	
8535:	174	
8562:	508	
8577:	451	517	520	
8581:	520	
8584:	451	
8613:	619	
8651:	10544	
8663:	10545	
8671:	138	383	417	
8681:	10561	
8731:	65	72	144	200	311	352	380	388	399	411	469	506	548	575	10522	
8734:	469	
8735:	65	72	352	10522	
8746:	573	
8753:	181	
8762:	67	573	
8769:	138	
8773:	143	
8778:	10561	
8785:	375	
8797:	198	
8830:	98	606	
8855:	468	
8857:	674	
8858:	610	
8892:	401	
8904:	513	
8906:	428	
8919:	181	
8932:	134	
8937:	200	
8942:	620	
8948:	540	
8974:	10556	
8976:	598	
8986:	491	
9033:	598	
9037:	275	467	
9054:	33	43	594	
9059:	33	
9065:	430	
9084:	98	
9132:	317	
9179:	10558	
9190:	42	275	286	497	622	
9201:	447	
9237:	501	
9247:	35	
9280:	10538	
9309:	175	
9310:	401	
9314:	13	172	552	677	10574	
9324:	405	597	
9332:	405	
9336:	234	558	10574	10575	
9341:	10574	
9353:	275	450	
9387:	10	256	293	456	10558	
9398:	345	412	
9414:	508	
9416:	508	
9419:	148	
9442:	375	
9455:	597	
9465:	697	
9481:	10569	
9533:	159	
9541:	13	119	126	169	187	193	198	211	271	330	358	432	439	456	464	468	489	576	611	10547	
9546:	468	
9547:	119	126	330	432	464	468	489	576	611	
9550:	468	
9556:	175	
9557:	13	10574	10575	
9558:	10574	10575	
9560:	267	
9573:	121	10574	
9575:	10574	
9584:	10574	10575	
9589:	486	
9610:	39	123	151	154	169	234	302	391	392	456	538	546	568	
9620:	172	
9626:	6	9	10	15	46	54	67	68	69	102	133	136	140	158	160	202	216	230	231	268	276	281	284	286	291	293	294	366	368	379	381	438	503	504	514	516	527	528	533	540	571	585	673	681	10526	10528	10537	10558	10571	10577	10578	
9635:	234	
9649:	317	
9673:	542	
9738:	21	
9743:	84	
9752:	638	
9754:	435	
9755:	174	353	589	
9757:	138	
9759:	315	
9762:	451	
9764:	230	253	
9766:	597	
9772:	553	
9784:	348	423	
9787:	73	170	174	348	434	10525	
9791:	348	434	
9796:	73	170	10525	
9797:	298	388	485	
9806:	55	65	72	94	113	121	161	221	264	273	288	295	350	352	376	384	388	401	409	475	480	481	484	501	522	542	568	577	586	589	611	612	613	616	617	670	10522	10566	10580	
9820:	12	384	
9821:	346	353	388	441	
9841:	563	595	
9843:	129	
9845:	244	
9847:	149	188	465	
9854:	483	
9862:	399	
9890:	114	
9921:	281	
9939:	496	511	712	
9941:	709	
9977:	448	
9979:	10546	
9991:	20	176	670	
9994:	276	286	422	527	10558	
10040:	138	501	
10048:	514	
10049:	107	129	151	181	202	302	391	392	409	443	447	467	501	546	10552	
10052:	107	129	151	181	202	302	391	392	409	443	546	
10053:	107	129	151	181	202	302	391	392	409	443	546	
10057:	540	
10061:	151	392	432	435	537	
10065:	48	89	598	
10094:	109	
10116:	72	228	
10150:	101	358	
10172:	456	592	603	
10174:	603	
10179:	125	396	
10189:	618	
10214:	10525	
10218:	10525	
10242:	384	
10254:	32	52	127	172	232	319	344	422	457	10525	
10257:	422	
10263:	380	
10264:	554	
10277:	8	22	218	234	392	
10325:	52	119	126	439	468	
10333:	122	
10344:	610	
10345:	94	149	172	364	474	518	529	
10349:	585	
10360:	298	501	573	
10377:	553	
10393:	247	
10437:	10553	
10447:	138	
10520:	10559	
10523:	82	244	245	496	511	
10538:	506	
10546:	28	88	289	
10562:	554	
10568:	188	
10572:	128	537	
10576:	58	
10614:	430	
10628:	396	
10686:	138	
10717:	65	72	94	113	304	322	376	427	481	522	611	612	613	620	670	10566	10580	
10720:	72	94	113	376	481	611	612	613	670	10566	10580	
10732:	670	
10733:	670	
10743:	94	
10749:	93	575	
10758:	353	
10763:	129	
10787:	101	143	
10789:	536	
10797:	540	
10802:	188	
10816:	3	7	8	9	10	13	15	23	31	33	36	37	38	41	42	43	45	46	48	49	53	57	64	66	67	68	69	77	79	80	81	87	89	90	92	93	94	96	98	102	121	133	136	140	142	145	152	154	157	160	163	166	173	181	187	202	203	208	222	227	230	231	253	256	261	265	268	275	276	279	281	286	291	294	300	307	309	310	313	321	361	366	368	375	379	393	405	407	408	416	425	430	438	448	452	453	456	487	489	493	497	503	504	514	516	518	527	533	540	541	543	550	555	556	557	558	571	572	573	590	591	594	598	606	610	618	619	622	623	629	634	645	648	650	651	652	653	654	656	657	658	659	660	661	662	663	666	668	678	687	695	10524	10526	10528	10529	10530	10531	10533	10535	10536	10537	10538	10539	10548	10550	10555	10556	10557	10558	10560	10562	10564	10565	10568	10569	10570	10571	10577	10578	10579	10581	10582	
10819:	7	
10820:	556	
10821:	3	31	36	38	41	42	43	46	48	66	68	69	79	89	92	93	96	98	102	145	160	166	173	187	208	227	265	268	275	307	309	430	493	533	540	550	555	556	571	572	573	590	591	594	598	606	629	10529	10530	10531	10537	10538	10548	10550	10556	10560	10562	10565	10581	10582	
10855:	270	
10857:	670	
10860:	401	
10873:	563	
10887:	554	
10913:	423	
10941:	188	709	
10942:	709	
11024:	395	
11027:	395	
11082:	683	714	
11102:	10561	
11144:	417	423	435	537	
11177:	28	30	72	84	196	218	224	257	288	298	350	373	383	417	427	435	436	448	471	475	476	485	486	539	577	587	
11183:	288	350	
11187:	417	
11195:	174	216	388	485	501	
11196:	174	388	
11204:	216	
11206:	224	
11211:	103	167	210	563	605	
11219:	103	210	605	
11233:	103	
11255:	60	73	125	144	174	239	264	348	353	388	395	589	10544	10572	
11260:	60	239	264	589	
11274:	169	
11275:	138	
11284:	138	
11295:	563	
11307:	58	
11361:	519	
11362:	519	
11383:	124	
11393:	99	169	242	293	302	422	576	10536	10583	
11405:	99	
11490:	698	
11521:	98	
11535:	57	543	
11536:	543	
11564:	37	
11610:	8	9	10	18	20	22	37	39	73	94	113	128	145	147	169	172	174	187	196	221	256	257	271	277	281	284	286	318	330	381	382	391	392	420	439	483	489	522	539	550	566	574	592	10578	
11624:	105	
11652:	396	
11657:	218	
11662:	174	517	
11669:	208	
11674:	200	622	
11680:	304	496	670	
11693:	188	
11706:	38	49	68	80	93	96	128	169	286	289	452	555	573	594	10555	10560	10562	
11731:	289	
11734:	10562	
11745:	90	10535	
11746:	90	10535	
11757:	23	
11831:	65	470	587	
11851:	563	
11855:	603	
11856:	563	
11884:	289	
12019:	388	
12021:	60	73	125	266	312	411	451	517	520	10544	
12023:	125	
12026:	73	125	
12028:	125	
12040:	125	
12048:	483	
12051:	195	196	388	448	
12060:	60	239	
12091:	439	468	
12118:	99	110	233	355	356	411	469	10522	10544	
12121:	571	
12131:	98	
12142:	281	310	591	
12155:	138	
12203:	108	
12240:	188	
12246:	3	33	45	49	66	68	80	93	96	160	222	286	321	453	487	555	573	594	10530	10538	10555	10556	10560	10562	10564	10570	10582	
12304:	392	
12360:	119	
12399:	9	10	13	128	227	234	456	
12400:	9	10	13	128	227	234	456	
12413:	90	94	137	162	169	564	
12424:	169	
12426:	564	
12429:	570	
12450:	154	169	610	
12452:	315	
12470:	517	
12480:	358	
12487:	700	
12491:	496	511	712	
12496:	234	
12601:	43	
12609:	19	63	74	108	203	204	206	209	213	220	339	404	445	446	450	510	518	536	593	10541	10543	10545	10546	10566	
12618:	19	94	518	523	529	10541	
12621:	104	155	372	508	
12626:	104	508	
12650:	281	
12656:	247	
12682:	546	
12684:	4	
12692:	138	
12694:	138	
12714:	28	65	169	327	427	471	486	565	587	604	610	
12715:	28	65	427	471	486	587	604	
12725:	58	
12749:	10569	
12765:	330	
12776:	405	
12779:	102	246	
12781:	10561	
12787:	586	
12806:	52	
12811:	149	191	
12816:	28	30	65	194	196	218	257	288	355	373	383	436	470	471	475	476	480	484	485	486	539	577	587	
12822:	342	
12824:	48	89	666	10554	
12833:	251	
12838:	188	10554	
12860:	358	
12915:	10559	
12918:	10554	
12943:	358	
12946:	109	383	407	425	445	552	10545	10568	
12947:	187	
12958:	13	63	74	94	107	121	203	204	206	209	213	277	327	339	361	364	393	404	445	446	450	510	518	525	526	529	544	10540	10543	10545	10546	10566	10574	10575	
12959:	63	204	209	404	10546	
12974:	154	372	446	
12976:	598	
12979:	43	
12980:	176	437	461	552	
12982:	169	172	
12983:	172	
12985:	668	
13039:	336	
13052:	109	407	445	10559	10568	
13062:	10546	
13113:	187	598	10544	
13114:	598	
13136:	238	535	
13143:	189	
13146:	174	
13153:	202	
13165:	82	244	245	326	496	511	10534	
13188:	98	
13198:	688	715	
13206:	435	
13248:	83	
13249:	198	
13265:	234	
13316:	293	575	
13328:	10564	
13337:	65	288	427	
13338:	65	288	427	
13356:	508	519	
13358:	508	
13359:	31	43	102	105	133	151	230	231	268	276	281	284	294	316	358	366	391	423	503	504	516	10571	10578	
13384:	175	
13388:	129	
13389:	143	
13407:	129	
13423:	52	
13455:	423	
13464:	60	134	563	
13465:	134	
13495:	10536	
13497:	10536	
13498:	242	285	10536	
13504:	216	285	
13522:	30	151	193	468	597	
13525:	120	151	224	234	302	417	423	447	457	468	472	546	576	
13543:	224	
13557:	65	288	427	
13562:	65	408	
13563:	408	
13579:	316	
13580:	330	
13582:	73	181	295	319	322	405	434	435	437	525	526	559	610	611	10540	10547	10563	
13668:	223	315	343	508	
13671:	508	
13677:	13	35	
13684:	234	391	392	534	538	
13685:	392	538	
13686:	547	
13691:	60	
13692:	131	198	242	392	396	523	
13693:	198	
13701:	28	30	65	72	99	110	194	233	355	356	411	427	469	471	485	539	553	643	10522	10523	10544	
13704:	643	
13714:	123	392	623	
13717:	39	123	174	302	396	546	
13721:	391	
13788:	519	
13848:	491	
13849:	60	392	
13853:	311	
13899:	154	412	
13907:	73	201	221	232	292	346	349	352	373	389	411	476	477	482	508	542	613	
13961:	364	
13990:	273	
14006:	172	392	423	578	
14009:	286	
14055:	9	10	31	46	87	105	142	160	222	279	405	438	456	468	487	666	10529	10550	10583	
14130:	382	
14160:	281	456	
14161:	281	
14176:	10	13	
14179:	281	310	591	
14182:	590	10558	
14185:	470	
14198:	423	564	
14229:	423	
14231:	423	
14248:	379	
14262:	575	
14295:	169	
14299:	293	
14306:	310	
14338:	234	
14344:	330	483	10525	
14347:	10525	
14351:	65	147	346	405	
14356:	65	
14358:	147	347	
14361:	147	
14365:	391	
14367:	19	63	82	88	109	121	138	193	199	203	204	206	209	213	220	244	245	277	295	326	335	361	385	401	405	425	440	445	455	474	496	511	523	529	544	552	590	647	670	674	686	696	712	10532	10543	10547	10566	10575	
14368:	245	277	
14369:	245	10532	
14370:	696	
14386:	73	288	350	
14417:	65	104	115	257	304	388	477	485	
14437:	65	
14449:	104	264	473	484	485	491	589	
14453:	104	264	484	
14458:	60	132	134	239	388	423	575	670	
14459:	288	292	350	482	517	520	
14471:	58	445	
14476:	13	73	103	104	110	134	148	198	218	234	238	304	319	343	346	348	350	353	373	388	415	417	423	435	451	473	483	484	485	491	517	522	535	538	568	577	584	589	667	
14481:	304	
14486:	484	
14492:	388	
14496:	501	618	10536	
14497:	10536	
14505:	23	74	94	107	121	154	163	176	203	206	209	253	277	339	361	381	393	404	405	408	425	445	446	456	461	509	518	542	544	552	564	572	593	610	620	623	10532	10559	10566	
14506:	176	
14507:	74	206	209	277	339	425	564	10559	10566	
14522:	22	39	123	174	284	302	338	392	397	423	517	546	586	681	
14530:	65	104	
14537:	65	
14539:	172	174	392	423	563	578	
14546:	172	392	423	578	
14559:	308	
14573:	105	151	585	586	
14574:	105	
14579:	586	
14587:	177	
14601:	335	427	612	10564	
14614:	30	218	471	577	10552	
14616:	224	
14624:	285	
14627:	520	
14629:	10	37	83	121	138	169	181	196	234	278	284	408	448	456	501	584	610	670	682	
14631:	169	
14653:	94	
14655:	174	408	
14656:	174	
14657:	154	378	
14659:	31	43	48	63	68	89	112	142	234	302	516	546	610	10552	
14661:	142	
14663:	8	9	10	12	20	23	37	45	50	57	64	77	79	80	82	94	107	114	121	129	142	145	152	154	156	157	163	169	173	183	200	204	208	212	222	230	253	256	265	267	294	295	300	336	357	370	381	384	385	393	394	405	407	408	416	430	437	456	467	487	489	497	518	527	529	550	554	555	559	568	572	593	598	600	605	610	620	622	623	625	626	627	629	634	635	643	645	646	651	652	653	654	656	659	663	668	674	678	679	711	10549	10555	10556	10557	10559	10563	10568	10570	10577	
14664:	23	94	256	620	626	634	635	
14665:	94	384	
14666:	230	253	
14667:	294	
14668:	12	384	
14670:	50	64	79	80	94	107	121	142	152	154	173	204	208	212	222	253	381	394	487	518	529	550	572	593	600	629	10549	10555	10559	10570	
14672:	94	
14674:	94	
14675:	129	
14683:	196	461	
14688:	218	277	326	327	443	523	525	10526	10540	
14689:	483	
14690:	390	
14692:	181	
14695:	216	503	
14697:	196	216	257	475	539	
14704:	410	
14705:	335	
14707:	174	402	
14708:	402	
14715:	471	
14718:	65	10552	
14720:	2	19	63	74	107	121	154	162	193	194	199	203	204	205	206	209	213	256	277	295	327	336	339	361	364	381	385	393	404	407	425	445	446	450	455	462	510	525	526	529	544	559	564	593	610	10532	10540	10541	10543	10546	10547	10559	10563	10566	10568	
14722:	43	
14728:	448	501	610	618	
14738:	528	
14743:	23	378	612	
14755:	69	10537	
14814:	121	181	423	456	575	
14824:	563	
14831:	134	528	538	
14832:	134	528	
14834:	538	
14885:	468	
14887:	546	
14888:	546	
14890:	9	407	622	10547	10568	
14891:	622	
14919:	167	
14940:	461	
14958:	121	123	134	149	162	198	199	234	271	302	342	391	392	405	419	534	538	546	584	595	10521	
14960:	149	342	
14962:	234	
14973:	123	10521	
14977:	271	
14979:	94	
14992:	610	
14996:	147	
14999:	233	
15018:	32	319	396	485	
15021:	58	468	
15043:	461	
15044:	13	32	
15052:	125	
15078:	13	121	198	234	423	585	10545	
15144:	94	99	141	198	528	574	10552	
15177:	423	
15203:	188	
15206:	123	198	234	391	392	534	538	
15207:	123	392	
15218:	181	
15222:	63	94	154	203	204	209	213	253	378	383	404	445	446	450	518	593	612	620	10543	10545	10546	10566	
15223:	378	10545	
15225:	221	
15231:	293	
15232:	293	317	575	
15233:	293	
15235:	242	
15251:	302	584	
15252:	584	
15258:	483	
15264:	530	531	584	
15267:	7	552	645	646	647	648	649	651	654	678	686	687	688	689	690	691	692	693	694	696	697	698	699	700	701	702	703	704	705	706	707	708	709	710	711	712	713	714	715	716	717	718	719	10526	
15276:	123	
15277:	123	
15280:	22	35	128	172	271	426	523	585	10575	
15282:	585	
15284:	22	585	
15287:	35	10575	
15288:	35	
15292:	198	302	10526	
15294:	375	538	584	
15296:	126	318	516	
15305:	172	
15315:	234	
15319:	33	81	211	319	547	10560	
15323:	167	
15350:	385	
15355:	13	172	585	10575	
15383:	369	
15390:	32	
15398:	576	
15404:	83	
15461:	577	
15481:	63	372	
15485:	598	
15492:	573	
15507:	550	594	
15515:	620	
15540:	28	
15547:	107	
15558:	167	
15575:	514	
15577:	123	302	538	546	
15585:	234	538	
15618:	188	
15626:	468	10576	
15677:	440	
15692:	138	483	10532	
15711:	105	
15718:	105	
15741:	465	
15752:	699	701	
15753:	699	701	
15767:	288	
15772:	685	
15794:	618	
15798:	188	
15808:	372	
15815:	460	
15819:	234	
15820:	234	
15835:	154	
15858:	483	525	10540	
15859:	516	
15873:	315	388	395	501	10552	
15875:	79	94	138	161	277	282	283	453	499	540	541	571	
15881:	32	39	55	73	76	78	93	101	103	104	110	123	125	127	128	132	138	145	147	151	153	158	161	169	174	181	201	210	218	221	226	229	232	233	238	246	271	273	281	282	283	284	304	327	343	344	346	347	348	349	350	352	353	356	373	379	383	386	388	396	402	419	428	441	447	456	457	473	476	480	491	502	508	535	539	549	556	563	566	568	574	576	577	589	10526	10531	10539	10547	10552	10553	10571	10572	10576	
15883:	343	563	
15890:	127	
15891:	229	386	
15895:	181	
15897:	147	284	574	
15937:	13	35	
15965:	22	39	73	78	104	128	161	174	177	201	242	315	342	348	396	417	423	428	433	434	435	473	480	537	577	585	
15967:	22	396	
15969:	73	177	348	434	
15970:	78	433	434	577	
15975:	60	
15981:	576	
16000:	122	
16004:	576	10544	
16005:	576	
16017:	576	
16048:	188	
16053:	91	409	
16060:	106	
16085:	388	
16086:	74	87	102	115	135	154	206	208	209	224	282	283	311	339	352	358	381	384	416	453	544	566	570	605	10566	
16126:	234	
16127:	234	
16163:	127	129	161	186	284	304	435	519	
16167:	70	266	308	351	356	388	395	411	417	576	10544	
16178:	308	
16184:	308	
16193:	210	
16238:	22	39	128	129	151	154	198	201	242	277	315	327	342	392	396	434	440	443	513	537	546	563	568	585	10536	
16239:	22	342	434	
16242:	23	94	121	154	253	405	456	509	572	10559	
16243:	375	
16249:	673	
16251:	39	73	104	120	123	128	172	198	224	234	356	391	392	435	584	589	10583	
16254:	128	
16255:	435	
16291:	597	
16294:	706	
16325:	176	
16339:	388	470	475	587	10552	
16345:	188	
16368:	401	
16408:	10561	
16410:	10561	
16419:	572	
16420:	572	
16476:	65	
16521:	10559	
16587:	598	10561	
16623:	395	
16660:	572	
16672:	174	342	389	517	10542	
16706:	116	
16708:	289	
16720:	23	123	169	194	391	461	482	517	553	559	610	10563	
16742:	629	
16743:	629	
16746:	42	74	77	88	94	114	140	145	154	203	206	277	279	295	309	384	392	407	452	518	533	552	556	558	590	593	622	629	10548	10557	10566	10568	
16748:	114	295	407	518	629	10568	
16749:	552	
16771:	594	
16784:	356	
16792:	40	
16849:	48	55	72	89	99	110	128	133	196	201	205	215	230	257	276	347	350	352	355	366	368	469	504	508	527	540	577	587	589	605	10522	
16851:	595	
16855:	244	496	511	689	690	691	692	693	694	
16856:	244	496	511	689	690	691	692	693	694	
16874:	289	336	385	10567	
16904:	53	
16912:	215	
16951:	461	
16969:	160	
16984:	329	
17015:	188	
17022:	578	
17024:	94	208	376	497	514	
17030:	384	
17031:	247	
17047:	138	
17064:	128	186	221	436	
17073:	174	402	
17074:	298	383	427	
17076:	201	
17104:	439	
17136:	188	
17172:	564	
17188:	117	
17203:	501	
17207:	215	
17211:	456	
17212:	456	
17214:	473	
17232:	308	351	10544	
17246:	566	
17250:	451	
17251:	451	
17255:	28	72	376	411	412	587	
17315:	138	
17387:	289	
17399:	162	274	336	
17411:	595	
17413:	176	
17416:	253	
17429:	137	285	
17431:	90	
17468:	7	8	41	42	57	77	79	92	142	173	187	256	286	291	300	309	405	430	452	489	533	550	598	622	10526	10529	10548	10577	
17475:	69	550	10537	
17476:	10521	
17479:	234	
17497:	358	
17498:	313	
17511:	167	
17514:	202	
17551:	10581	
17552:	499	575	
17555:	172	
17556:	172	
17578:	4	30	40	55	70	76	78	91	99	110	115	127	128	141	153	161	189	210	215	221	226	233	264	308	343	346	347	349	350	351	352	353	354	355	356	373	389	409	410	411	412	428	435	436	469	476	477	480	502	508	520	535	577	605	10522	10523	10544	10572	
17581:	30	70	91	10522	
17582:	4	30	40	55	70	76	78	91	110	115	127	128	153	161	210	215	221	226	233	264	308	343	346	347	349	350	352	353	354	355	356	373	389	410	412	428	435	436	469	476	477	480	502	508	520	535	577	605	10522	10523	10544	10572	
17583:	70	91	141	308	349	351	356	389	409	411	10544	10572	
17590:	563	
17612:	408	
17677:	595	
17679:	347	
17680:	271	
17687:	10523	
17690:	546	
17693:	88	496	674	686	10532	
17695:	88	674	10532	
17697:	674	
17726:	94	
17765:	94	
17827:	351	477	517	
17829:	517	
17858:	32	522	
17919:	10561	
17920:	10561	
17944:	517	
17950:	360	
18057:	28	65	427	471	486	587	604	10552	
18062:	575	
18097:	10526	
18175:	13	198	266	547	585	
18186:	547	
18191:	547	
18195:	547	
18201:	547	
18202:	547	
18336:	586	
18382:	304	
18386:	519	
18388:	138	
18389:	103	238	346	347	
18391:	238	
18397:	147	210	343	347	353	373	412	448	476	517	
18400:	448	
18404:	517	
18408:	343	347	373	412	476	
18417:	584	
18424:	174	517	
18436:	187	597	
18465:	58	
18514:	308	
18549:	709	
18657:	65	126	330	615	
18705:	40	
18716:	224	355	
18724:	289	
18733:	101	
18738:	428	
18768:	107	372	670	
18787:	103	128	346	
18820:	401	
18862:	251	
18876:	331	
18891:	253	
18923:	252	
18961:	160	221	281	550	681	10530	10557	
18978:	444	
19004:	188	10526	
19022:	128	537	563	568	
19024:	568	
19030:	563	
19032:	234	266	
19068:	10525	
19132:	101	105	223	615	
19236:	18	
19304:	42	52	90	202	439	440	564	10524	
19336:	94	
19351:	382	
19374:	380	517	
19377:	163	
19382:	330	
19390:	552	
19503:	32	194	288	471	475	539	587	10552	
19510:	90	202	281	622	10524	
19513:	558	
19520:	247	
19531:	552	
19541:	396	
19562:	187	405	
19589:	281	
19590:	281	
19654:	697	
19752:	274	10547	
19762:	586	
19806:	145	
19807:	145	
19868:	18	
19897:	123	453	10521	
19909:	434	
19929:	18	31	42	69	81	92	93	230	307	313	430	456	514	573	598	606	666	10537	10556	10560	10564	
19966:	584	
20008:	129	536	
20073:	519	
20096:	586	
20098:	276	
20101:	9	66	94	151	222	246	335	381	384	437	487	518	550	10534	10550	
20119:	129	
20121:	2	19	63	74	88	107	108	109	176	203	206	209	213	245	253	277	295	326	339	361	364	393	404	405	408	425	437	445	446	461	523	526	529	552	590	593	650	10532	10543	10545	10551	10559	10566	10573	
20124:	176	437	461	552	
20158:	585	
20192:	10569	
20214:	405	603	
20216:	169	284	
20224:	468	
20250:	10558	
20318:	215	563	575	10523	
20324:	65	104	
20327:	65	
20343:	121	
20346:	501	528	618	10536	
20347:	501	528	618	10536	
20358:	150	
20364:	491	
20404:	302	546	618	
20425:	267	
20448:	15	10528	10531	
20506:	453	
20520:	8	31	36	41	42	43	46	77	92	98	142	145	173	187	222	230	256	265	275	286	300	309	313	430	438	452	487	514	550	558	598	606	622	10526	10529	10548	10550	10556	10565	10577	
20574:	48	89	540	
20584:	79	175	550	
20605:	176	
20645:	285	
20653:	447	566	
20658:	464	
20679:	68	266	388	
20705:	584	10521	10526	
20709:	10526	
20731:	57	77	654	711	
20732:	57	77	654	711	
20735:	77	94	163	176	253	408	419	461	
20736:	77	94	163	176	253	408	419	461	
20740:	52	546	
20744:	546	
20752:	316	330	432	439	468	10556	
20761:	719	
20768:	719	
20812:	485	
20813:	485	
20814:	65	
20883:	216	
20885:	104	346	353	508	
20893:	13	138	539	
20895:	22	357	
20897:	575	
20900:	174	
20922:	57	
20926:	585	
20950:	457	
20973:	483	
20974:	507	
21009:	234	
21020:	116	
21038:	529	
21045:	129	
21063:	13	37	121	151	155	198	213	247	271	277	327	361	364	383	417	419	423	446	523	525	537	557	564	566	574	10540	10543	10546	10566	
21073:	65	
21092:	716	
21101:	401	
21104:	483	
21106:	60	132	134	239	
21112:	138	547	
21118:	68	348	529	
21119:	66	68	127	128	198	271	281	327	330	348	419	456	503	
21122:	330	
21134:	519	
21135:	289	
21136:	547	
21152:	401	
21174:	563	
21179:	285	
21186:	432	
21203:	28	30	65	288	383	427	471	475	486	
21216:	423	
21220:	423	
21224:	150	266	477	517	
21270:	6	8	9	10	15	22	39	46	54	67	68	69	70	102	123	128	133	136	140	158	160	198	202	215	216	230	231	268	276	277	281	284	286	291	293	294	366	368	379	381	396	405	411	417	423	438	440	501	503	504	514	516	517	527	528	533	534	540	547	571	585	586	673	681	10523	10526	10528	10537	10544	10558	10571	10577	10578	
21272:	6	9	10	15	46	54	67	68	69	102	133	136	140	158	160	202	216	230	231	268	276	281	284	286	291	293	294	366	368	379	381	438	503	504	514	516	527	528	533	540	571	585	673	681	10526	10528	10537	10558	10571	10577	10578	
21273:	136	
21274:	54	231	681	10578	
21283:	215	10523	
21287:	54	405	517	
21290:	39	
21297:	123	
21302:	22	39	128	396	440	585	
21305:	123	198	277	534	
21328:	586	
21343:	417	423	
21348:	90	169	199	274	336	385	407	570	585	10524	10568	10569	
21392:	517	
21456:	189	
21457:	189	
21471:	105	151	405	517	564	586	
21485:	564	
21501:	169	188	401	570	10552	
21502:	401	570	
21527:	233	
21539:	281	
21558:	35	585	
21560:	35	585	
21561:	35	
21564:	35	
21568:	518	10574	10575	
21578:	35	
21587:	450	
21604:	440	
21638:	456	501	586	10536	
21642:	332	
21643:	208	
21648:	55	161	221	264	409	480	577	
21665:	175	
21695:	83	
21712:	102	10555	
21732:	281	
21736:	172	
21789:	160	
21790:	160	
21807:	10561	
21817:	468	
21828:	3	
21830:	234	
21839:	405	406	
21846:	358	
21870:	405	
21875:	52	119	126	439	468	
21876:	10535	
21886:	563	
21905:	120	501	517	670	
21906:	120	
21919:	528	
21923:	434	
21932:	119	10556	
21972:	599	
21973:	599	
22015:	273	
22055:	330	
22092:	10560	
22123:	22	172	242	402	
22126:	336	
22139:	234	272	382	546	
22178:	10556	
22195:	234	
22205:	18	
22207:	10547	
22212:	52	330	358	439	
22224:	445	
22231:	327	
22252:	439	
22253:	311	451	491	
22285:	172	
22302:	10577	
22322:	28	107	361	425	10573	
22328:	253	510	
22338:	121	154	408	590	
22344:	204	209	404	450	593	10534	10545	
22349:	98	
22494:	423	
22502:	129	148	291	311	353	388	392	483	535	563	591	614	10523	10525	10583	
22508:	311	353	388	535	
22510:	311	
22559:	4	55	76	78	103	127	153	161	174	221	224	226	233	238	264	344	353	389	409	436	477	480	502	535	577	589	10523	10572	
22560:	589	
22562:	4	76	78	103	127	153	161	174	221	224	226	233	238	264	344	353	389	409	436	477	480	502	577	589	10523	10572	
22628:	23	
22732:	350	
22739:	138	501	10536	
22768:	350	536	
22771:	99	138	147	174	198	346	388	538	553	568	587	
22780:	174	
22783:	9	13	198	234	271	302	378	456	536	563	574	629	
22785:	563	
22797:	483	
22800:	158	348	564	
22801:	348	
22825:	514	
22828:	107	553	
22838:	79	550	
22847:	10538	
22856:	33	81	
22875:	88	496	590	
22886:	358	
22910:	138	
22918:	230	
22958:	28	
23000:	447	603	
23020:	442	
23032:	493	603	10526	
23056:	148	166	174	200	388	423	472	
23063:	200	
23066:	472	
23087:	7	53	57	65	142	200	286	300	309	313	405	430	489	533	623	626	635	648	687	10548	10565	10577	
23094:	128	150	151	158	174	315	343	348	402	417	423	457	517	
23099:	158	402	517	
23104:	174	
23123:	200	417	
23145:	388	417	
23187:	368	448	
23192:	552	597	
23220:	554	
23235:	65	
23247:	284	
23269:	483	
23270:	483	
23273:	224	
23289:	251	
23291:	60	
23294:	60	
23317:	559	10563	
23356:	157	
23361:	200	
23368:	23	63	204	213	234	393	445	446	450	593	10543	10546	10575	
23411:	481	573	
23442:	272	
23443:	286	
23458:	33	43	48	49	66	68	80	81	89	92	98	152	202	222	313	416	430	453	467	487	540	550	555	573	598	606	10556	10560	10570	10582	
23459:	509	
23470:	10561	
23478:	82	121	244	245	496	511	620	670	686	689	690	691	692	693	694	712	10532	
23479:	670	
23481:	423	
23483:	502	
23495:	483	
23521:	326	375	405	523	590	697	10559	
23525:	10556	
23533:	121	205	311	
23538:	10556	
23539:	261	
23571:	10	396	
23590:	401	464	
23602:	311	
23609:	70	91	141	158	266	344	346	349	351	355	356	409	411	417	423	520	585	10544	10572	
23637:	37	91	103	158	174	189	210	224	266	315	346	353	378	388	412	417	423	435	457	563	605	10523	
23645:	346	353	
23653:	174	
23654:	174	
23686:	19	
23692:	272	
23715:	585	
23725:	423	
23726:	468	
23731:	158	300	
23732:	134	147	
23733:	489	10529	
23798:	610	
23803:	523	10521	
23810:	85	105	327	376	522	525	603	10540	10581	
23828:	31	69	142	208	288	302	313	430	529	598	10530	10537	10547	10570	
23849:	181	364	508	
23854:	508	
23870:	373	
23910:	418	451	
23937:	620	
23939:	65	112	113	205	376	517	522	568	611	10580	
23943:	304	380	
23944:	304	
23946:	138	
23954:	281	310	591	
23969:	603	
23976:	122	138	
23978:	10529	
23983:	675	
24001:	483	
24003:	483	
24006:	263	
24012:	129	
24056:	122	
24121:	265	
24147:	597	
24154:	22	154	
24165:	10560	
24167:	57	405	489	625	646	656	657	659	668	10521	
24186:	154	384	
24264:	52	
24280:	445	
24302:	536	
24319:	501	
24320:	501	
24384:	435	
24386:	2	52	54	63	74	107	108	154	173	188	204	206	209	213	231	253	265	274	277	289	295	314	321	326	327	336	339	361	370	381	385	404	408	425	437	446	450	455	501	510	525	526	544	552	593	664	666	670	10532	10534	10540	10541	10543	10547	10564	10566	10567	10573	
24389:	593	10534	
24390:	173	
24394:	107	108	188	204	209	213	336	381	385	404	425	450	510	593	10532	10541	10567	10573	
24407:	37	60	73	103	128	158	174	234	302	319	342	346	347	348	388	405	412	417	423	435	506	538	577	
24412:	103	128	346	
24415:	60	
24421:	347	
24427:	73	319	412	577	
24434:	423	
24443:	563	
24457:	597	
24458:	417	423	547	
24459:	417	423	547	
24465:	30	32	55	78	233	373	587	
24468:	587	
24501:	138	
24508:	277	
24527:	573	
24530:	501	
24540:	174	342	534	
24549:	174	
24560:	598	
24592:	120	
24593:	120	
24594:	120	
24599:	120	
24636:	8	35	42	121	147	148	198	234	271	451	534	537	10547	
24641:	35	148	198	234	537	
24681:	66	154	187	273	375	422	10562	10564	
24721:	154	473	530	612	
24753:	528	
24755:	149	474	
24759:	563	
24761:	575	
24777:	8	13	23	87	92	196	205	257	310	570	590	10565	10567	
24781:	404	450	
24786:	52	126	138	330	352	358	372	566	
24793:	380	
24803:	172	
24805:	518	
24809:	375	623	
24820:	476	
24825:	13	23	151	271	370	392	10576	
24826:	31	36	41	46	77	92	142	256	286	307	309	430	438	452	566	598	622	10529	10548	10565	
24845:	6	20	22	32	36	41	52	53	69	70	76	88	93	94	99	102	103	107	129	147	151	153	154	155	158	162	169	170	172	177	181	193	194	198	201	202	203	215	222	223	224	227	232	233	234	244	246	261	273	275	276	278	279	285	291	293	302	309	310	327	332	335	350	351	368	372	378	379	384	389	391	392	407	408	409	419	425	428	434	443	451	461	468	474	475	481	487	489	502	503	505	509	525	527	528	534	536	541	544	546	547	558	559	564	568	573	575	576	584	591	595	606	610	622	624	638	655	666	10522	10525	10526	10528	10532	10534	10537	10540	10547	10548	10552	10557	10558	10562	10563	10564	10567	10568	10571	10577	10578	10581	
24846:	170	
24852:	8	9	22	39	41	66	68	77	81	87	93	94	106	107	120	123	142	154	163	169	173	174	181	203	208	212	213	216	222	253	270	271	310	321	378	382	391	392	393	405	409	417	419	430	445	446	456	487	489	523	538	541	564	585	591	594	598	603	623	629	675	10526	10529	10539	10543	10549	10564	10573	
24853:	106	270	
24860:	538	
24863:	8	41	66	77	81	87	93	142	173	208	222	321	405	430	456	487	489	541	591	594	598	10526	10539	10564	
24866:	169	174	382	392	
24869:	8	107	173	212	405	430	456	598	623	629	10549	
24871:	94	213	378	446	10543	
24903:	546	584	
24907:	158	
24917:	284	
24919:	216	
24945:	585	
24982:	172	
25011:	45	172	552	
25029:	35	
25046:	19	63	74	94	107	154	203	206	209	211	213	247	253	277	295	326	327	339	361	363	364	445	446	544	552	557	593	622	10541	10543	10566	
25051:	200	266	497	
25095:	208	
25112:	198	288	
25122:	181	448	
25138:	456	
25141:	554	
25170:	187	
25171:	187	
25216:	540	
25226:	32	
25253:	468	
25263:	52	
25264:	52	
25270:	423	
25279:	128	335	
25295:	311	351	520	
25296:	311	
25301:	60	132	134	239	288	312	376	451	482	491	
25374:	378	
25375:	378	
25377:	378	
25381:	94	134	417	423	451	10552	
25392:	451	
25403:	30	42	121	193	
25409:	4	60	73	76	78	110	115	125	153	161	223	226	232	233	264	282	283	343	346	348	373	433	435	436	441	473	476	480	484	502	535	588	589	
25411:	4	73	76	78	110	115	125	153	161	223	226	232	233	264	282	283	343	346	348	373	433	435	436	441	473	476	480	484	502	588	589	
25419:	388	
25435:	330	
25445:	563	
25447:	55	135	
25451:	13	172	271	307	423	564	
25467:	293	
25616:	440	
25688:	393	
25706:	378	
25707:	378	
25727:	172	
25777:	384	483	10525	
25781:	105	
25793:	199	
25821:	670	
25905:	8	
25907:	172	
25930:	486	
25934:	101	388	575	
25949:	427	486	
25962:	601	
25963:	475	
25977:	32	66	125	127	128	187	224	231	246	291	383	411	456	489	502	509	522	591	597	10562	
25978:	32	66	127	187	246	291	383	411	456	489	502	509	522	591	597	10562	
26013:	188	
26025:	200	
26046:	200	435	
26050:	435	
26069:	330	
26097:	598	
26098:	598	
26128:	187	
26153:	37	169	200	304	497	
26239:	186	
26240:	186	
26278:	169	382	
26280:	382	
26328:	586	
26344:	107	
26374:	122	
26421:	279	
26437:	69	10537	
26504:	158	405	410	437	570	10525	
26506:	158	
26512:	410	
26534:	55	60	65	72	104	113	210	221	264	346	389	410	480	593	605	611	613	10580	
26535:	410	
26548:	55	72	221	264	389	410	480	605	
26550:	65	
26565:	587	
26568:	153	205	221	238	
26571:	28	55	65	72	76	84	91	99	110	121	143	193	194	196	201	205	210	218	221	226	257	288	292	298	345	347	350	352	376	383	409	427	469	470	471	475	477	482	484	486	508	520	539	542	570	577	587	588	605	10522	
26572:	28	194	226	257	288	383	427	471	482	539	587	588	10522	
26573:	471	
26642:	153	154	
26652:	3	416	
26658:	439	
26684:	10559	
26698:	563	
26702:	563	
26703:	563	
26704:	60	563	
26705:	60	563	
26706:	563	
26707:	563	
26709:	83	
26710:	83	
26717:	563	
26730:	52	
26737:	685	
26754:	234	
26756:	202	
26806:	288	
26808:	216	
26809:	468	
26811:	138	
26832:	436	
26851:	94	187	
26853:	563	
26873:	519	
26876:	84	
26886:	129	
26928:	670	
27018:	381	
27054:	10561	
27062:	483	
27064:	357	501	
27066:	138	
27071:	169	
27089:	94	
27093:	94	
27139:	405	
27174:	10582	
27176:	188	405	
27177:	405	
27215:	563	
27248:	508	
27258:	80	
27273:	401	
27275:	169	172	224	266	288	347	473	517	576	10523	
27277:	517	
27284:	610	
27291:	181	
27295:	576	
27296:	210	347	10552	
27298:	347	
27316:	137	285	
27408:	10561	
27418:	188	
27450:	501	
27459:	10536	
27496:	708	
27558:	3	
27584:	391	
27585:	401	
27603:	610	
27607:	205	570	
27608:	205	570	
27617:	121	
27631:	552	
27637:	158	576	
27660:	211	
27672:	509	610	
27675:	13	52	234	302	318	330	391	451	464	536	546	610	
27681:	234	546	
27715:	445	
27736:	7	8	31	38	41	42	46	57	77	92	140	142	145	173	187	222	227	230	256	261	265	268	275	279	281	286	294	300	307	309	313	430	438	452	487	489	514	518	533	543	550	556	558	571	590	598	606	622	623	650	666	10526	10529	10548	10557	10577	
27742:	483	
27749:	507	
27750:	21	
27757:	483	
27768:	193	209	314	336	370	385	10534	10567	
27786:	28	65	288	383	436	470	484	485	539	
27787:	436	
27792:	174	
27799:	70	91	141	158	266	344	346	349	351	355	356	409	411	417	423	520	585	10544	10572	
27800:	411	
27804:	91	
27853:	58	
27857:	58	
27863:	65	
27865:	65	94	542	
27866:	65	542	
27875:	65	542	
27879:	121	247	10546	
27882:	58	
27883:	58	
27884:	58	
27885:	58	
27897:	408	10535	
27898:	599	610	
27903:	32	194	288	471	475	539	587	10552	
27906:	470	471	486	
27907:	470	
27911:	10545	
27920:	13	18	90	129	163	183	194	198	234	271	311	318	358	378	419	461	517	546	584	592	595	10564	
27922:	4	30	32	40	55	65	70	72	73	76	78	91	99	103	104	110	115	125	127	128	129	141	153	161	170	174	189	194	196	201	210	215	221	223	224	226	232	233	238	264	282	283	304	308	315	319	343	344	345	346	347	348	349	350	351	352	353	354	355	356	373	380	389	409	410	411	412	428	433	434	435	436	441	469	471	473	476	477	480	484	485	502	508	512	520	535	539	542	553	577	588	589	605	10522	10523	10525	10544	10572	
27923:	55	72	110	128	201	215	347	350	352	355	469	577	589	605	10522	
27924:	4	70	78	91	104	115	127	153	221	223	233	264	304	308	319	344	346	347	348	349	355	373	389	410	411	436	473	477	480	502	508	512	535	539	577	588	605	10522	10544	10572	
27925:	55	72	76	91	110	201	210	221	345	350	352	409	469	477	484	520	577	605	10522	
27935:	123	169	
27936:	65	70	91	125	141	169	308	349	351	355	356	389	395	396	409	411	10544	10572	
27951:	36	187	
27960:	60	234	564	
27976:	253	493	10533	10535	10561	
27983:	151	
27986:	4	73	161	
27987:	94	121	322	335	456	570	584	610	
27995:	347	
27996:	347	
27999:	501	517	586	10525	
28000:	10534	
28002:	288	
28008:	567	
28016:	134	311	491	
28033:	186	
28039:	65	288	451	482	491	
28040:	482	
28049:	20	244	
28050:	163	176	419	461	582	628	
28051:	94	
28052:	592	595	
28053:	108	314	404	437	10534	
28054:	461	
28055:	413	
28059:	595	
28060:	246	
28061:	20	23	74	77	94	121	154	163	176	183	253	289	295	332	361	405	408	419	421	437	446	456	460	461	544	554	572	582	595	610	620	628	
28062:	460	
28063:	74	446	461	
28064:	253	461	
28065:	421	461	572	582	
28066:	253	
28068:	461	
28069:	582	
28070:	88	
28071:	582	
28072:	20	163	176	246	253	288	292	404	419	420	437	482	592	595	610	10527	
28074:	420	592	595	
28075:	595	
28076:	129	582	
28077:	99	127	169	232	233	436	
28091:	65	72	121	
28097:	2	108	109	209	314	385	404	450	593	10534	10567	10573	
28098:	63	107	108	188	199	204	209	213	330	336	364	381	385	404	425	450	510	593	10532	10541	10567	10573	
28102:	65	
28110:	10572	
28118:	10525	
28119:	10535	
28129:	10552	
28130:	65	
28133:	45	
28138:	557	
28169:	354	
28170:	354	
28178:	6	9	10	13	37	84	106	121	205	273	300	327	370	407	451	456	499	516	568	586	610	622	630	631	632	633	634	635	636	670	684	10558	10566	10568	
28179:	37	106	451	
28181:	121	205	
28182:	121	630	631	632	633	634	635	636	670	684	
28186:	205	261	381	383	570	10580	
28187:	205	261	381	383	570	10580	
28190:	379	493	529	670	10535	
28193:	8	9	48	74	89	94	123	154	174	207	208	209	277	284	327	339	385	392	408	523	540	544	584	10529	
28194:	277	523	
28198:	288	351	482	517	
28201:	597	
28204:	670	
28208:	670	
28213:	134	355	409	451	480	
28218:	355	409	
28242:	99	519	
28244:	99	
28245:	99	
28249:	99	
28279:	289	
28283:	670	
28318:	203	
28353:	401	
28356:	540	666	
28366:	483	
28368:	483	
28369:	483	
28370:	483	
28373:	483	
28399:	354	
28443:	451	520	
28445:	189	
28447:	189	
28450:	189	
28470:	13	37	198	266	271	302	537	546	564	584	10523	
28473:	546	
28476:	564	
28485:	181	
28510:	395	
28539:	87	189	222	457	487	522	10525	10572	10577	
28542:	10572	
28557:	158	239	293	338	528	10576	
28567:	270	618	10576	
28583:	547	
28616:	169	284	506	
28623:	568	
28642:	58	91	215	218	224	246	256	273	311	346	351	356	388	451	461	497	503	522	570	604	649	10523	10567	
28645:	604	
28646:	215	10523	
28648:	461	
28655:	60	134	335	451	
28656:	60	134	
28661:	133	174	234	319	345	388	485	501	517	563	10558	
28665:	501	
28666:	563	
28668:	35	73	105	121	126	128	151	154	162	169	172	181	193	221	234	271	316	350	358	456	517	530	531	538	547	576	
28685:	119	464	
28690:	52	
28692:	22	347	
28700:	271	
28772:	119	
28798:	401	
28806:	43	430	453	467	611	10522	10547	
28823:	395	
28849:	674	
28855:	88	
28863:	272	468	
28893:	10525	
28894:	10525	
28925:	575	
28949:	519	
28952:	435	
28987:	547	
28996:	547	
29001:	547	
29017:	547	
29030:	547	
29085:	468	
29091:	101	133	137	151	216	517	
29138:	537	
29139:	537	
29159:	60	134	388	410	451	482	542	611	10523	10572	
29200:	193	
29201:	28	427	471	
29228:	598	
29265:	22	242	
29271:	242	
29288:	99	
29331:	330	418	563	
29343:	10569	
29353:	251	
29382:	547	
29402:	563	
29428:	364	
29496:	266	356	411	417	423	10544	
29536:	138	
29551:	384	
29570:	73	
29613:	60	
29674:	383	
29726:	342	
29738:	423	
29741:	10547	
29770:	401	
29782:	358	
29797:	108	
29810:	123	392	
29811:	10574	10575	
29820:	547	
29856:	10553	
29872:	234	
29917:	321	
29932:	162	372	
30016:	181	
30025:	242	
30032:	234	380	402	423	537	10525	
30036:	273	278	
30061:	268	
30068:	405	
30190:	57	290	291	
30201:	234	
30327:	242	
30419:	107	
30437:	563	
30546:	519	
30559:	10561	
30603:	300	
30752:	23	
30773:	60	575	
30808:	10539	
30818:	8	134	193	266	284	575	586	10576	10583	
30835:	105	
30902:	462	
31001:	152	
31019:	121	128	147	169	172	173	193	198	212	234	271	291	302	331	391	402	419	437	451	456	461	534	546	553	616	617	10547	10549	
31020:	173	
31021:	128	147	169	172	193	198	234	291	419	451	461	534	10547	
31022:	147	169	172	193	198	234	291	419	451	461	534	10547	
31037:	451	
31068:	391	
31074:	10574	10575	
31082:	575	
31098:	522	
31115:	22	
31116:	393	
31117:	39	281	501	10579	
31119:	2	3	36	37	39	46	66	79	87	96	102	121	142	160	187	206	208	209	211	213	222	227	265	277	279	307	309	313	321	404	438	446	452	487	489	541	559	571	593	666	670	10530	10539	10548	10556	10563	
31123:	401	
31236:	181	
31241:	10542	
31243:	70	
31255:	697	
31274:	519	
31276:	519	
31297:	98	
31316:	58	
31336:	49	
31413:	273	10525	
31471:	10561	
31509:	148	151	388	
31570:	181	198	234	392	432	435	528	534	538	568	
31571:	435	
31605:	293	423	
31636:	518	
31670:	611	
31671:	10583	
31725:	502	
31756:	568	
31765:	295	554	568	
31766:	94	
31789:	94	
31823:	74	213	339	446	450	10543	10546	
31845:	188	
31846:	188	
31849:	94	174	234	284	384	388	
31852:	388	
31892:	401	
31945:	108	
31971:	104	501	528	564	10547	
31995:	137	169	315	388	417	423	517	523	528	10576	
31998:	423	
32015:	154	
32017:	391	
32022:	391	
32043:	36	38	66	142	187	294	452	10562	
32048:	373	
32056:	10552	
32059:	311	423	
32087:	247	
32088:	261	
32092:	10574	10575	
32105:	65	604	
32109:	485	
32125:	128	147	423	
32136:	40	42	174	226	347	396	402	423	
32171:	10	72	94	103	104	169	189	198	211	304	344	568	589	618	619	677	10521	10574	10575	
32180:	482	
32181:	92	
32182:	113	347	508	
32214:	618	
32215:	618	
32235:	430	
32275:	699	701	
32295:	10571	
32314:	226	232	
32367:	519	
32421:	211	
32430:	401	
32464:	439	
32623:	547	
32630:	155	
32637:	349	
32671:	384	
32679:	468	
32682:	508	
32699:	388	
32703:	72	612	
32716:	423	
32739:	37	153	
32763:	405	
32765:	48	89	552	573	594	10552	
32792:	373	388	473	
32799:	578	
32814:	457	
32819:	10525	
32832:	161	
32839:	113	613	
32844:	388	
32845:	388	
32851:	508	
32904:	578	
32908:	33	430	
32909:	64	
32935:	401	
33007:	523	
33015:	292	
33085:	707	
33089:	707	
33157:	58	
33193:	122	
33194:	122	
33201:	439	464	10560	
33205:	439	464	
33216:	162	172	517	
33218:	564	
33240:	188	
33243:	247	10565	
33251:	65	
33252:	65	
33275:	10565	
33279:	338	
33318:	603	
33338:	162	436	
33355:	685	
33385:	566	
33418:	313	10530	
33422:	10561	
33425:	10561	
