24:	386	
25:	63	240	424	
28:	134	
29:	52	275	
32:	352	
42:	163	
44:	46	281	282	290	
61:	282	404	1370	1426	
73:	306	
98:	162	
102:	279	
119:	58	
148:	1347	
154:	345	1314	
187:	1370	
189:	234	
190:	234	
222:	166	
223:	355	
302:	173	176	348	1398	
350:	37	39	68	69	76	78	79	82	86	92	98	103	108	109	116	125	126	127	134	141	143	145	166	179	181	184	185	199	220	226	231	245	254	255	261	264	277	301	330	331	347	350	351	373	376	379	398	399	407	409	415	425	1315	1322	1325	1345	1353	1358	1370	1371	1373	1376	1379	1389	1390	1394	1403	1409	1420	1423	1424	1448	
375:	34	48	96	159	166	377	1445	
377:	1360	
382:	331	1448	
408:	301	
423:	36	196	238	347	352	354	377	
428:	36	
434:	417	
446:	281	
450:	46	67	80	107	166	198	201	275	277	281	289	309	311	316	319	324	356	364	382	389	390	401	405	407	420	427	1323	1354	1359	1367	1372	1383	1405	1407	1413	1416	1429	1431	1434	1444	
456:	319	
459:	67	
492:	1379	
507:	92	196	
555:	238	
591:	1377	1432	
595:	356	
622:	1365	
641:	134	188	195	306	341	
643:	341	
706:	362	430	1331	1352	1361	1363	1365	1383	1392	1393	1402	1425	1429	1437	
720:	331	
733:	312	
793:	67	
834:	430	
836:	430	
838:	430	
851:	85	131	133	138	207	231	263	318	434	1315	1382	1384	1447	
869:	43	88	101	135	144	151	175	196	202	238	241	257	303	317	321	323	327	339	389	416	
874:	88	151	196	257	327	416	
875:	175	238	303	317	321	
877:	317	
902:	424	
1047:	46	
1058:	1349	
1097:	43	44	175	251	303	333	
1127:	407	
1156:	86	
1180:	152	
1189:	151	
1207:	296	
1229:	281	
1261:	1341	
1264:	189	
1273:	1316	
1295:	234	
1296:	310	
1347:	37	
1394:	207	
1402:	348	
1404:	363	1418	
1472:	260	
1495:	204	
1507:	1419	
1520:	79	169	175	211	355	
1524:	1384	
1529:	207	
1586:	401	
1624:	156	1382	
1637:	60	107	127	277	316	371	407	425	1334	1347	1371	1381	
1642:	107	127	277	316	371	425	1347	
1646:	407	
1650:	231	
1653:	61	68	143	155	208	220	248	268	319	326	336	354	398	431	1363	1365	1382	1399	1416	1417	1421	
1656:	319	
1673:	1373	
1702:	141	208	307	347	363	398	1423	
1711:	45	79	146	156	175	189	263	397	1367	1373	1376	1419	1428	1448	
1725:	1419	
1726:	1373	
1736:	424	
1797:	224	
1833:	99	
1834:	99	
1838:	108	
1846:	1365	
1868:	226	1394	
1891:	1411	1430	
1901:	78	166	197	199	234	275	284	293	427	1318	
1904:	195	234	
1915:	341	
1934:	137	
1985:	166	
1986:	258	429	
1987:	159	364	
1998:	374	
2012:	1404	
2024:	51	258	282	301	425	429	1334	
2032:	134	241	
2033:	127	316	407	425	
2035:	258	
2036:	258	
2085:	134	379	
2088:	60	1373	1448	
2095:	1373	
2100:	60	
2108:	303	319	
2110:	1384	
2124:	111	163	1321	1354	1365	1375	1387	1398	
2130:	211	247	1394	1397	1403	1438	
2242:	322	
2256:	1433	
2282:	60	103	112	126	143	331	373	374	1342	1374	1448	
2284:	60	1342	
2295:	238	
2297:	363	434	1365	1366	
2298:	434	
2299:	1365	
2355:	1323	1325	1359	1367	1368	1371	1372	1405	1413	1434	1444	
2363:	58	77	94	111	160	161	163	173	254	256	264	270	293	302	326	332	345	355	362	382	401	405	420	422	430	1314	1320	1321	1323	1327	1328	1329	1330	1331	1333	1335	1336	1337	1338	1340	1342	1343	1348	1349	1350	1351	1352	1354	1356	1357	1359	1360	1362	1363	1364	1365	1367	1370	1371	1372	1374	1375	1378	1379	1380	1383	1385	1386	1387	1389	1390	1392	1393	1394	1395	1397	1398	1402	1405	1408	1409	1411	1412	1413	1414	1415	1417	1420	1421	1422	1423	1424	1425	1426	1427	1428	1429	1431	1434	1436	1437	1438	1439	1440	1441	1444	1445	1446	1449	
2364:	405	1323	1354	1359	1367	1372	1383	1405	1413	1429	1434	1444	
2365:	58	
2366:	37	346	
2369:	346	
2378:	245	424	
2390:	188	429	
2403:	134	
2419:	134	
2433:	407	
2479:	269	
2489:	175	373	
2492:	35	
2519:	73	82	124	143	231	240	275	355	374	397	1315	1324	1350	1356	1418	1421	1435	
2581:	84	248	288	289	310	317	
2593:	430	
2605:	1437	
2629:	1360	
2645:	382	1347	1360	1426	
2646:	382	1347	1426	
2674:	207	
2675:	207	
2685:	118	260	
2816:	37	41	53	57	61	69	94	99	106	109	112	118	141	161	249	256	260	345	379	410	425	427	1328	1337	1342	1365	1374	1383	1395	1402	1403	1409	1420	1424	1440	1444	1446	1448	1449	
2835:	118	260	1383	
2873:	67	264	1370	1379	1390	
2879:	81	434	
2886:	184	
2894:	327	
2896:	180	184	207	
2902:	398	
2923:	149	
2924:	149	
2991:	347	
2992:	281	
3030:	207	
3033:	166	
3044:	89	
3056:	46	50	55	89	101	110	120	146	202	255	397	
3080:	107	127	1440	
3087:	1385	1425	
3093:	127	401	434	
3110:	1415	
3115:	288	
3127:	82	211	1381	
3131:	175	1419	
3132:	175	
3181:	1318	
3237:	45	53	61	68	73	79	80	88	92	96	97	99	101	105	107	116	117	118	120	131	134	135	137	142	144	149	151	152	169	175	180	186	198	199	202	204	220	222	227	236	255	256	260	263	290	296	313	314	316	322	328	333	344	351	363	371	374	390	401	402	417	425	427	434	1336	1344	1381	1391	1396	1406	1416	1418	1430	1432	1449	
3238:	135	
3246:	313	
3247:	107	
3251:	220	
3254:	316	
3256:	175	
3310:	88	402	
3321:	97	106	108	264	427	1316	1321	1331	1341	1397	1404	
3367:	1415	
3381:	37	40	51	52	205	241	312	348	382	425	1419	
3390:	328	344	402	
3396:	62	227	
3401:	386	
3408:	1423	
3410:	201	323	
3420:	169	1333	
3424:	224	288	308	1391	
3425:	141	160	161	257	309	354	1384	1403	1423	1438	
3448:	1372	
3470:	195	330	348	421	1381	
3492:	111	208	211	240	247	251	282	289	401	1329	1347	1360	1362	1369	1370	1371	1376	1379	1390	1426	1438	1448	
3501:	350	
3524:	1357	1366	
3547:	1428	
3613:	319	
3665:	226	
3666:	226	
3673:	124	
3741:	63	73	175	196	226	228	235	269	275	309	317	347	401	429	1389	1425	1428	
3750:	31	313	
3791:	117	159	161	202	238	255	266	311	420	
3792:	159	161	
3793:	202	255	
3812:	375	
3830:	195	207	
3841:	207	
3888:	134	
4098:	311	
4165:	180	184	207	
4179:	207	
4334:	39	
4351:	99	118	260	408	1383	
4405:	1415	
4453:	386	1431	
4484:	1446	
4495:	312	
4575:	52	84	238	247	282	1341	1379	
4599:	1373	
4619:	54	
4638:	303	1341	
4639:	1318	1340	1350	1426	
4680:	401	420	
4681:	401	420	
4691:	1448	
4693:	36	
4715:	290	386	
4721:	111	303	
4732:	1384	
4747:	1349	
4772:	332	336	
4778:	99	
4807:	104	144	146	164	241	
4818:	137	263	290	330	386	401	
4846:	51	241	
4855:	301	322	1367	
4857:	407	
4860:	85	86	88	95	105	114	117	133	138	202	255	266	275	
4861:	95	
4862:	85	86	114	133	138	202	255	275	
4880:	196	389	
4891:	38	43	44	47	61	68	74	84	93	137	147	153	155	162	178	183	187	202	208	213	222	224	227	228	236	238	248	267	275	307	309	310	321	328	330	336	344	346	354	366	400	402	406	424	1317	1391	
4892:	202	
4893:	208	309	
4894:	61	74	93	137	155	183	187	208	222	224	227	267	328	344	354	400	402	406	1391	
4901:	1419	
4902:	36	43	44	61	74	84	93	137	153	155	162	178	183	208	213	222	227	233	236	238	245	247	248	309	328	344	354	400	402	406	424	1391	
4907:	61	74	93	137	155	162	183	227	233	236	328	344	402	406	
4908:	208	236	
4911:	211	
4925:	1344	1396	
4973:	104	107	159	166	415	
4976:	261	
5020:	407	
5025:	105	276	412	1443	
5068:	46	311	
5206:	246	
5227:	331	
5261:	1362	
5270:	207	1348	1366	
5310:	275	
5315:	310	
5407:	343	
5427:	38	
5462:	95	
5491:	364	
5503:	55	86	90	121	142	164	276	1443	
5514:	1360	
5536:	55	68	104	105	120	131	135	141	151	178	196	205	256	257	314	317	347	352	409	416	1335	1381	1443	
5537:	68	131	135	151	178	196	205	256	257	314	317	347	352	409	416	1335	1381	
5605:	38	
5641:	1388	
5653:	46	50	245	306	339	
5658:	67	417	1316	
5732:	48	159	398	434	
5750:	427	
5760:	301	
5801:	202	208	245	306	307	313	344	402	
5802:	306	
5803:	306	
5804:	313	
5805:	344	402	
5850:	1373	
5885:	420	
5888:	261	
5918:	109	189	
5920:	37	118	262	1373	1376	
5934:	356	375	
6005:	1448	
6027:	40	84	135	235	255	307	310	311	313	348	403	1328	
6048:	275	
6049:	275	
6057:	421	
6118:	36	
6130:	398	
6142:	55	85	86	88	89	90	101	102	104	105	110	114	116	117	120	121	133	138	142	150	164	202	255	266	276	284	327	372	412	413	414	415	1443	
6174:	348	
6181:	37	
6254:	373	
6272:	352	
6273:	263	352	410	1381	
6277:	1323	
6279:	1323	
6281:	347	363	398	1361	1426	1447	
6341:	94	106	256	287	326	327	1321	1323	1329	1333	1338	1344	1352	1356	1364	1365	1367	1368	1372	1374	1376	1386	1393	1394	1405	1415	1416	1418	1429	1434	1438	1439	1441	1442	
6342:	94	256	326	1323	1329	1333	1338	1352	1356	1364	1365	1367	1372	1374	1393	1405	1434	1438	1439	1441	
6382:	331	
6390:	336	382	
6391:	336	
6426:	60	
6483:	301	390	425	
6490:	207	
6518:	343	
6543:	134	
6545:	1318	
6568:	48	208	241	
6573:	77	94	160	161	173	293	326	430	1318	1321	1327	1328	1330	1338	1340	1350	1356	1365	1375	1383	1385	1386	1387	1392	1393	1394	1395	1397	1407	1424	1425	1426	1431	1446	
6592:	1316	
6596:	1373	1448	
6618:	134	
6628:	207	
6706:	318	
6717:	153	
6720:	153	
6733:	312	
6763:	238	
6778:	1449	
6789:	195	260	408	
6790:	417	
6794:	364	
6856:	137	187	228	
6918:	51	
6921:	169	
6979:	254	
7037:	261	
7046:	1438	
7085:	1435	
7087:	53	160	264	397	1334	1371	1416	1427	
7094:	1416	
7106:	394	
7116:	103	126	255	310	424	1403	1426	1449	
7151:	79	1408	1419	
7166:	146	
7205:	1393	
7209:	310	
7246:	288	
7251:	264	
7276:	54	73	189	374	1418	
7306:	141	208	1397	1426	
7343:	37	
7394:	356	
7415:	95	
7417:	95	
7530:	1316	
7539:	307	310	313	
7547:	54	98	197	
7578:	51	
7588:	238	407	421	
7637:	145	310	
7640:	331	
7684:	331	
7721:	224	
7724:	51	
7733:	301	390	407	
7741:	268	
7778:	40	103	208	301	375	382	401	417	421	424	1448	
7780:	103	
7783:	424	
7792:	401	421	
7798:	417	
7818:	424	
7833:	330	
7839:	61	188	213	234	238	248	257	269	306	313	352	408	417	1364	1425	1436	
7854:	47	
7946:	1429	
7956:	289	
7983:	73	
7986:	43	113	147	155	208	227	228	248	279	288	307	308	310	313	354	375	1391	
7988:	227	290	
7990:	107	117	159	166	415	
7993:	80	142	169	207	412	1316	1388	1443	
7997:	1367	
8002:	1389	
8004:	1367	
8006:	111	163	303	319	343	1341	1351	
8013:	204	241	324	
8031:	318	1316	1319	
8066:	1382	
8087:	397	
8095:	1429	
8098:	302	
8113:	51	407	
8183:	1433	
8197:	208	226	254	
8209:	1376	
8210:	1346	
8216:	106	151	196	256	257	307	375	416	1322	1443	
8235:	289	
8249:	431	
8257:	1384	
8271:	1448	
8343:	1317	
8403:	175	238	354	
8426:	1376	
8454:	77	163	173	1320	1328	1330	1331	1335	1338	1342	1367	1378	1385	1395	1409	1420	1421	1425	1426	1427	1439	1441	1445	1446	
8485:	400	
8503:	270	302	382	401	1380	1414	
8531:	58	204	303	326	345	1333	1356	1361	1366	1378	1381	1396	1401	1415	1418	1449	
8533:	204	
8665:	73	189	374	
8671:	77	
8677:	52	343	429	
8681:	1404	
8698:	169	207	221	318	417	1388	1447	
8731:	1409	1420	
8735:	1409	1420	
8745:	262	
8750:	1353	1404	
8771:	89	275	319	
8774:	241	
8803:	93	
8809:	232	
8852:	261	
8860:	149	166	401	
8861:	149	166	
8867:	1382	
8902:	137	
8916:	184	
8959:	117	
8973:	434	
9016:	251	
9029:	207	
9039:	189	
9041:	258	
9047:	204	
9084:	207	
9091:	107	166	1326	1383	
9092:	107	166	1326	1383	
9109:	50	
9110:	50	
9147:	134	341	
9196:	166	
9201:	166	364	1339	1366	1376	1383	1414	1416	1442	
9213:	241	348	
9237:	407	
9239:	264	407	
9262:	116	
9274:	104	116	164	
9286:	104	164	
9287:	55	89	104	133	255	
9288:	55	89	104	133	255	
9353:	121	341	
9355:	238	
9378:	147	
9431:	146	
9436:	1344	
9438:	336	
9439:	147	
9462:	224	
9502:	324	
9503:	324	
9522:	1448	
9541:	46	79	82	125	134	146	156	157	175	179	185	198	201	205	211	231	240	318	375	404	417	1315	1358	1399	1447	
9546:	157	
9547:	125	201	417	
9584:	1434	
9606:	424	
9610:	81	226	259	263	309	346	352	363	373	1415	
9616:	1384	
9639:	118	363	
9652:	417	
9663:	245	
9670:	290	
9685:	99	
9737:	420	
9745:	397	
9767:	258	397	
9806:	73	86	430	1409	1420	
9812:	86	
9841:	61	
9847:	146	
9892:	420	
9893:	41	
9894:	303	
9921:	45	80	152	176	186	235	263	314	351	394	1384	1419	1432	
9937:	1377	
9994:	254	
10038:	1404	
10049:	48	84	110	163	175	201	207	238	241	251	254	289	301	303	318	319	333	336	348	350	356	364	377	389	390	401	417	421	429	1325	1328	1351	1366	1382	1392	1398	1416	1447	
10051:	1351	1392	1398	
10052:	48	84	110	175	201	241	251	289	301	318	348	356	364	377	389	390	401	421	429	1366	1382	1447	
10053:	48	84	110	175	241	251	289	301	318	348	356	364	377	389	390	401	421	429	1366	1382	1447	
10054:	1341	
10061:	35	46	50	51	52	112	204	221	241	275	281	289	290	306	311	343	356	386	427	1318	1332	1344	1353	
10066:	1431	
10102:	336	
10110:	1401	
10144:	112	
10150:	112	336	
10179:	60	331	1394	
10225:	127	336	343	397	1341	1344	
10226:	127	
10254:	58	63	103	126	143	166	254	348	401	417	1341	1361	1408	
10257:	58	63	166	254	348	417	1341	
10263:	108	434	
10277:	106	
10325:	125	166	201	262	282	
10345:	39	319	
10380:	195	326	1336	
10440:	427	
10448:	244	
10469:	374	
10507:	73	
10558:	374	
10561:	1401	
10620:	1375	
10621:	184	401	421	
10622:	401	
10629:	45	101	151	202	
10630:	151	202	
10644:	261	1353	1404	
10645:	123	
10669:	379	
10670:	379	
10689:	227	
10717:	430	
10720:	430	
10730:	46	
10749:	309	341	
10752:	93	120	311	
10754:	189	
10759:	270	1380	
10770:	39	43	55	62	71	73	76	79	81	84	85	86	88	89	90	92	101	102	104	105	110	114	116	117	119	120	121	122	126	131	133	138	142	146	150	151	158	164	168	180	181	188	189	199	202	207	244	245	255	266	269	276	284	296	327	330	351	352	372	394	409	412	413	414	415	1335	1345	1381	1443	
10780:	315	
10788:	315	
10789:	44	403	
10792:	311	
10793:	336	
10803:	164	
10806:	394	
10816:	153	180	238	281	310	346	354	
10826:	73	
10847:	204	
10853:	281	
10854:	281	
10860:	113	202	313	431	1317	
10883:	103	422	
10928:	319	
10935:	137	288	
10947:	324	
10955:	147	
10997:	1447	
11008:	61	
11009:	290	386	
11012:	137	1369	
11035:	332	
11038:	166	
11039:	166	
11056:	401	
11065:	348	
11104:	1391	
11171:	195	1400	
11172:	195	
11177:	401	407	425	1337	1419	
11181:	407	425	1419	
11195:	339	386	1322	1344	1396	1448	
11206:	226	
11227:	1419	
11308:	124	
11322:	241	275	348	1446	
11356:	1375	
11369:	415	
11393:	152	235	1419	
11409:	1384	
11460:	207	
11503:	60	96	127	1381	
11552:	417	
11610:	35	46	51	73	76	79	94	103	107	108	109	116	125	126	127	143	145	146	156	168	175	176	179	180	184	185	187	189	198	205	207	238	248	258	261	268	269	277	296	307	310	314	316	354	363	371	373	374	376	377	398	399	404	417	423	425	427	429	434	1325	1344	1346	1347	1353	1358	1363	1399	1400	1403	1404	1417	1421	1424	1427	
11624:	92	
11670:	1418	
11671:	1418	
11674:	107	277	356	
11680:	415	
11686:	1413	
11687:	1413	
11694:	149	
11706:	113	137	352	
11735:	1318	
11745:	153	
11746:	153	
11782:	46	104	146	
11808:	149	
11809:	149	
11901:	238	
12016:	429	
12075:	141	
12076:	42	
12091:	67	
12100:	106	345	
12122:	244	
12138:	1341	
12142:	356	
12155:	196	
12195:	1320	
12239:	420	
12242:	164	
12246:	113	
12252:	51	
12265:	1354	
12284:	290	
12304:	46	1438	
12306:	1438	
12325:	201	
12360:	201	262	
12378:	125	
12399:	101	198	202	307	310	
12400:	101	198	202	307	310	
12404:	204	
12413:	95	153	234	
12433:	95	
12436:	95	
12454:	166	
12609:	1340	
12615:	111	
12649:	275	
12650:	84	93	147	183	228	241	275	279	308	321	328	406	1391	
12684:	322	
12714:	268	
12758:	124	
12776:	1448	
12785:	303	1341	
12787:	51	
12795:	331	
12816:	1319	
12918:	43	147	1415	
12925:	331	
12933:	430	
12950:	134	195	341	408	
12962:	36	187	238	248	309	
12974:	401	420	1434	
12979:	124	
13027:	1319	1382	
13028:	1319	
13093:	204	
13113:	55	122	126	133	142	158	168	228	412	1443	
13127:	207	
13136:	407	1418	
13153:	1422	
13180:	331	
13188:	52	92	258	261	
13192:	434	
13199:	51	1318	
13200:	104	1349	
13202:	51	258	281	287	302	
13206:	261	
13214:	1400	
13215:	173	1367	1385	1395	
13216:	377	
13218:	377	
13221:	195	401	
13226:	1384	
13249:	375	
13339:	1430	
13340:	1430	
13359:	40	45	81	131	152	175	176	186	207	235	256	263	310	314	330	350	351	363	1388	1399	1403	1410	1419	
13365:	40	45	81	131	152	186	207	235	256	263	314	330	351	363	1399	1403	1410	1419	
13370:	152	175	
13374:	175	
13376:	124	
13380:	175	176	263	350	1399	1400	1403	1432	
13381:	1403	1432	
13394:	213	
13408:	1384	
13423:	169	189	
13439:	425	
13522:	134	201	220	221	232	241	248	253	1319	
13525:	42	226	245	282	421	425	1334	1379	1383	1390	1394	1399	1416	1421	1424	1448	
13530:	1334	
13534:	226	
13538:	245	
13553:	111	275	303	1341	1349	1378	
13581:	166	
13588:	111	
13664:	1377	
13686:	260	1364	
13701:	99	
13752:	314	
13770:	415	
13907:	1382	
13912:	261	
13921:	303	
13922:	303	
13966:	1376	
13969:	1376	
14022:	259	330	
14055:	40	53	76	79	92	93	96	98	126	144	145	176	183	196	197	198	199	228	236	245	287	333	350	371	379	399	416	427	1324	1343	1345	1406	1432	
14080:	50	
14112:	37	
14114:	241	
14121:	79	1379	1390	
14130:	151	406	
14144:	313	
14159:	1316	
14195:	386	
14227:	46	104	146	
14249:	375	
14273:	60	
14274:	60	
14305:	107	1347	
14329:	312	
14331:	176	
14344:	1447	
14367:	289	311	397	1431	
14382:	37	348	429	
14395:	85	86	133	138	
14458:	245	
14471:	134	175	213	245	253	290	
14476:	375	1413	
14482:	1413	
14500:	1357	
14539:	92	249	314	
14542:	314	
14573:	1360	
14579:	1360	
14587:	289	
14601:	134	269	1345	1425	
14612:	1384	
14629:	159	196	268	375	424	431	1320	1447	
14630:	268	431	
14645:	1320	
14658:	169	
14659:	1431	
14663:	310	
14664:	310	
14697:	99	
14704:	88	151	196	257	327	416	
14720:	269	339	1383	1425	
14724:	430	
14728:	310	
14742:	1333	
14750:	303	
14754:	251	
14755:	164	207	
14788:	238	
14868:	34	69	73	96	123	149	189	241	275	281	333	343	348	371	1344	1410	1415	
14878:	69	123	293	348	1353	
14893:	141	263	
14894:	1403	
14902:	336	
14903:	336	
14909:	1369	
14910:	1418	
14915:	1381	
14919:	1384	
14958:	34	78	82	123	125	159	166	196	208	231	263	309	317	326	351	375	400	402	409	417	1315	1403	
14973:	375	
14977:	78	82	166	351	409	
14992:	34	82	231	417	1315	1438	
15018:	175	1426	
15039:	1376	
15044:	347	1366	
15064:	246	
15078:	260	
15139:	241	
15144:	45	185	238	240	255	258	261	263	348	410	1400	
15148:	303	
15150:	112	1360	
15177:	80	175	
15201:	95	
15222:	430	
15253:	397	
15254:	397	
15264:	375	389	
15267:	36	43	189	258	
15276:	261	310	319	405	
15280:	306	
15296:	201	417	1432	
15300:	289	
15315:	375	
15319:	61	155	197	328	1316	1336	1337	1340	1415	
15399:	149	
15407:	1345	
15498:	173	1340	1352	1446	
15499:	317	
15507:	399	
15520:	205	347	
15521:	205	347	
15549:	1373	
15571:	1373	
15612:	1407	
15626:	1325	
15638:	309	
15663:	419	
15702:	423	
15711:	175	1403	
15718:	175	
15751:	352	
15799:	45	341	386	
15818:	401	
15835:	427	
15844:	1378	
15873:	111	211	282	1329	1360	1369	1376	1426	1438	
15875:	77	86	93	109	120	142	145	188	198	228	231	266	268	296	311	322	379	1384	
15881:	34	60	79	82	99	103	107	108	109	126	127	134	141	143	159	161	176	185	187	220	249	264	282	286	288	333	371	373	376	397	401	407	410	424	1342	1363	1365	1366	1370	1371	1374	1379	1383	1390	1408	1416	1419	1426	1448	1449	
15890:	79	
15891:	407	
15897:	108	109	
15899:	1379	1390	
15904:	264	
15905:	107	
15916:	69	123	286	
15937:	1340	
16060:	1419	
16086:	41	86	123	134	151	204	221	241	266	275	341	343	372	408	413	1326	1335	1336	1374	1415	1424	1429	1435	
16121:	54	
16163:	1409	1420	
16167:	1373	1376	
16173:	1373	
16183:	1376	
16238:	427	
16251:	53	127	135	235	259	331	333	352	371	375	389	1389	1424	
16339:	127	1369	
16351:	1415	
16466:	434	
16493:	163	407	1351	1425	
16499:	45	263	
16500:	45	263	
16532:	1444	
16672:	1376	
16720:	234	339	1383	
16733:	1448	
16843:	188	
16852:	113	1351	
16907:	37	
16921:	232	424	427	
16922:	427	
16923:	427	
16926:	284	
16927:	238	427	
16933:	238	
17022:	149	157	184	420	
17024:	36	310	
17076:	1376	
17104:	80	207	318	417	1316	1324	1382	
17106:	417	
17110:	417	
17143:	238	
17153:	429	
17154:	89	
17187:	1384	
17203:	241	
17215:	249	263	
17243:	54	226	
17246:	51	204	
17249:	37	
17286:	407	
17287:	407	
17288:	407	
17291:	1384	
17336:	424	
17354:	277	1347	
17359:	424	
17424:	311	
17429:	112	
17431:	153	
17433:	80	
17468:	113	197	281	348	
17474:	111	281	
17476:	1341	1418	
17481:	1415	
17489:	189	281	382	
17490:	281	
17501:	310	
17510:	149	281	
17514:	84	147	279	321	328	406	1317	
17569:	67	310	318	417	
17578:	407	
17663:	145	
17669:	145	
17765:	379	
17858:	282	
18041:	1373	
18065:	60	
18081:	431	
18175:	269	375	
18388:	281	
18446:	328	
18451:	1335	
18474:	407	
18637:	434	
18657:	143	159	263	309	310	350	352	379	389	410	427	434	1415	
18727:	352	
18768:	78	92	151	166	356	371	
18771:	371	
18790:	54	63	146	
18813:	205	
18843:	1341	
18877:	259	
18925:	36	
18932:	36	
18933:	36	
18952:	36	43	84	93	147	183	222	228	279	321	328	376	406	
18953:	43	
18954:	36	43	84	93	147	183	222	228	279	321	328	376	406	
18961:	51	118	162	260	263	288	417	1328	1335	
18995:	245	
19003:	1354	
19022:	1421	
19030:	1421	
19132:	73	112	1322	
19133:	112	
19137:	46	50	146	
19213:	1412	
19236:	141	286	
19262:	1399	
19269:	113	141	
19292:	196	
19293:	196	
19295:	427	
19297:	256	
19304:	34	35	37	39	40	42	43	45	46	51	52	53	54	55	60	62	63	65	68	69	71	73	76	78	79	80	81	82	84	85	86	88	89	90	92	93	96	97	98	99	101	102	103	104	105	107	108	109	110	114	116	117	118	119	120	121	122	124	125	126	127	131	133	135	138	141	142	143	144	145	146	149	150	151	152	153	156	158	159	160	164	166	168	169	175	176	178	179	180	181	184	185	186	188	189	195	196	197	198	199	202	205	207	211	220	221	226	231	234	235	240	241	244	245	247	249	251	255	256	257	258	259	260	261	263	266	268	269	275	276	277	281	282	284	286	287	289	290	293	296	301	302	312	314	317	318	319	321	322	323	324	326	327	330	333	343	345	347	348	350	351	352	363	364	371	372	373	374	376	377	379	382	386	394	397	398	399	401	404	407	408	409	410	412	413	414	415	416	417	420	423	425	427	429	431	434	1315	1316	1319	1322	1324	1328	1335	1336	1337	1340	1344	1345	1346	1347	1349	1353	1355	1357	1358	1362	1363	1374	1378	1381	1382	1388	1389	1396	1399	1403	1404	1406	1410	1418	1419	1423	1424	1429	1430	1432	1435	1439	1441	1443	1447	
19307:	73	323	413	
19309:	1443	
19310:	60	107	127	277	425	1347	
19311:	118	260	397	
19312:	34	53	55	78	82	89	99	102	109	122	135	151	159	166	181	184	257	260	266	287	330	347	352	371	410	412	1322	1396	1432	
19314:	80	
19316:	185	1404	
19319:	333	
19325:	69	232	427	
19327:	65	427	
19336:	429	
19338:	73	
19339:	416	
19356:	398	
19499:	188	
19506:	47	222	313	
19510:	31	36	43	44	68	84	113	147	153	155	178	208	213	227	228	238	248	279	288	306	307	308	310	313	321	346	354	375	400	402	403	424	431	1317	1391	
19511:	1391	
19512:	288	
19521:	1384	
19541:	1384	
19562:	275	1318	1350	1387	1431	
19566:	65	92	109	127	149	281	286	333	356	371	1410	
19579:	279	
19589:	84	93	147	183	228	275	279	308	321	328	406	1317	1391	
19590:	84	93	147	183	228	275	279	308	321	328	406	1391	
19603:	352	
19611:	159	204	420	
19624:	1385	
19660:	93	
19690:	1392	
19694:	390	
19706:	232	
19712:	1425	
19713:	1382	
19742:	127	
19743:	107	127	352	434	
19745:	143	
19752:	43	
19768:	1428	
19815:	1373	
19897:	306	
19909:	397	
19916:	382	
19917:	41	58	111	155	177	207	254	270	302	313	348	376	401	420	422	1318	1330	1333	1335	1341	1343	1369	1380	1389	1392	1401	1409	1420	1429	1436	1438	1449	
19918:	58	111	254	270	302	420	422	1330	1333	1335	1380	1392	1409	1420	1429	1436	1438	1449	
19929:	35	53	92	113	150	176	183	197	199	256	263	279	281	284	288	347	371	402	415	417	1347	1399	
19966:	306	
20017:	144	389	390	407	
20047:	1384	
20101:	39	63	93	248	336	339	417	1322	1357	
20119:	46	
20121:	95	113	
20136:	427	
20148:	372	
20214:	77	163	173	198	264	293	319	332	355	362	390	1318	1320	1335	1337	1357	1362	1374	1378	1385	1387	1402	1421	1425	1431	1435	1437	1440	1445	1446	
20216:	208	
20294:	134	
20369:	1335	
20376:	55	89	104	133	255	
20404:	111	145	163	231	318	356	1415	1446	
20439:	1440	
20450:	241	
20469:	147	303	
20473:	73	
20517:	1341	
20569:	224	
20573:	1415	
20584:	288	
20606:	293	1360	1375	1397	
20616:	37	412	
20634:	37	
20645:	208	424	
20649:	1366	
20650:	343	355	
20652:	314	
20653:	34	35	37	39	41	68	76	77	79	81	82	89	92	96	103	107	108	109	110	123	126	135	141	143	144	145	151	159	160	161	166	173	178	180	184	185	196	197	198	199	205	220	231	232	235	256	257	263	275	281	286	289	293	296	316	318	319	326	330	332	333	347	355	356	362	371	373	376	386	394	398	399	404	410	416	421	425	429	1315	1319	1324	1330	1336	1337	1342	1344	1356	1357	1363	1367	1389	1404	1406	1412	1416	1417	1424	1435	1439	1441	1444	1449	
20658:	51	63	169	287	306	324	356	1316	1324	
20659:	34	82	103	121	179	195	220	231	235	350	374	376	404	425	1430	
20660:	34	82	103	121	179	195	220	231	235	350	374	376	404	425	1430	
20662:	86	
20665:	377	
20679:	41	76	143	268	331	1357	
20700:	1448	
20705:	417	
20752:	67	
20855:	323	
20856:	424	
20865:	279	
20867:	67	
20876:	67	
20893:	51	143	185	374	1347	1361	1448	
20946:	1449	
21020:	37	254	262	1367	1373	1376	1448	
21022:	262	
21023:	262	
21038:	1330	
21041:	121	341	
21046:	175	
21056:	1354	
21063:	35	37	145	178	240	310	341	374	394	1368	1399	1421	1447	
21118:	399	
21119:	79	103	126	143	152	156	175	207	211	309	434	1364	1403	1419	
21216:	1411	
21254:	310	
21270:	68	118	205	330	347	363	398	1426	
21283:	1426	
21304:	118	
21320:	68	205	330	347	398	
21348:	36	95	124	153	208	236	
21359:	95	
21362:	95	
21438:	37	259	330	363	
21471:	68	79	92	196	213	290	330	397	1391	
21485:	92	330	
21501:	52	68	95	259	363	
21502:	52	95	
21568:	73	408	
21587:	121	341	
21588:	121	341	
21607:	248	306	313	
21611:	1391	
21616:	310	
21620:	248	
21622:	61	74	93	137	155	162	183	227	233	236	328	344	402	406	
21625:	207	
21629:	1359	
21631:	162	279	
21634:	343	386	1335	
21742:	1449	
21752:	345	1314	
21753:	1384	
21802:	331	
21817:	125	
21832:	73	179	423	1358	
21835:	281	
21856:	306	
21875:	125	166	201	282	
21883:	95	1417	
21888:	394	
21905:	257	
21931:	86	169	
21932:	166	201	
21941:	400	
21948:	1350	1351	1365	1378	1426	
21977:	134	331	
21979:	331	
21980:	331	
22016:	46	85	86	114	117	133	138	202	255	
22017:	85	86	114	133	138	202	255	
22063:	84	307	
22095:	1350	
22097:	1348	
22110:	169	
22125:	1384	
22126:	394	
22151:	1376	
22186:	303	
22210:	420	
22212:	201	1324	
22249:	394	
22300:	1449	
22305:	145	
22311:	424	
22322:	166	
22426:	54	
22433:	303	
22439:	412	
22494:	185	282	356	1367	
22502:	40	99	253	1394	
22532:	289	332	347	
22534:	131	186	351	
22579:	175	
22590:	99	
22629:	1323	
22713:	429	
22737:	52	65	69	92	109	123	149	176	241	263	281	348	350	410	1344	1353	1410	
22768:	40	73	363	
22783:	34	43	46	159	213	231	234	258	261	300	311	323	330	336	348	364	373	379	427	1399	
22786:	373	
22790:	207	
22832:	76	189	376	
22835:	310	
22837:	281	
22838:	288	
22840:	386	1415	1431	
22875:	401	
22876:	207	
22882:	382	
22884:	173	332	1340	1350	1375	1387	
22905:	356	
22906:	1346	
22952:	253	
23000:	41	58	106	111	160	161	177	256	264	270	293	302	326	345	348	355	362	390	405	422	430	1314	1321	1323	1325	1326	1327	1329	1331	1333	1335	1336	1338	1339	1340	1341	1343	1344	1348	1354	1355	1356	1359	1360	1361	1363	1364	1365	1366	1367	1368	1369	1370	1371	1372	1373	1374	1375	1376	1377	1378	1379	1380	1383	1385	1386	1390	1392	1394	1397	1398	1405	1408	1409	1411	1412	1413	1414	1415	1416	1417	1418	1420	1421	1422	1423	1426	1427	1429	1431	1434	1435	1436	1438	1439	1440	1441	1442	1444	1445	1449	
23001:	58	1333	1338	1354	1359	1376	1405	1418	1439	1441	
23023:	400	
23032:	62	258	264	
23056:	1367	
23087:	95	113	
23088:	95	
23094:	52	180	211	262	264	282	375	1384	1426	
23134:	289	
23145:	1394	
23182:	204	1315	
23192:	151	196	257	319	409	
23247:	79	175	1419	
23250:	1419	
23251:	1419	
23273:	339	
23275:	339	
23332:	241	
23368:	134	159	433	1399	
23384:	343	348	
23411:	79	96	205	208	293	333	399	
23435:	185	282	
23436:	185	
23443:	68	92	141	205	251	318	330	347	398	
23478:	311	
23513:	166	
23514:	166	
23521:	31	
23541:	238	
23546:	303	
23569:	1344	
23578:	54	92	197	202	258	281	377	
23579:	1376	
23637:	54	263	1408	
23692:	37	63	251	
23731:	90	113	
23733:	258	313	
23810:	51	69	73	79	103	121	145	185	189	238	258	263	352	374	1330	1352	1360	1395	1404	1421	1424	1427	1438	
23812:	79	
23828:	61	62	74	80	90	207	258	326	347	379	386	1338	1399	1444	1446	
23838:	50	336	
23849:	1447	
23862:	103	
23870:	434	
23910:	51	249	1341	
23939:	134	
23943:	254	
23953:	1384	
23954:	222	
24008:	1384	
24032:	1341	
24065:	262	
24068:	401	
24106:	261	319	
24110:	261	319	
24122:	261	319	
24343:	103	
24360:	141	1423	
24375:	173	1360	1375	1387	1418	
24377:	175	
24383:	1395	
24386:	39	51	73	114	151	183	224	255	256	258	266	281	289	344	402	408	1335	1366	
24387:	289	
24388:	289	
24407:	54	
24429:	63	189	
24443:	63	73	244	258	1347	1448	
24458:	1360	
24459:	1360	
24465:	185	232	247	1336	
24508:	145	296	
24518:	307	313	
24579:	1360	
24636:	40	46	68	135	146	240	300	354	410	1363	
24641:	354	
24667:	348	
24681:	85	86	88	105	120	133	138	145	151	202	399	414	1326	
24703:	39	
24713:	339	
24721:	386	
24743:	188	
24766:	1337	
24777:	150	189	414	
24781:	134	195	
24782:	141	434	
24785:	1372	
24786:	125	324	417	
24803:	112	
24810:	149	
24825:	386	
24826:	45	51	65	86	131	135	141	166	176	178	207	235	241	251	263	275	286	289	301	322	348	350	351	352	371	373	399	401	407	425	434	1315	1334	1335	1336	1343	1345	1347	1381	1399	1403	1419	1446	
24830:	279	
24833:	279	
24845:	31	42	48	62	67	68	69	77	84	89	92	96	97	101	105	107	109	110	116	121	123	125	134	141	144	150	152	158	162	166	168	175	179	186	187	188	191	199	202	220	222	224	226	227	231	234	235	236	238	240	241	245	251	255	257	276	284	288	289	301	303	307	308	309	317	318	319	321	327	328	330	332	333	339	344	348	351	352	356	364	371	377	389	390	401	402	414	415	416	421	424	427	429	430	1322	1325	1333	1335	1336	1338	1342	1346	1349	1358	1361	1364	1366	1373	1379	1382	1389	1396	1402	1403	1406	1408	1409	1411	1420	1421	1438	1440	1443	1447	1449	
24846:	220	
24852:	37	41	43	53	63	68	86	99	107	126	127	135	141	145	166	176	185	207	211	220	231	241	245	251	256	282	284	289	290	301	307	314	322	330	347	348	352	363	364	371	373	401	407	408	409	425	429	1316	1322	1328	1334	1337	1345	1347	1349	1362	1370	1381	1382	1404	1418	1423	1426	1430	1447	
24855:	37	
24875:	43	53	63	68	86	107	126	127	135	141	145	166	176	207	231	241	251	256	282	289	314	322	330	347	352	363	364	371	373	401	407	408	409	425	429	1322	1328	1345	1347	1349	1362	1381	1418	1423	1430	1447	
24876:	401	
24879:	282	
24881:	211	282	1426	
24910:	94	161	362	1321	1327	1331	1333	1343	1349	1351	1359	1409	1420	1422	1423	1434	1436	1438	1439	1441	1445	1449	
24919:	35	42	43	51	52	63	68	69	73	76	79	92	96	97	98	101	103	108	109	126	143	144	145	156	179	180	184	189	197	198	207	245	249	256	258	275	281	286	287	296	330	333	343	352	363	374	376	377	379	399	404	409	410	423	429	434	1344	1345	1358	1362	1381	1404	1406	
24924:	1367	
24945:	60	
24951:	345	
24956:	224	
24988:	95	
25011:	52	55	86	102	120	122	138	142	158	164	166	168	180	202	207	276	352	412	1324	1443	
25029:	246	
25050:	277	301	425	1347	
25051:	226	
25102:	356	
25111:	386	
25126:	281	
25127:	281	
25193:	1390	
25194:	1390	
25198:	169	
25221:	86	169	
25248:	63	
25301:	99	
25332:	390	
25371:	417	
25381:	241	289	303	407	1341	1344	1407	
25440:	261	
25445:	84	232	267	301	347	425	1336	
25451:	79	169	175	211	355	
25463:	289	
25667:	111	123	281	289	429	
25770:	202	
25777:	185	1417	
25781:	175	
25836:	1414	
25905:	379	
25932:	111	
25977:	76	103	110	126	145	178	185	211	232	264	310	347	363	390	398	402	404	424	1396	1419	1426	
25978:	76	103	110	126	145	178	211	264	310	347	363	398	424	1396	1419	1426	
26040:	36	207	
26041:	36	
26097:	55	
26098:	55	
26113:	31	
26153:	310	
26255:	1396	
26268:	1439	1441	
26278:	222	
26303:	199	
26388:	429	
26437:	164	
26557:	434	
26558:	176	235	263	
26575:	420	
26576:	63	
26627:	39	
26638:	43	
26730:	1324	
26750:	348	
26752:	303	
26808:	270	1380	
26810:	261	
26828:	47	
26829:	238	
26848:	103	141	189	1382	
26853:	1426	
26982:	163	
27016:	1352	1395	
27071:	1333	
27072:	1344	
27073:	1344	
27088:	238	
27096:	1384	
27106:	1372	
27107:	46	
27145:	1319	1382	
27146:	220	
27174:	204	
27188:	79	
27235:	1448	
27274:	1422	
27275:	37	99	226	259	1426	
27277:	226	
27281:	195	
27284:	401	
27295:	1384	
27308:	1384	
27324:	251	
27358:	196	240	256	319	348	1318	
27379:	134	
27448:	277	
27459:	107	111	127	277	316	407	1318	1341	1366	1407	1429	
27631:	221	251	
27635:	1373	
27637:	289	
27665:	1418	
27675:	31	141	159	222	227	232	263	269	290	303	316	317	318	330	343	344	348	363	371	386	402	1382	1425	1428	1436	
27677:	290	386	
27678:	290	
27696:	92	98	195	197	258	281	289	401	
27697:	92	98	197	258	281	401	
27702:	175	1426	
27705:	331	
27706:	331	
27773:	261	319	
27782:	1384	
27851:	159	
27853:	1409	1420	
27879:	332	
27887:	1388	
27914:	417	
27918:	419	
27920:	36	46	50	58	61	78	153	159	166	178	226	231	232	234	240	241	245	253	261	269	282	307	330	339	352	354	379	400	427	434	1315	1381	1433	
27930:	254	1376	
27934:	1447	
27936:	46	195	226	245	254	1323	1355	1438	
27941:	254	
27977:	134	
27983:	45	135	175	196	235	259	263	350	371	1403	
27987:	40	44	213	
28050:	303	
28077:	60	264	1347	
28090:	348	
28091:	44	306	
28119:	231	
28157:	1346	
28193:	310	
28198:	247	290	
28271:	275	
28413:	238	
28470:	375	
28492:	303	
28494:	78	107	166	352	407	
28506:	277	1347	
28539:	222	238	1373	1408	1448	
28561:	434	
28567:	112	397	
28616:	356	1418	
28619:	356	
28642:	68	92	97	99	109	144	222	238	269	281	303	339	427	1425	1428	
28659:	354	
28661:	36	44	47	99	134	137	141	152	175	178	198	208	226	245	316	321	354	400	431	1403	1423	
28667:	99	
28668:	34	40	42	44	45	65	78	82	92	96	97	109	123	125	141	159	166	175	187	205	208	213	220	226	231	234	238	240	248	249	253	256	259	263	268	275	307	309	316	321	324	330	333	350	351	352	354	363	371	373	375	389	398	402	409	410	424	425	427	1315	1336	1345	1349	1353	1364	1381	1389	1399	1424	1438	1440	
28681:	124	
28692:	227	
28696:	67	
28700:	417	
28712:	50	104	116	117	146	164	
28735:	151	262	266	
28759:	382	
28806:	1397	
28811:	82	
28821:	1376	
28826:	347	
28829:	412	
28863:	67	189	240	
28864:	67	
28869:	67	
28875:	67	
28889:	1375	
28935:	43	
28949:	1447	
28951:	86	1447	
28954:	1320	
29029:	398	
29044:	420	1404	
29045:	420	
29085:	37	124	
29091:	84	152	175	201	290	322	382	386	1322	1346	1403	1419	
29127:	282	
29156:	345	1344	1353	1396	1415	
29157:	1344	1396	
29263:	99	
29302:	251	
29331:	76	79	103	126	141	143	145	185	189	258	282	374	376	424	434	1353	1382	1404	1423	
29332:	103	141	189	1382	
29381:	99	
29391:	234	
29393:	37	
29408:	93	
29425:	187	
29426:	1341	
29444:	1367	
29495:	268	
29502:	199	
29618:	306	
29650:	1384	
29653:	1384	
29661:	63	127	
29744:	434	
29819:	386	
29820:	1373	
29842:	386	
29890:	123	
29931:	1384	
29933:	311	
29971:	54	
29976:	1347	
29997:	429	
29998:	429	
30036:	429	1341	
30040:	163	
30106:	1372	
30156:	1448	
30178:	401	
30183:	77	107	127	277	293	316	1320	1328	1330	1335	1361	1362	1378	1392	1394	1425	1427	1428	
30190:	281	
30238:	1350	1425	
30247:	282	
30253:	412	
30269:	166	
30278:	221	
30364:	111	
30603:	348	
30619:	175	
30818:	37	141	397	1334	1367	
30845:	207	
30897:	80	
31003:	1384	
31019:	68	73	78	89	92	96	97	109	135	141	144	166	175	188	196	202	226	231	234	235	249	330	333	339	347	350	352	363	371	373	398	409	410	424	427	1345	1356	1365	1381	1410	
31020:	97	347	363	398	1356	
31021:	68	89	92	96	109	141	144	166	226	231	234	330	333	339	352	371	424	427	
31022:	68	89	96	109	141	144	166	226	231	234	330	333	339	352	371	424	427	
31029:	1341	
31052:	245	
31063:	258	
31065:	180	
31074:	301	322	1448	
31075:	207	
31081:	73	85	105	133	138	159	275	323	401	1419	
31123:	254	
31134:	1448	
31230:	1368	
31236:	196	
31238:	1372	
31239:	377	
31309:	195	
31332:	147	
31401:	348	
31406:	348	
31431:	108	
31444:	1329	
31570:	251	
31643:	112	
31645:	1341	
31671:	54	1426	
31673:	1426	
31749:	195	408	
31750:	397	
31751:	1418	
31805:	94	362	1393	1402	1425	
31823:	134	195	341	
31849:	1397	1419	
31855:	238	
31876:	1367	
31893:	241	
31941:	95	
31954:	60	425	
31957:	1331	1361	1393	
31971:	290	354	400	402	
32039:	1384	
32043:	73	
32048:	103	374	375	
32056:	157	1325	
32059:	253	425	1430	
32070:	1369	
32092:	123	
32110:	220	
32125:	205	211	346	1426	
32136:	1385	
32139:	434	
32155:	73	189	
32171:	34	38	175	309	330	417	1389	
32181:	51	52	123	234	275	281	356	
32218:	427	
32235:	434	
32239:	188	289	313	
32249:	306	
32259:	169	
32285:	189	
32317:	50	
32318:	248	
32319:	248	
32322:	420	1396	
32336:	1385	
32463:	1333	
32468:	51	52	275	311	
32630:	356	
32635:	264	
32677:	1330	
32739:	79	1419	
32763:	1448	
32765:	221	279	281	
32766:	282	
32792:	267	
32799:	162	222	227	290	344	402	
32800:	222	
32814:	282	
32819:	1365	
32884:	1384	
32887:	1415	
32903:	415	
32904:	107	166	205	261	277	316	324	347	389	390	407	420	1407	
32905:	258	
32906:	106	166	1332	1339	1343	1355	1361	1373	1377	1407	1418	1422	
32912:	113	289	
32917:	306	
32919:	159	
32921:	163	
33081:	316	
33082:	316	
33094:	316	
33132:	80	207	1316	1382	
33201:	412	1351	1378	
33210:	412	
33211:	412	
33223:	261	
33295:	43	
33297:	46	
33316:	159	
33318:	1373	
33320:	1391	
33328:	343	
33359:	107	
33372:	111	
33387:	104	
33388:	104	
