1:	67	
12:	186	
13:	22	52	
15:	186	
22:	75	119	146	263	331	458	
24:	142	
28:	390	
37:	58	466	
44:	150	213	216	424	472	500	11445	
49:	546	
61:	91	147	180	531	11436	
73:	155	306	376	380	442	466	505	11437	11441	
92:	391	
99:	371	
113:	95	
151:	11438	
152:	94	
154:	45	142	330	376	466	470	
155:	470	
156:	376	
164:	452	
182:	207	
205:	423	
303:	211	
350:	15	17	32	38	47	48	49	63	67	69	80	87	89	91	92	96	105	108	110	116	120	121	124	140	145	147	150	152	160	164	172	176	178	182	193	199	201	221	234	245	246	250	256	260	267	279	292	304	309	312	318	319	332	333	338	341	358	361	383	390	392	402	410	418	420	434	439	440	448	452	455	460	464	476	480	481	514	518	523	543	546	11409	11413	11417	11436	11438	11440	11442	11447	11450	
358:	476	
367:	160	330	
382:	46	74	197	266	304	311	330	337	384	11442	
396:	250	
408:	213	
409:	213	
423:	125	264	
441:	161	
450:	323	11418	
492:	140	322	421	440	484	11415	11433	11445	
506:	11419	
507:	15	294	311	330	
543:	150	
591:	260	
619:	300	383	459	
627:	476	
629:	11449	11452	
640:	448	
641:	62	101	127	154	209	256	323	336	375	377	378	11410	
642:	209	336	11410	
643:	378	
658:	116	121	195	322	
670:	11445	
690:	75	339	
779:	434	
780:	325	455	458	481	535	11443	
834:	341	359	
836:	359	
851:	14	15	17	23	32	116	121	134	144	145	171	203	204	299	322	334	385	424	535	540	
869:	8	13	17	30	131	138	165	190	194	215	223	246	256	261	324	376	447	467	481	503	509	531	
872:	256	324	
874:	223	246	376	
875:	8	138	165	190	215	481	
877:	138	165	190	215	481	
878:	8	
881:	24	
892:	282	
930:	89	
948:	75	
1079:	163	
1081:	45	419	
1082:	45	
1096:	300	383	459	
1097:	8	63	72	100	126	144	203	216	297	316	327	333	394	417	437	442	469	489	498	499	505	527	545	11427	11447	
1156:	55	297	328	391	535	
1179:	11412	
1193:	77	
1273:	311	
1279:	75	
1282:	27	
1290:	185	
1326:	119	
1327:	56	99	267	
1350:	208	
1404:	91	233	11444	
1408:	503	
1413:	483	
1416:	349	
1419:	319	
1428:	288	
1451:	89	249	
1452:	472	
1459:	84	
1492:	77	
1520:	1	10	23	30	40	89	138	147	154	163	168	171	176	181	240	244	325	352	384	402	434	506	11445	
1521:	147	
1537:	82	
1543:	387	
1549:	477	
1556:	82	
1611:	439	
1624:	460	487	
1635:	98	
1637:	6	7	116	121	195	244	259	288	322	346	388	390	483	542	11414	11415	11433	
1642:	116	259	346	483	
1646:	322	
1653:	6	116	153	158	160	167	171	192	195	223	230	244	260	288	304	335	345	353	377	394	397	406	416	503	520	523	535	539	544	11421	11439	
1659:	260	
1676:	210	
1691:	210	
1702:	163	503	523	
1707:	163	
1711:	95	98	165	192	213	232	255	260	288	309	330	335	388	421	425	476	483	521	546	547	
1728:	165	
1735:	75	
1736:	232	473	
1815:	29	
1817:	247	443	
1821:	443	
1833:	194	443	
1834:	194	443	
1838:	17	152	160	304	
1846:	15	314	
1868:	67	158	460	
1874:	67	
1878:	11445	
1882:	260	
1901:	238	312	523	
1904:	55	
1910:	45	
1917:	523	
1952:	234	
1984:	537	
1997:	364	
2024:	20	64	124	150	253	374	402	446	543	11432	
2027:	253	
2030:	543	
2032:	52	56	99	117	127	137	154	155	165	178	184	207	219	233	267	274	295	369	418	445	455	481	517	520	540	11443	
2035:	75	
2079:	265	
2085:	28	30	120	194	256	314	
2088:	250	419	472	11418	
2108:	7	
2130:	24	32	52	53	63	74	80	84	89	91	95	135	138	153	165	209	213	230	255	265	287	304	322	337	341	366	383	424	460	473	474	481	485	520	528	529	546	11409	11440	
2143:	304	
2144:	89	287	11440	
2145:	53	80	84	11409	
2146:	341	
2147:	91	
2150:	153	
2241:	213	
2242:	52	91	96	114	147	165	230	286	306	325	341	352	386	397	405	406	450	474	484	517	529	
2243:	306	
2256:	103	107	110	446	
2259:	103	
2273:	520	
2282:	63	111	213	274	318	322	331	440	530	11410	
2284:	111	331	
2297:	164	523	11424	
2301:	164	
2304:	11439	
2312:	11439	
2363:	364	537	
2366:	335	
2390:	219	255	
2403:	127	377	
2419:	28	
2433:	472	
2463:	294	
2467:	503	
2489:	30	
2492:	82	150	503	11428	
2517:	11421	
2519:	29	223	311	371	452	475	
2576:	250	
2581:	158	259	315	342	346	360	363	520	523	11439	
2593:	11446	
2601:	346	
2606:	120	514	
2609:	523	
2645:	224	
2646:	224	
2785:	11417	
2800:	376	
2812:	234	
2816:	15	28	31	70	78	116	119	121	146	154	160	163	194	238	284	290	308	315	322	325	331	334	344	352	359	367	402	419	425	446	458	463	464	468	472	483	487	501	503	528	544	546	
2818:	163	
2821:	15	
2822:	315	
2825:	163	546	
2834:	367	
2835:	487	
2855:	120	208	514	
2859:	208	
2873:	91	208	247	279	409	530	11435	
2879:	122	187	358	495	531	
2893:	340	493	
2902:	1	
2953:	75	
3019:	330	
3034:	311	
3040:	22	
3041:	22	
3054:	11446	
3056:	11446	
3071:	11446	
3087:	52	58	81	126	
3089:	288	
3091:	547	11442	
3093:	107	
3115:	5	
3184:	414	490	491	
3191:	213	253	
3216:	309	
3226:	380	
3230:	491	
3235:	227	
3236:	227	
3237:	15	34	36	40	41	47	52	54	56	58	60	64	72	78	88	89	99	101	105	107	113	117	119	126	127	128	131	132	135	136	142	145	147	154	160	171	183	185	187	190	198	199	205	206	208	209	217	219	221	228	229	235	237	238	240	245	247	248	249	253	254	255	261	265	266	267	277	279	285	292	293	300	306	308	310	311	312	317	318	320	321	324	325	326	328	333	334	336	340	343	344	348	350	352	353	356	357	358	360	368	376	380	383	388	389	390	393	402	404	407	412	413	414	418	424	425	426	434	437	442	444	446	450	452	457	459	464	465	468	470	476	485	486	487	491	495	496	500	514	515	518	519	527	529	540	542	543	544	10290	10311	10354	10361	10454	10633	11409	11411	11413	11426	11429	11432	11446	11448	
3238:	261	
3243:	393	11448	
3244:	145	317	356	444	
3245:	199	321	418	540	
3247:	36	
3248:	219	519	
3249:	219	519	
3251:	54	187	209	334	
3254:	54	78	154	190	219	229	334	402	425	464	468	10311	
3256:	34	36	40	171	183	198	217	237	240	254	277	292	310	320	328	344	348	389	407	412	486	495	10290	10354	10361	10633	
3261:	352	
3280:	247	
3310:	15	418	
3314:	233	
3316:	11409	
3321:	48	75	92	211	249	251	394	510	11417	
3342:	380	
3372:	124	
3375:	424	
3381:	15	30	132	192	194	210	232	277	304	404	447	503	11421	
3389:	108	388	
3390:	52	
3401:	229	
3406:	376	
3410:	44	122	150	157	290	374	387	
3420:	52	
3425:	42	48	74	110	116	121	165	192	226	274	314	386	409	481	503	530	546	11421	11442	11443	11445	
3458:	210	
3460:	210	
3463:	210	
3464:	210	
3467:	210	
3470:	249	
3471:	472	
3472:	472	
3484:	314	
3487:	247	359	11421	
3488:	247	359	11421	
3492:	24	71	80	91	95	124	147	150	159	163	180	201	290	309	314	319	337	341	346	363	374	384	385	406	414	460	465	476	490	491	496	546	11409	11442	
3503:	499	
3515:	163	
3533:	247	
3536:	247	
3539:	247	
3545:	358	
3547:	163	404	426	10454	
3548:	426	10454	
3549:	11413	
3561:	392	
3612:	11442	
3631:	419	
3641:	128	146	205	230	301	331	386	405	448	
3642:	205	230	301	331	386	448	
3647:	128	146	230	405	
3660:	366	11434	
3688:	10311	
3736:	168	419	
3737:	168	
3741:	38	62	104	105	125	142	150	153	156	161	184	229	295	309	325	351	354	371	467	503	11430	11446	
3764:	52	
3776:	172	
3800:	247	
3812:	11431	
3835:	10311	
3863:	247	
4021:	163	
4143:	308	
4167:	103	
4173:	206	
4248:	95	
4251:	31	70	82	238	259	322	421	441	460	542	11418	11442	11444	
4275:	517	
4304:	385	
4318:	99	105	248	523	539	
4319:	311	
4334:	18	309	349	386	434	479	11418	
4346:	217	
4351:	163	205	256	261	330	359	367	374	467	487	540	
4352:	205	
4358:	62	127	371	377	
4365:	291	11431	
4370:	260	
4371:	94	108	255	
4392:	314	
4443:	121	165	255	10311	11421	11432	
4450:	10311	
4453:	260	523	
4476:	99	102	
4505:	168	477	478	
4506:	168	477	478	
4545:	11442	
4575:	38	80	91	101	152	164	190	234	260	286	300	315	321	324	336	361	445	455	459	466	480	10778	11409	11443	
4632:	144	216	270	
4642:	398	
4664:	52	233	
4682:	207	
4719:	24	
4720:	24	
4772:	335	452	
4778:	40	55	74	89	157	163	194	247	337	340	343	358	366	476	529	
4784:	163	
4790:	358	
4791:	55	
4800:	91	211	253	11415	11433	
4802:	11421	
4815:	11418	
4818:	22	46	48	64	125	155	192	205	228	261	306	311	336	337	352	358	457	472	475	11417	
4846:	437	
4855:	64	446	
4857:	32	38	48	69	84	138	146	213	264	265	267	279	287	350	385	440	457	474	506	543	11412	11416	11417	11445	11450	
4864:	165	481	
4880:	89	99	156	267	419	545	11429	
4883:	89	
4885:	545	
4891:	142	158	523	11422	11428	11430	11431	
4895:	11428	
4902:	55	158	226	335	480	501	515	11421	11446	
4906:	158	
4911:	206	
4919:	190	
4925:	165	
4926:	23	87	386	11436	
4931:	24	208	
4953:	247	
4991:	11432	
4992:	11432	
5021:	330	
5025:	425	
5027:	425	
5041:	95	160	
5048:	160	
5071:	95	
5157:	359	
5187:	23	386	
5227:	75	
5236:	180	
5244:	77	
5270:	74	265	306	352	
5308:	69	98	187	
5327:	157	10290	
5390:	163	
5403:	473	
5454:	163	
5491:	11444	
5506:	120	514	
5507:	91	341	
5536:	88	203	235	340	486	
5537:	88	203	235	340	486	
5565:	394	
5578:	20	208	
5653:	10	44	58	110	153	155	168	181	281	294	450	485	503	506	509	
5658:	150	157	180	271	290	374	387	
5663:	119	
5670:	224	
5729:	53	192	
5761:	20	69	113	
5762:	69	113	
5801:	546	11429	11430	
5820:	393	
5822:	46	
5824:	388	
5850:	346	
5863:	45	224	419	
5890:	265	304	546	
5918:	232	
5920:	250	
5934:	32	75	337	352	
6027:	49	81	101	168	221	246	259	316	342	360	378	523	547	11426	11439	
6062:	158	
6073:	183	
6104:	224	
6119:	187	
6128:	88	
6130:	11	238	301	
6131:	11	238	301	
6132:	434	
6180:	322	542	11444	
6205:	32	11417	
6222:	11442	
6254:	405	
6258:	28	
6281:	1	24	138	163	247	
6283:	24	
6316:	107	
6323:	11432	
6348:	545	
6357:	547	
6382:	198	11445	
6394:	477	478	
6525:	459	
6543:	75	263	388	
6551:	359	
6554:	359	
6568:	30	91	120	213	216	11442	
6573:	511	
6596:	335	
6618:	75	
6745:	46	
6766:	11417	
6778:	80	232	
6789:	62	235	380	
6798:	11421	
6801:	75	
6809:	47	164	
6824:	62	
6825:	264	
6851:	52	233	358	11409	
6862:	140	
6902:	185	
6910:	282	466	
6911:	466	
6979:	164	337	
6986:	75	
7000:	514	
7037:	98	
7051:	23	
7059:	119	
7087:	46	147	250	253	304	11409	
7096:	253	
7116:	45	53	74	80	111	124	147	153	195	232	255	421	424	425	452	11412	
7151:	247	
7194:	17	
7251:	250	
7276:	152	183	259	460	
7296:	183	
7306:	75	94	153	165	255	367	472	510	542	
7329:	99	250	472	
7331:	472	
7338:	107	
7342:	209	
7351:	335	
7352:	99	
7364:	209	
7443:	224	
7512:	380	
7573:	341	
7588:	182	406	
7627:	333	11427	
7637:	476	10778	
7658:	163	
7659:	163	
7663:	163	
7684:	95	135	250	
7701:	135	
7763:	359	
7778:	35	95	150	213	232	452	511	530	
7818:	158	160	
7826:	58	157	164	266	286	495	10290	
7827:	157	164	
7832:	184	
7833:	99	105	221	259	295	342	413	515	539	
7834:	256	286	480	495	10290	
7836:	286	495	10290	
7837:	47	99	105	190	207	212	221	260	261	295	297	304	315	324	327	413	498	515	523	527	545	
7838:	99	
7839:	12	55	58	81	99	102	104	117	127	155	156	184	190	221	248	259	266	289	295	325	327	336	342	346	351	353	354	357	360	363	413	416	426	439	442	501	515	523	539	540	11413	11424	11425	11426	11428	11448	
7840:	342	11413	11426	
7844:	55	81	99	221	259	342	357	360	416	426	515	539	540	11413	
7845:	353	11413	11424	
7854:	259	342	346	
7862:	480	
7863:	480	
7865:	364	
7923:	269	
7988:	198	
7994:	99	105	
7997:	546	
8002:	124	
8006:	48	75	134	210	319	331	340	
8008:	210	
8013:	75	119	146	263	331	356	458	543	
8031:	230	367	377	542	
8067:	344	
8082:	210	
8095:	336	
8128:	352	
8142:	228	
8183:	7	28	54	80	82	84	89	94	110	121	140	146	195	214	229	249	287	299	300	322	331	341	394	402	441	452	457	458	509	542	550	11409	11411	11414	11415	11417	11418	11433	11434	11438	11440	11442	11444	11445	
8185:	11414	
8186:	89	11414	
8197:	69	121	158	332	394	397	10454	11421	
8199:	332	
8210:	126	
8216:	69	240	277	332	340	350	356	474	480	495	11443	
8235:	49	335	363	479	
8237:	49	
8238:	479	
8343:	295	
8357:	156	11425	11430	
8403:	55	72	100	156	289	291	325	327	333	343	437	442	469	498	499	527	545	11422	11424	11425	11426	11428	11429	11430	11431	11447	
8415:	11439	
8419:	45	419	
8441:	355	
8444:	28	32	301	322	11414	11418	
8516:	359	
8531:	219	
8572:	25	
8584:	63	
8585:	63	
8593:	274	
8602:	485	
8603:	361	495	
8609:	126	
8619:	157	204	
8622:	460	
8671:	254	335	
8692:	11442	
8695:	180	
8698:	150	
8701:	150	
8722:	164	378	
8723:	164	378	
8724:	25	
8731:	101	546	11419	
8735:	101	11419	
8746:	181	
8759:	306	
8807:	142	
8816:	466	
8817:	466	
8823:	349	
8830:	243	
8897:	208	
8901:	483	
8906:	426	11413	
8952:	157	203	240	
8990:	119	
8997:	41	
9023:	108	130	318	11410	
9037:	157	318	407	535	
9045:	338	
9047:	211	
9147:	127	154	371	377	378	380	11424	
9187:	368	
9239:	187	211	253	11409	
9289:	181	
9336:	75	
9347:	102	
9353:	127	377	
9387:	11410	
9392:	542	11418	11434	11444	
9396:	11446	
9431:	406	
9500:	546	
9541:	44	95	122	150	210	325	335	374	384	409	452	501	503	519	530	10290	
9546:	150	
9547:	122	150	374	409	452	530	
9591:	99	416	
9593:	99	
9610:	30	111	120	153	203	240	267	314	339	361	419	495	510	10290	
9612:	10290	
9613:	120	314	
9626:	15	40	267	
9663:	81	172	198	221	256	324	357	442	515	11443	
9670:	305	361	
9674:	73	477	478	
9675:	73	477	478	
9685:	187	232	366	385	439	
9687:	385	
9688:	187	
9689:	439	
9690:	187	
9750:	161	479	
9754:	295	363	477	
9767:	474	
9797:	460	
9806:	101	347	483	11419	11446	
9809:	347	
9827:	168	477	478	
9841:	474	525	11443	
9847:	11446	
9856:	349	
9900:	352	
9909:	75	
9921:	88	100	126	134	157	203	216	237	270	306	328	333	371	421	500	
9922:	134	
9956:	126	
9969:	11437	11441	
9970:	175	505	
9972:	415	
9979:	396	
9994:	476	
10005:	494	
10036:	60	
10049:	23	27	36	45	108	125	131	150	192	217	228	231	251	265	304	306	311	318	336	340	350	352	361	367	371	470	476	493	538	545	11432	
10052:	23	27	108	125	150	228	251	265	304	306	311	336	352	361	367	470	476	538	545	
10053:	23	27	108	125	228	251	265	304	306	311	336	352	361	367	470	476	538	545	
10061:	45	100	144	414	442	466	469	476	491	496	505	527	
10066:	11417	
10080:	250	
10094:	270	
10116:	407	
10144:	20	108	130	208	
10150:	130	244	540	
10176:	49	363	517	
10179:	201	
10191:	181	450	
10192:	180	
10199:	194	325	503	
10200:	352	
10201:	301	529	
10202:	359	
10203:	343	10311	
10205:	22	
10214:	69	174	
10218:	174	
10254:	30	182	250	251	304	318	440	472	530	11417	11442	
10257:	251	472	
10263:	74	304	424	540	
10277:	153	335	370	542	11434	
10304:	172	
10325:	122	150	157	290	374	387	391	525	
10345:	8	172	189	244	284	308	414	455	465	490	491	496	10354	
10360:	181	
10377:	359	
10385:	450	
10386:	450	
10424:	187	
10426:	42	48	253	309	519	548	
10427:	42	
10437:	82	210	
10521:	394	
10541:	11	
10549:	75	304	
10589:	207	
10590:	44	290	374	446	
10628:	11436	
10642:	546	
10687:	208	
10688:	10311	11421	
10691:	396	
10696:	207	
10697:	260	
10698:	260	
10709:	420	
10717:	359	483	11446	
10720:	483	11446	
10735:	136	
10749:	50	211	503	
10783:	485	
10793:	547	
10816:	185	235	467	10311	
10821:	185	
10863:	17	
10878:	17	
10938:	156	336	
10973:	265	337	506	10290	
10974:	265	337	506	10290	
11007:	396	
11008:	327	498	
11009:	297	337	527	
11012:	46	
11028:	525	
11038:	537	
11177:	24	168	214	220	245	247	304	332	341	346	450	547	
11181:	220	245	341	
11183:	304	
11188:	547	
11189:	346	
11195:	11	23	28	42	46	69	113	116	119	121	128	136	146	155	157	163	165	203	208	233	235	240	246	254	274	293	299	301	304	306	315	325	330	340	385	405	434	458	466	481	495	498	505	520	529	543	10290	11443	
11200:	23	
11201:	208	235	
11228:	546	
11255:	95	388	392	
11289:	160	
11306:	142	
11321:	100	
11371:	69	113	
11393:	100	192	216	309	419	510	
11398:	192	
11407:	309	
11433:	455	
11477:	523	
11503:	446	468	
11521:	339	355	375	
11527:	201	
11559:	282	
11605:	542	11442	11444	
11610:	6	7	10	23	46	74	84	94	96	111	116	121	135	150	153	156	157	160	167	176	192	193	194	195	198	204	209	216	234	238	259	260	266	284	308	311	318	322	340	342	346	353	367	397	410	421	424	434	439	457	472	473	476	483	500	510	520	523	528	535	539	11421	11424	11432	11435	11439	11442	
11624:	371	446	11431	
11644:	38	47	99	105	172	539	10290	11413	11421	11443	
11670:	364	
11673:	320	
11674:	376	
11680:	247	483	
11681:	247	483	
11706:	46	99	105	111	120	124	174	176	184	207	250	292	295	311	314	334	344	407	421	455	486	501	510	514	523	539	11413	11428	
11709:	314	421	
11710:	124	
11713:	124	314	
11715:	111	
11718:	421	
11730:	124	
11732:	46	
11736:	265	
11745:	314	
11761:	42	
11832:	232	
11845:	99	
11849:	418	
11855:	130	321	418	540	11410	
11964:	11442	
12020:	358	383	
12021:	41	392	
12045:	300	383	
12046:	300	383	
12051:	7	22	63	80	84	91	147	174	255	267	286	287	300	315	341	474	475	481	524	529	11409	11417	11438	11440	11443	11444	11445	
12075:	164	
12076:	15	
12079:	216	421	434	
12084:	150	
12088:	209	11432	
12091:	150	157	290	
12100:	545	
12105:	10	192	209	307	355	
12142:	30	46	52	114	146	205	261	331	386	394	458	529	
12246:	108	111	120	176	
12259:	98	
12287:	361	
12302:	224	
12360:	150	
12378:	150	
12394:	23	
12399:	232	
12400:	232	
12408:	99	416	
12409:	142	
12413:	99	251	305	467	519	523	11421	11428	11431	
12416:	11421	
12422:	99	
12436:	23	142	251	
12523:	77	
12618:	420	
12678:	11	
12684:	225	
12712:	501	
12714:	247	
12715:	247	
12719:	32	
12724:	98	
12725:	501	
12733:	501	
12776:	192	306	
12787:	150	
12791:	24	374	
12816:	247	
12824:	24	
12906:	234	
12921:	82	
12950:	62	127	377	378	
12958:	101	325	420	
13034:	127	
13053:	11434	
13093:	295	
13122:	11418	
13176:	250	
13239:	314	
13249:	460	503	
13265:	99	105	
13273:	487	
13277:	487	
13322:	311	442	
13359:	23	40	72	75	87	88	100	126	132	134	142	145	157	171	198	203	210	216	235	237	240	253	254	263	265	268	270	288	292	306	317	325	327	328	333	340	356	358	371	388	393	419	421	437	444	446	451	472	486	493	500	11410	11426	11427	11428	11429	11430	11448	
13361:	75	263	
13362:	75	263	
13365:	40	88	157	216	235	237	254	270	437	500	11448	
13366:	333	
13369:	132	
13370:	437	
13371:	134	157	171	203	254	340	393	437	472	486	493	11410	11448	
13380:	437	
13411:	92	
13429:	45	224	419	
13432:	477	
13473:	224	
13474:	224	
13504:	301	336	
13522:	56	73	154	168	198	268	308	343	344	394	474	478	479	506	529	10290	10633	11408	11443	
13523:	420	
13525:	7	8	15	55	60	69	91	98	117	138	147	152	160	163	168	171	190	192	198	220	230	232	233	267	288	294	330	338	343	345	350	369	380	384	385	388	394	397	404	414	439	447	464	465	479	480	490	491	496	505	506	521	529	532	546	10311	11421	11439	
13538:	98	152	163	192	
13553:	335	11421	
13578:	483	
13581:	157	
13588:	195	11444	
13686:	144	224	314	319	419	11409	
13701:	163	194	247	
13717:	314	
13719:	314	
13722:	48	
13723:	337	
13755:	332	
13756:	332	
13809:	537	
13857:	67	
13881:	23	25	27	157	228	322	509	
13882:	25	27	157	228	
13888:	92	
13893:	50	
13899:	227	480	11421	
13907:	24	108	163	388	406	
13916:	331	
13919:	73	
13932:	297	327	527	545	
13936:	155	274	455	
13937:	547	
13938:	547	
13995:	98	
14006:	15	32	38	138	192	209	286	331	529	
14028:	386	
14030:	163	
14055:	270	11410	
14076:	41	
14121:	32	89	120	147	176	274	299	309	11412	11417	11440	11445	11450	
14130:	192	204	223	281	305	495	
14139:	421	
14144:	158	523	
14176:	119	251	
14179:	30	46	52	114	146	205	261	331	386	394	458	529	
14182:	292	
14195:	45	
14196:	419	
14198:	12	259	336	342	346	357	523	
14201:	259	346	
14213:	92	
14245:	23	142	231	251	
14272:	247	
14280:	421	
14282:	74	
14288:	421	
14296:	119	
14300:	119	
14327:	60	
14338:	247	
14344:	163	247	460	
14367:	325	11446	
14375:	96	268	282	479	
14382:	64	111	120	176	184	281	336	405	421	457	510	
14386:	74	223	304	311	337	
14417:	246	480	495	10290	11446	
14449:	247	
14458:	158	
14459:	359	
14471:	5	38	49	55	56	69	73	85	110	114	138	145	157	158	221	226	233	234	244	248	254	270	277	281	286	288	312	315	317	325	333	343	345	360	363	369	392	394	418	444	445	446	447	459	466	480	498	505	515	520	523	529	540	10290	10454	11408	11421	11439	11443	
14472:	332	
14476:	48	82	247	359	495	10290	11421	
14486:	48	
14521:	350	
14522:	12	158	259	542	11442	11444	
14530:	186	
14539:	15	32	38	94	131	138	155	163	192	209	224	274	277	286	299	331	385	386	439	529	11412	11417	
14540:	299	
14546:	15	32	38	138	192	209	286	331	529	
14549:	386	
14573:	12	164	268	358	419	425	10290	
14574:	425	
14579:	419	
14601:	310	
14602:	293	460	542	
14616:	77	99	187	193	198	265	277	342	439	463	
14617:	265	
14629:	501	523	
14659:	101	256	324	336	363	455	
14662:	363	
14663:	101	
14688:	325	
14695:	184	
14696:	124	
14697:	77	194	232	366	
14704:	223	246	376	
14707:	464	
14715:	247	
14717:	247	
14720:	22	98	150	198	350	
14735:	8	
14799:	41	
14864:	501	
14868:	20	154	517	
14890:	77	119	153	155	
14897:	142	
14909:	213	
14958:	1	22	116	163	294	314	325	330	503	11443	
14962:	163	
14973:	503	
14977:	1	503	
14992:	74	105	192	539	
14996:	11421	
15018:	15	98	120	124	147	165	176	232	255	282	297	330	352	358	406	424	440	479	481	529	546	11443	
15021:	166	260	450	
15044:	63	286	481	
15078:	210	319	460	
15083:	319	
15087:	319	
15091:	319	
15101:	319	
15105:	319	
15139:	23	538	
15144:	209	452	476	11445	
15150:	36	183	318	403	414	465	490	491	
15151:	403	414	465	490	491	
15177:	23	45	211	430	529	
15178:	529	
15179:	529	
15214:	425	
15215:	425	
15267:	181	335	341	392	424	
15280:	58	325	503	523	
15296:	150	11435	
15319:	22	46	75	150	184	455	528	11445	
15355:	378	11429	
15373:	472	11410	
15447:	89	
15488:	164	
15507:	493	
15510:	82	
15517:	11417	
15522:	544	
15538:	335	
15553:	419	
15554:	91	
15601:	11422	
15613:	21	
15626:	150	338	
15647:	210	319	
15692:	546	
15711:	27	32	46	60	134	176	270	311	330	393	404	421	457	
15718:	270	393	421	
15719:	27	
15752:	142	
15756:	230	
15794:	472	
15795:	11442	
15813:	332	
15832:	98	304	
15835:	78	334	464	468	
15844:	478	
15846:	223	
15873:	71	95	124	147	150	159	163	309	341	546	
15875:	98	102	406	455	
15880:	74	
15881:	1	15	17	32	38	42	48	60	63	69	77	82	84	89	91	92	95	96	111	116	120	121	135	138	145	146	147	155	163	176	182	187	192	195	201	208	210	211	213	216	230	232	233	250	255	264	265	267	274	279	284	287	300	314	317	318	319	330	331	333	341	343	350	375	385	386	416	421	434	439	440	444	455	457	474	476	480	487	493	506	514	530	543	11411	11412	11416	11417	11420	11421	11438	11440	11445	11450	
15883:	116	121	
15890:	60	84	89	111	195	440	11417	11438	11440	
15891:	32	38	48	69	84	138	146	213	264	265	267	279	287	350	385	440	457	474	506	543	11412	11416	11417	11445	11450	
15893:	69	
15897:	96	434	
15899:	32	89	11445	
15917:	172	358	
15930:	172	
15957:	475	
15965:	464	
16048:	204	407	11417	
16049:	407	
16060:	503	
16062:	246	
16071:	11431	
16086:	11	97	137	160	175	192	230	285	291	316	369	370	380	418	477	478	505	11436	
16100:	523	
16102:	343	
16121:	230	
16126:	247	
16130:	52	
16140:	75	263	
16159:	32	213	440	
16163:	150	366	
16165:	32	
16167:	95	11421	
16184:	11421	
16220:	134	157	171	203	254	340	393	437	472	486	493	11410	11448	
16238:	314	
16251:	23	48	198	203	279	308	467	474	483	
16254:	198	
16263:	128	301	11418	
16343:	515	
16344:	305	
16374:	374	
16377:	224	
16378:	224	
16381:	224	472	
16418:	396	
16493:	11444	
16505:	209	
16532:	189	414	465	490	491	496	521	
16590:	52	
16647:	48	
16672:	75	135	160	483	11443	
16683:	99	172	357	
16701:	224	311	517	
16720:	11443	
16746:	525	
16774:	483	
16783:	184	
16799:	232	
16843:	237	
16849:	142	11427	
16908:	138	
16912:	114	450	
16926:	11430	
16927:	23	55	72	144	156	260	289	291	297	316	325	327	417	442	469	498	499	527	545	10290	11422	11424	11425	11426	11428	11430	11431	11447	
16928:	72	297	316	327	417	442	469	498	499	527	545	11447	
16929:	260	289	498	527	11428	
16930:	260	498	527	
16931:	289	11428	
16932:	11430	
16933:	55	72	156	289	291	325	327	442	498	499	527	11422	11424	11425	11428	11430	11431	11447	
16934:	55	72	156	289	442	527	11425	
16951:	153	
17022:	327	361	
17024:	332	
17060:	11	24	301	
17063:	24	
17064:	45	254	301	306	352	407	495	
17073:	205	
17104:	150	
17203:	460	
17243:	158	305	11413	
17247:	69	340	
17255:	52	63	99	105	164	192	199	207	221	226	234	286	293	312	315	321	324	325	326	342	360	369	416	418	445	459	485	515	517	540	11409	11436	11439	
17320:	119	
17387:	75	
17399:	11446	
17429:	472	
17455:	11421	
17466:	20	11432	
17529:	425	
17548:	113	157	203	240	350	486	495	10290	10778	
17552:	472	
17562:	149	
17563:	149	
17568:	472	
17578:	11419	
17581:	11419	
17582:	11419	
17583:	11419	
17663:	17	332	
17671:	332	
17693:	75	
17731:	333	
17765:	160	
17784:	95	
17785:	95	
17888:	95	
17936:	10	
18023:	11420	
18039:	11436	
18050:	81	
18051:	259	
18056:	359	
18057:	247	
18072:	71	
18081:	36	88	134	198	246	277	320	486	
18083:	36	246	
18106:	17	
18175:	67	460	503	11428	
18196:	67	
18392:	25	
18424:	160	
18485:	530	
18507:	36	10633	
18509:	36	468	10361	10778	
18512:	10290	
18516:	319	
18641:	11440	
18645:	545	
18657:	1	24	78	107	124	154	260	290	334	344	425	
18692:	250	
18717:	260	
18733:	18	30	108	125	163	249	253	274	309	337	421	
18762:	48	
18766:	75	
18767:	392	
18768:	8	42	48	97	301	306	429	446	
18790:	23	88	222	223	281	311	352	486	10778	
18897:	99	124	
18898:	99	124	
18961:	47	165	342	346	353	416	445	481	10454	
18972:	11448	
18995:	336	
19022:	472	
19031:	396	
19032:	247	
19132:	20	22	105	108	130	155	208	209	321	388	418	509	540	11410	
19133:	20	108	130	208	
19177:	41	
19187:	291	
19245:	306	
19262:	525	
19304:	23	32	34	40	64	73	88	96	100	102	134	144	150	154	157	158	203	216	219	229	235	237	249	254	264	268	270	288	318	320	328	333	337	340	344	350	374	378	391	417	419	437	467	486	493	495	500	531	544	547	10290	11427	11428	11448	
19374:	99	137	165	178	233	267	481	
19380:	99	342	
19386:	6	15	40	56	116	121	137	138	174	178	190	198	226	233	237	240	244	254	292	293	325	369	460	475	480	515	11443	
19387:	209	
19409:	455	
19410:	455	
19419:	95	
19468:	305	
19487:	352	
19541:	58	523	
19587:	98	338	11417	
19591:	75	
19596:	21	
19603:	222	223	
19604:	223	
19613:	537	
19752:	5	362	
19802:	124	
19859:	6	
19879:	142	
19897:	503	
19898:	503	
19909:	46	92	211	224	
19929:	142	356	359	11421	
19966:	455	517	
20008:	336	361	363	
20101:	117	138	150	219	221	230	284	350	353	363	383	394	416	459	520	10454	11439	
20111:	126	
20121:	101	
20153:	11427	
20187:	332	
20189:	332	
20214:	265	306	371	393	
20216:	501	
20324:	146	
20346:	460	
20355:	36	414	490	
20365:	11410	
20372:	56	117	184	445	455	520	
20404:	125	180	11410	
20432:	184	
20441:	223	
20452:	333	
20473:	393	
20492:	390	
20507:	347	
20535:	420	
20594:	450	
20653:	216	333	
20656:	270	
20672:	404	
20679:	479	
20712:	142	
20752:	150	387	
20883:	144	
20888:	546	
20889:	546	
20893:	165	472	11421	11440	
20895:	152	
20924:	332	
20942:	338	
21020:	95	250	
21038:	232	
21039:	232	
21041:	377	
21051:	153	
21063:	21	28	29	75	164	168	214	420	425	467	11421	
21092:	75	
21110:	352	
21112:	358	425	
21116:	301	315	529	
21119:	29	32	52	97	119	256	267	274	277	318	328	352	378	384	393	404	405	409	429	439	451	457	460	472	486	503	528	11411	11445	11449	11452	
21136:	250	
21216:	32	42	48	64	163	211	213	253	350	543	548	
21221:	42	64	
21254:	101	
21257:	11444	
21259:	82	
21270:	15	40	71	95	100	153	164	165	210	255	267	361	367	472	510	11421	
21272:	15	40	267	
21274:	267	
21282:	164	
21283:	153	165	255	367	472	510	
21288:	210	
21295:	100	
21316:	71	
21317:	71	
21348:	32	142	219	231	333	350	519	544	11410	11427	
21402:	306	
21471:	5	23	45	50	55	72	87	96	117	132	145	156	168	171	175	219	260	265	268	282	288	289	291	297	306	316	317	327	330	337	340	343	344	350	356	366	371	404	414	417	419	429	442	444	450	464	465	469	479	490	491	497	498	499	527	532	10454	11421	11425	11430	11431	11432	11447	
21474:	414	465	490	491	
21476:	175	
21477:	10454	
21483:	72	289	316	442	527	11425	11447	
21484:	72	289	316	442	527	11425	11447	
21489:	317	444	
21490:	317	444	
21501:	75	142	203	231	251	314	
21502:	142	231	
21503:	251	
21507:	314	
21519:	75	
21520:	75	
21527:	74	75	84	91	107	132	145	147	154	182	229	253	263	308	317	356	388	402	444	11409	
21534:	107	145	
21539:	347	
21556:	215	
21584:	102	
21587:	75	127	377	
21588:	377	
21601:	99	
21603:	99	
21631:	336	
21633:	158	
21634:	545	
21643:	260	297	498	527	
21644:	260	
21653:	62	
21666:	189	414	423	465	490	491	496	
21668:	189	414	423	465	490	491	496	
21673:	529	
21712:	96	407	479	495	10290	
21732:	347	
21804:	15	
21805:	15	
21817:	466	
21846:	374	
21852:	32	
21865:	81	
21875:	122	150	157	290	374	387	391	525	
21883:	11	30	77	104	119	128	147	301	331	351	354	397	405	11410	
21884:	77	
21905:	463	11410	
21932:	130	150	290	387	11410	
21950:	15	
21977:	27	154	297	380	
21997:	514	
21998:	421	
22015:	426	10454	
22044:	48	89	91	314	337	386	393	457	
22046:	48	306	
22050:	48	
22063:	547	
22097:	364	
22123:	105	205	425	11410	
22126:	230	413	
22139:	251	374	
22179:	164	
22202:	472	
22212:	150	452	
22252:	150	
22276:	103	
22296:	47	85	99	105	190	212	221	248	295	327	342	353	413	416	515	523	539	11413	
22297:	105	190	221	295	327	342	515	539	11413	
22300:	80	232	
22311:	473	
22313:	41	
22322:	58	84	107	132	229	308	
22330:	477	
22494:	22	46	60	67	95	309	330	546	
22502:	167	194	220	314	349	397	
22534:	36	41	446	460	10361	
22579:	45	186	268	306	330	337	338	343	352	419	440	479	546	10290	11417	
22590:	78	187	366	402	419	466	11420	
22605:	396	
22638:	224	
22672:	385	
22673:	385	
22737:	154	
22739:	102	
22756:	102	
22768:	153	155	
22771:	153	155	274	
22776:	153	155	274	
22783:	101	125	158	192	247	307	390	523	11439	
22797:	349	
22877:	405	
22938:	232	
22960:	234	
23000:	364	
23032:	254	413	
23056:	167	
23094:	22	71	80	91	95	159	168	213	224	294	309	341	361	503	525	
23182:	472	
23192:	229	
23247:	42	48	64	89	211	250	366	421	434	
23268:	157	
23273:	15	22	45	121	138	152	165	192	209	240	293	312	330	337	367	460	481	529	
23275:	138	529	
23277:	138	
23279:	46	
23348:	197	
23368:	3	54	55	58	62	63	78	127	154	155	187	219	226	229	249	260	279	287	300	368	375	380	402	426	464	468	495	503	515	529	550	11409	11411	11414	11417	11424	11440	11450	
23371:	127	380	495	
23432:	128	358	383	
23433:	138	165	474	534	535	
23434:	1	6	116	121	165	244	325	481	534	
23435:	232	
23436:	232	
23528:	85	305	
23529:	477	
23533:	45	83	189	211	291	419	521	11431	
23534:	45	83	189	211	291	419	521	11431	
23535:	291	11431	
23571:	124	174	325	529	11445	
23578:	150	
23595:	232	
23596:	13	
23597:	547	
23609:	55	117	168	186	282	330	337	352	359	479	529	
23624:	23	157	421	
23637:	5	11	12	15	22	23	24	52	74	89	144	163	182	232	233	235	309	337	355	358	374	440	443	457	473	474	500	506	10290	11409	11415	11417	11433	11449	11452	
23644:	144	
23655:	22	52	182	355	440	443	11417	11449	11452	
23656:	22	52	182	355	440	443	11417	11449	11452	
23660:	182	337	10290	
23710:	322	
23731:	69	
23733:	219	
23737:	205	
23798:	30	274	421	
23810:	34	40	81	130	141	310	318	348	427	445	455	460	472	519	542	10633	11410	11434	11442	11444	
23811:	427	
23817:	141	10633	
23828:	290	359	451	467	547	11430	
23829:	11430	
23838:	64	149	330	376	547	
23857:	505	
23862:	318	
23866:	11422	11430	
23870:	546	
23898:	87	
23909:	349	
23910:	8	22	40	46	52	55	60	69	74	88	96	97	100	125	134	138	164	175	176	182	189	198	203	209	240	244	255	297	304	306	316	337	338	350	352	355	358	367	371	386	388	393	398	403	404	414	417	424	429	440	443	463	465	466	475	479	489	490	491	495	496	497	499	505	517	521	529	530	546	10290	11417	11443	11449	11452	
23911:	96	306	352	
23914:	11443	
23915:	529	
23920:	198	
23921:	352	
23923:	175	496	505	
23939:	38	40	47	55	56	81	85	99	101	105	127	158	165	190	198	207	212	219	221	226	244	247	248	259	261	295	305	312	315	321	324	325	327	336	342	346	353	357	360	380	413	416	418	426	445	459	480	481	515	523	539	540	11413	11424	11439	11443	
23940:	357	539	
23941:	47	85	105	190	207	212	247	248	305	321	353	413	416	426	515	11413	
23954:	30	46	52	114	146	205	261	331	386	394	458	529	11410	
23956:	126	
24135:	150	
24166:	11445	
24291:	95	
24299:	530	
24318:	529	
24322:	48	210	253	319	
24343:	318	
24347:	119	
24375:	330	545	
24377:	322	
24386:	47	142	175	442	450	11410	11428	
24392:	11410	
24396:	11440	
24407:	424	
24411:	424	
24429:	24	165	
24436:	195	
24443:	74	92	388	11417	11440	11445	
24465:	161	180	181	260	268	309	377	397	406	450	517	523	
24487:	95	392	439	11410	
24489:	439	
24519:	158	11428	
24540:	92	
24549:	163	
24563:	542	11415	11433	
24587:	17	
24589:	17	
24598:	442	
24600:	41	
24634:	17	
24636:	154	331	347	397	457	458	472	523	529	10290	11421	11424	11425	
24638:	331	458	
24641:	154	397	472	523	
24646:	142	
24668:	100	
24681:	27	34	36	40	88	113	136	157	171	198	203	204	217	219	233	237	240	244	254	265	267	277	285	292	310	320	340	344	348	350	371	389	407	412	420	486	493	495	500	518	531	10354	10361	10633	10778	
24683:	36	265	292	
24711:	73	263	
24713:	38	56	117	138	186	268	286	410	480	495	529	
24715:	138	
24716:	529	
24717:	153	
24721:	12	232	366	11410	11439	
24722:	12	
24753:	209	358	
24754:	209	
24755:	172	
24774:	45	211	
24777:	97	161	292	324	375	429	490	497	505	11410	11421	
24781:	127	154	371	377	380	
24782:	339	
24786:	44	89	119	150	205	219	264	290	359	368	370	374	387	467	519	534	11410	11431	
24787:	219	467	
24803:	20	114	209	255	358	418	460	540	11410	11432	
24818:	163	
24825:	163	231	254	465	
24826:	64	437	446	
24839:	77	187	402	500	10311	
24843:	337	
24845:	5	7	11	18	22	23	27	28	31	32	36	40	47	48	49	52	55	56	63	67	70	75	80	84	87	91	95	98	101	102	103	105	108	111	114	116	117	121	125	128	130	131	135	137	138	140	142	146	147	150	152	155	160	163	165	172	174	175	176	178	185	190	198	199	203	205	208	210	215	220	221	226	228	230	233	234	244	248	251	254	255	265	267	274	279	282	284	286	287	288	289	292	293	300	301	304	306	307	310	311	312	314	315	321	324	325	326	331	333	335	336	338	341	345	348	350	352	353	355	359	361	367	369	374	383	386	394	397	402	405	406	409	413	416	418	425	426	427	442	445	448	450	451	455	457	458	459	460	467	470	472	474	475	476	480	481	484	485	486	503	510	514	515	517	519	520	523	529	538	540	542	545	10290	10311	10454	10633	11409	11410	11417	11419	11423	11425	11429	11434	11436	11438	11440	11443	11444	11445	11446	11450	
24846:	359	
24847:	300	11417	11450	
24852:	15	23	30	32	48	55	56	58	64	69	71	78	80	84	91	98	101	107	111	119	120	121	132	138	145	147	152	153	154	163	165	174	176	187	195	198	201	203	213	229	240	268	287	290	304	308	309	314	317	325	335	337	341	350	356	358	366	394	402	405	409	421	440	444	467	468	472	474	475	479	480	481	495	509	510	514	529	530	544	10290	11410	11420	11421	11440	11445	
24855:	335	
24860:	510	
24861:	23	55	138	479	
24866:	472	
24867:	111	120	176	314	514	
24873:	213	341	
24875:	32	
24877:	101	
24878:	107	132	145	154	229	308	317	356	402	444	
24880:	402	
24881:	91	341	
24888:	153	335	394	474	509	510	11421	
24892:	203	240	350	495	10290	
24910:	48	350	537	
24911:	42	48	
24919:	32	38	47	55	56	80	85	99	101	105	117	119	138	152	155	172	184	190	199	207	212	261	274	286	293	295	299	300	304	312	315	321	324	326	341	357	410	445	455	457	459	480	485	515	520	11413	11421	11443	
24991:	95	
25011:	289	378	11425	11428	11429	11430	11431	
25013:	289	11430	11431	
25029:	95	
25033:	95	
25036:	315	
25046:	455	
25051:	158	
25128:	10311	
25138:	366	
25180:	157	168	
25219:	250	
25220:	250	
25263:	150	
25264:	150	
25287:	247	
25295:	359	11421	
25301:	194	359	
25345:	404	
25374:	23	157	203	240	337	402	479	495	10290	
25375:	402	
25376:	157	203	240	
25381:	153	247	259	359	11421	
25383:	11421	
25445:	1	30	34	111	120	174	176	198	208	310	325	348	413	421	510	514	528	11421	11442	
25447:	11434	
25450:	10290	
25451:	1	10	23	30	40	89	138	147	154	163	168	171	176	181	240	244	325	352	384	402	434	506	546	11445	
25459:	32	42	48	211	
25460:	42	
25469:	1	
25475:	103	
25486:	120	
25539:	332	
25540:	332	
25578:	113	157	
25587:	113	157	
25667:	55	72	85	156	164	184	289	360	442	527	11425	11426	
25668:	156	
25669:	156	
25748:	336	
25777:	260	
25781:	270	393	421	
25792:	230	
25836:	221	547	
25905:	23	27	78	
25934:	11	52	55	60	125	376	440	
25939:	11	
25945:	363	10454	
25956:	75	
25960:	529	
25977:	6	15	22	30	49	138	147	165	194	216	220	230	244	264	270	318	344	389	393	418	424	455	481	544	547	11410	11421	11422	11439	11440	11444	
25978:	6	15	22	30	49	138	147	165	216	220	244	264	270	318	344	389	393	418	424	544	547	11410	11421	11422	11439	11444	
26003:	250	259	
26005:	332	
26014:	332	
26039:	245	
26113:	261	
26153:	158	164	501	523	
26154:	158	
26158:	523	
26164:	523	
26169:	164	
26178:	164	
26179:	523	
26180:	523	
26259:	127	
26278:	75	
26306:	103	
26308:	332	
26309:	332	
26317:	330	376	
26319:	330	
26329:	11428	
26344:	189	414	423	465	490	491	496	
26372:	99	
26394:	99	105	
26415:	99	
26445:	341	
26504:	174	256	394	509	
26505:	394	
26527:	150	
26534:	343	359	11446	
26546:	359	
26558:	265	288	294	318	
26560:	265	288	
26568:	77	213	
26642:	369	474	
26647:	75	
26679:	25	
26756:	309	
26757:	309	
26765:	389	
26787:	184	207	226	295	455	517	
26825:	189	414	465	490	491	496	
26832:	213	
26840:	75	
26848:	32	
26851:	160	
26853:	120	153	176	182	304	314	335	394	397	421	474	509	510	514	10311	11421	
26860:	201	
26972:	117	
26975:	282	
27097:	102	
27108:	80	84	279	287	299	11417	11438	11440	11445	11449	11450	11451	11452	
27110:	69	
27275:	1	40	67	84	95	135	153	160	163	183	194	255	284	322	392	440	495	10290	11444	11445	
27277:	10290	
27278:	183	392	495	
27295:	144	
27311:	319	
27317:	210	
27326:	247	
27328:	247	
27358:	36	88	246	320	352	486	
27375:	232	
27379:	127	265	377	
27382:	11436	
27453:	418	540	
27466:	25	69	97	175	292	429	505	
27468:	25	292	
27476:	95	
27481:	172	
27609:	10311	
27627:	247	
27631:	397	
27637:	30	
27655:	103	
27663:	120	
27665:	539	
27668:	44	
27675:	23	32	45	58	69	89	91	102	142	150	155	157	158	198	251	265	286	311	325	342	346	361	363	384	392	439	480	501	503	511	544	10311	10454	11421	11439	11446	
27678:	361	
27680:	158	286	363	10454	11421	
27683:	384	
27685:	286	
27702:	15	98	120	147	165	232	255	330	352	358	424	440	479	481	546	11443	
27704:	376	
27714:	60	89	457	11414	
27715:	75	
27745:	29	
27785:	18	434	
27786:	247	
27792:	163	
27799:	55	117	168	186	282	330	337	352	359	479	529	
27802:	117	
27805:	330	
27807:	337	
27810:	479	529	
27815:	176	
27849:	265	
27879:	5	168	181	337	386	
27882:	11408	
27901:	10311	11421	
27920:	1	6	7	8	101	122	138	144	150	152	158	167	174	192	206	229	244	249	260	287	288	300	333	335	360	390	394	397	423	451	485	503	509	525	10311	11409	11411	11439	
27922:	160	359	11419	
27930:	64	98	224	309	457	
27935:	52	338	404	446	11410	
27936:	29	38	47	63	80	81	85	99	101	102	105	124	138	152	158	164	165	172	190	199	212	221	259	260	261	295	299	300	312	315	321	324	325	335	341	342	346	353	369	413	416	445	459	480	501	515	520	523	529	539	10290	11413	11419	11421	11431	11436	11443	
27941:	105	172	199	221	259	260	295	312	346	353	520	523	539	11413	
27944:	81	172	520	
27952:	131	370	
27957:	164	
27958:	164	
27972:	164	
27976:	10311	
27977:	28	314	386	
27983:	48	110	144	150	267	279	306	330	10290	
27985:	150	290	
27987:	110	
28001:	25	27	228	
28026:	145	317	334	356	402	425	444	
28027:	425	
28030:	425	
28039:	160	11446	
28077:	92	111	11440	
28082:	108	
28090:	75	253	
28095:	119	
28110:	17	186	209	529	
28119:	265	11435	
28124:	407	486	
28157:	126	
28193:	325	
28194:	325	
28198:	160	359	
28242:	247	402	464	
28244:	247	
28249:	247	
28250:	363	
28255:	98	178	
28277:	285	
28278:	75	
28283:	75	
28300:	240	
28301:	397	
28305:	243	
28312:	194	
28313:	194	
28336:	87	
28340:	87	
28341:	87	
28342:	182	
28378:	349	
28381:	227	
28435:	163	
28470:	503	
28494:	154	
28510:	494	
28515:	11432	
28539:	48	91	153	455	472	
28567:	130	358	472	
28595:	164	
28602:	452	
28630:	542	11434	
28631:	219	519	
28632:	99	
28638:	12	
28642:	15	69	138	160	161	194	314	335	366	
28646:	160	
28655:	359	
28656:	359	
28661:	27	32	40	54	56	62	72	77	78	81	97	99	127	134	154	158	168	174	190	194	198	219	229	230	234	235	240	244	251	261	281	308	312	325	328	333	334	353	368	369	389	402	404	407	410	425	429	437	440	443	464	467	468	469	498	500	517	527	528	535	10311	10633	11410	11421	11423	11436	11446	
28663:	517	
28664:	11421	11436	
28665:	528	
28666:	443	
28667:	198	325	369	498	11446	
28668:	1	44	55	56	107	116	121	138	144	150	154	157	165	195	244	267	270	282	290	294	307	325	334	335	350	369	409	455	468	474	481	503	520	529	535	10290	11423	11443	
28672:	132	211	
28673:	211	
28685:	290	
28696:	180	
28700:	503	
28846:	131	163	
28861:	150	
28863:	150	374	387	
28864:	150	374	
28889:	216	331	
28919:	98	
28920:	98	
28923:	210	
28949:	420	
29006:	210	
29012:	67	
29061:	325	
29079:	117	
29091:	12	14	23	25	27	34	36	40	41	46	55	64	69	73	74	80	88	89	100	107	113	116	121	134	136	141	144	145	152	157	160	164	171	182	183	192	198	201	203	204	216	217	219	228	231	232	237	240	244	245	246	251	254	260	264	265	266	267	268	270	277	285	288	292	297	304	305	306	308	310	317	320	325	328	330	333	336	337	340	343	344	348	350	352	356	361	363	371	376	385	389	392	393	404	405	407	412	427	437	443	444	446	466	472	476	477	479	486	493	495	500	509	518	529	531	544	545	546	547	10290	10311	10354	10361	10454	10633	10778	11408	11410	11421	11423	11432	11435	11443	11448	
29093:	34	36	113	157	203	217	292	310	340	348	389	10290	
29096:	157	183	203	277	320	500	531	10361	11423	
29098:	509	11408	
29156:	157	165	254	340	344	352	493	511	
29157:	165	
29159:	359	
29181:	23	25	27	73	203	228	240	470	478	
29225:	336	
29263:	14	77	11427	
29286:	11434	
29324:	335	
29330:	69	457	
29331:	32	56	74	165	174	213	318	325	529	
29332:	32	
29367:	463	
29377:	89	96	247	265	337	
29401:	96	
29404:	205	
29516:	132	
29551:	74	265	304	546	
29563:	30	210	
29586:	282	
29650:	349	
29680:	210	
29721:	89	
29728:	89	287	11440	11450	
29734:	263	
29736:	263	
29741:	53	80	84	89	11409	
29752:	11440	
29790:	223	
29791:	247	
29799:	24	
29856:	210	460	
29864:	75	
29918:	50	
29919:	378	
29932:	85	264	445	459	520	
29934:	369	523	
29981:	224	
30030:	11443	
30082:	219	
30119:	358	
30142:	530	
30178:	476	
30278:	150	
30290:	44	
30333:	404	
30475:	75	
30510:	268	376	
30613:	42	48	
30619:	333	11448	
30805:	163	
30808:	7	11	116	146	184	238	301	331	386	458	
30818:	67	74	95	182	224	230	304	346	
30906:	75	547	
31019:	172	195	267	284	307	325	367	383	423	460	503	515	529	11418	11443	11445	
31021:	172	267	284	307	367	460	503	529	
31022:	172	267	284	307	367	460	503	529	
31031:	210	
31073:	455	
31074:	98	268	343	410	479	11411	11439	
31109:	95	
31117:	232	
31128:	472	
31145:	46	
31159:	98	338	11417	
31236:	335	
31243:	24	
31309:	132	317	356	444	
31378:	161	
31390:	108	
31393:	306	
31397:	404	
31413:	523	
31444:	95	
31477:	27	
31509:	30	
31570:	24	452	
31606:	184	
31648:	11440	
31671:	255	
31814:	52	321	457	
31823:	62	126	127	375	378	417	11424	11425	11429	
31849:	260	
31854:	11430	
31855:	55	72	156	289	291	325	327	442	498	499	527	11422	11424	11425	11428	11430	11431	11447	
31971:	23	32	58	101	142	333	467	544	
32006:	228	
32016:	419	
32022:	157	361	439	501	
32043:	52	184	226	370	
32056:	89	11421	
32059:	163	174	367	420	450	483	10311	
32092:	474	484	
32095:	75	
32096:	75	
32116:	8	256	378	
32117:	8	
32125:	60	89	111	135	176	195	232	266	304	335	424	546	11417	
32126:	546	
32135:	58	300	
32136:	30	
32141:	58	232	255	
32143:	255	
32171:	256	330	455	503	11421	
32180:	69	
32194:	95	
32202:	267	
32204:	210	
32228:	11422	11428	11429	11430	11431	
32239:	192	417	
32240:	92	
32259:	231	
32269:	234	
32271:	108	
32293:	385	
32296:	220	
32313:	58	
32314:	287	525	
32327:	219	
32330:	265	
32331:	265	
32391:	210	
32508:	546	
32572:	311	
32604:	45	83	88	96	157	240	306	330	352	412	466	
32605:	45	83	330	
32607:	45	
32608:	45	330	
32630:	420	
32640:	75	
32653:	92	
32665:	279	
32713:	421	
32765:	11439	
32777:	546	
32778:	213	
32799:	142	156	190	221	248	251	286	289	291	342	353	384	413	416	442	469	499	523	11413	11422	11425	11426	11427	11429	11431	11447	
32814:	95	
32817:	250	
32818:	250	
32862:	346	350	
32875:	32	60	
32895:	333	
32905:	327	
32906:	364	
32910:	326	
32916:	336	
32975:	11431	
33035:	41	
33056:	95	
33109:	546	
33158:	75	
33216:	210	
33223:	24	
33243:	219	
33244:	282	
33268:	417	
33271:	144	
33277:	537	
33295:	184	297	311	327	442	455	527	545	547	
33303:	483	
33318:	244	
33319:	367	
