14:	67	100	
24:	6	41	52	57	74	75	78	
25:	47	51	67	88	100	1737	1740	
32:	94	98	1440	
44:	31	32	
154:	6	57	
171:	5	
348:	73	
350:	9	28	45	47	56	77	80	85	97	101	1738	
375:	67	
423:	22	
426:	22	
450:	7	61	98	104	1733	
492:	22	60	
619:	58	
641:	29	104	
642:	104	
786:	44	
807:	60	
813:	60	
833:	35	
834:	1228	
869:	16	38	
870:	38	
873:	16	
1073:	18	
1076:	117	
1096:	58	1736	
1097:	7	1228	
1126:	5	
1198:	1740	
1201:	10	
1288:	45	
1289:	45	
1396:	1	
1500:	74	
1512:	35	
1520:	60	61	104	
1522:	60	
1603:	64	
1624:	20	69	116	123	
1653:	70	77	97	103	1729	
1702:	1228	
1711:	32	41	60	
1732:	1738	
1837:	106	
1864:	103	
1910:	45	
1923:	38	
2085:	23	74	75	
2088:	1738	
2130:	49	
2241:	1228	
2256:	1223	
2282:	18	38	50	128	132	
2306:	31	32	
2307:	31	32	
2319:	45	
2363:	39	1733	
2366:	49	56	125	
2378:	7	18	77	1738	
2390:	18	
2467:	67	
2492:	39	47	51	59	60	64	67	68	76	77	88	96	98	100	1737	
2510:	47	51	100	
2513:	39	67	
2519:	41	44	75	105	128	132	1736	1742	
2581:	29	53	
2676:	5	
2685:	20	
2816:	9	22	60	96	1440	
2932:	40	
2988:	86	
3054:	80	
3056:	33	80	
3127:	1738	
3237:	5	6	8	9	21	24	27	28	36	37	48	50	52	57	58	63	64	66	70	74	75	76	78	79	83	87	90	93	98	101	103	109	120	121	122	126	128	130	131	132	133	1730	1734	1735	1741	1744	
3248:	8	9	21	63	64	66	83	90	1730	1734	1735	
3249:	8	9	21	63	64	66	83	90	1730	1734	1735	
3252:	36	76	93	98	
3310:	87	103	
3321:	35	105	106	121	
3381:	7	8	21	38	59	60	64	66	82	90	96	97	105	1734	
3383:	64	
3390:	53	
3424:	5	51	53	89	126	128	131	1743	
3425:	9	96	112	
3434:	34	110	129	
3483:	67	
3492:	49	1228	
3501:	1729	
3528:	47	60	103	
3582:	117	
3660:	50	
3731:	24	108	109	110	122	123	126	128	129	131	132	
3741:	6	9	18	22	31	32	35	41	56	57	75	77	79	104	128	132	
3766:	1740	
3768:	1740	
3791:	34	113	
3792:	34	
3812:	52	59	
3835:	38	
3915:	39	
3998:	22	
4000:	22	
4006:	1440	
4082:	104	
4121:	117	
4173:	38	
4334:	56	
4354:	33	
4355:	33	
4356:	33	
4453:	55	
4510:	1	
4575:	16	22	49	50	56	97	
4622:	49	
4693:	94	
4694:	56	
4696:	9	112	1380	
4697:	5	22	44	75	
4701:	70	122	1729	
4860:	37	113	1742	
4861:	37	
4880:	58	112	1738	
4891:	1	2	3	4	6	8	21	33	37	48	54	55	57	63	65	66	74	75	76	78	80	81	87	88	90	98	101	112	113	118	128	1731	1734	1735	1741	1742	
4892:	128	
4894:	33	118	
4895:	1737	
4902:	1	2	3	4	33	44	54	75	80	113	118	128	
4907:	33	44	75	80	118	128	
4908:	33	80	
4973:	34	
5025:	91	
5108:	59	
5143:	20	
5351:	106	
5427:	9	11	38	112	115	121	127	
5477:	1440	
5653:	45	85	96	
5658:	1736	
5801:	2	33	67	128	
5824:	64	67	100	
5827:	100	
5828:	64	
5829:	67	
5847:	5	28	38	39	62	64	67	73	77	100	105	106	
5869:	1738	
5934:	38	60	
6019:	5	
6027:	22	25	31	32	50	55	56	93	113	
6083:	62	
6134:	1717	1727	1728	
6220:	7	103	
6281:	1738	
6301:	1733	
6398:	38	
6445:	26	
6568:	22	56	
6607:	56	
6695:	58	
6708:	58	
6713:	1732	
6988:	32	
6996:	1440	
7059:	23	
7116:	55	
7151:	9	74	75	1736	
7204:	1	
7276:	20	
7329:	20	
7336:	45	
7337:	45	
7415:	10	37	112	
7417:	37	112	
7418:	10	112	
7459:	67	
7588:	56	
7637:	9	113	118	127	128	
7639:	9	127	
7683:	7	
7684:	7	127	
7756:	44	
7778:	39	67	77	1228	
7839:	7	77	104	1738	
7904:	20	
7923:	5	
7943:	3	12	29	93	110	
7945:	12	93	
7987:	9	48	52	64	66	83	87	90	112	124	130	1730	1734	1742	
7988:	28	36	41	45	50	52	61	68	69	75	93	98	
7989:	52	
7990:	34	
8002:	20	123	132	134	
8013:	1729	
8017:	67	
8099:	1223	
8212:	54	
8216:	54	
8235:	60	
8603:	18	
8650:	5	
8759:	55	
8784:	73	109	134	
8804:	7	
8805:	7	
8807:	6	8	9	13	21	44	57	64	75	78	88	104	112	121	124	127	1741	1742	
8867:	1440	
8969:	106	
9139:	5	18	60	
9141:	5	18	60	
9197:	128	129	
9198:	5	
9251:	46	
9289:	97	
9297:	60	
9311:	50	55	69	117	
9328:	108	
9352:	5	
9390:	47	58	
9431:	62	
9470:	40	
9541:	7	22	28	31	32	34	35	47	52	55	58	59	62	64	68	69	73	76	81	85	87	88	91	96	98	106	112	117	119	134	1440	1737	
9551:	76	88	98	119	
9610:	7	18	22	32	41	56	73	79	105	106	1440	
9626:	2	
9670:	1	16	103	
9671:	103	
9841:	45	
9847:	80	
9921:	101	
10049:	62	67	73	77	82	83	106	1380	1440	1730	
10052:	62	67	73	77	83	106	1380	1440	1730	
10053:	62	67	73	77	83	106	1380	1440	1730	
10061:	55	62	1736	
10150:	22	60	
10214:	16	
10246:	31	32	
10254:	22	56	88	
10257:	22	88	
10277:	22	
10285:	22	
10315:	88	
10325:	1736	
10360:	45	1737	
10369:	45	
10426:	44	71	82	112	
10433:	98	
10602:	1738	
10749:	7	41	67	96	
10814:	1737	
10815:	1737	
11030:	60	
11071:	1738	
11306:	6	57	
11322:	1733	
11328:	77	
11460:	117	
11610:	2	9	13	18	23	28	29	30	40	41	44	49	56	60	61	69	73	74	75	77	78	79	97	102	110	111	124	126	127	128	129	131	132	1440	1738	
11624:	101	
11660:	29	55	
11706:	56	
11735:	91	
11743:	1228	
11745:	15	39	59	105	1440	
11747:	15	105	1440	
11748:	1440	
11761:	32	77	1440	
11939:	109	134	
12098:	97	
12241:	1	54	100	
12304:	7	
12393:	1228	
12394:	29	60	104	
12396:	56	
12399:	91	
12400:	91	
12409:	6	57	71	112	1223	1380	
12412:	104	1223	
12413:	9	31	37	42	44	51	56	75	77	78	81	88	96	98	103	104	1440	1731	1736	1742	
12414:	56	
12415:	31	75	81	88	98	
12423:	1731	
12424:	51	
12427:	51	
12428:	9	85	1380	
12429:	9	85	97	112	
12430:	97	
12433:	9	48	51	71	85	130	1223	1228	1380	1440	1736	1741	1742	1744	
12436:	6	37	48	51	57	70	71	89	131	132	1735	1742	
12609:	1742	
12620:	88	
12650:	2	3	33	80	
12672:	20	
12684:	103	
12796:	77	
12809:	40	1440	
12841:	10	112	
12958:	119	134	
13029:	29	
13052:	1717	1727	1728	
13053:	50	
13103:	5	
13113:	36	64	1732	1736	
13118:	36	
13178:	1717	1727	1728	
13188:	26	78	112	
13190:	112	
13220:	5	
13249:	22	
13359:	6	51	57	101	103	
13417:	5	
13419:	55	
13525:	16	1228	
13588:	23	1228	
13592:	23	
13714:	20	
13899:	67	106	
14045:	1223	1380	
14055:	5	10	26	27	37	81	97	104	118	119	120	126	131	1742	
14075:	104	
14130:	82	100	
14148:	1732	
14176:	28	113	114	115	116	133	1742	
14245:	6	57	87	
14333:	65	
14367:	40	
14368:	40	
14382:	56	128	132	
14417:	36	93	
14471:	45	97	
14476:	33	
14522:	34	1228	
14539:	56	
14591:	56	
14619:	1440	
14629:	40	49	54	1440	1738	
14632:	49	
14654:	38	
14659:	16	
14660:	16	
14728:	12	22	97	
14852:	5	
14890:	47	112	124	134	
14891:	47	112	124	134	
14893:	34	
14897:	6	8	9	21	57	78	
14958:	9	16	20	22	25	28	31	32	35	40	41	47	51	52	59	60	64	67	73	76	85	96	98	103	104	106	1380	1440	
14973:	22	25	35	40	
14974:	40	60	
14977:	103	106	
14978:	67	
14992:	59	1228	
15044:	23	
15078:	22	49	
15144:	28	39	40	47	60	67	117	
15177:	64	
15182:	41	
15201:	29	54	70	103	126	131	
15267:	29	61	
15274:	85	
15276:	1738	
15280:	32	55	91	104	
15283:	104	
15288:	104	
15305:	91	1740	
15310:	1740	
15319:	47	59	70	126	131	1729	1735	
15355:	5	47	73	77	93	94	108	110	116	123	129	134	
15470:	54	
15626:	70	1735	
15637:	49	
15711:	18	101	
15718:	101	
15752:	6	57	
15766:	134	
15873:	49	
15875:	93	
15881:	9	13	20	23	28	30	35	39	52	56	58	60	61	67	73	75	79	80	81	85	96	102	111	126	127	129	131	132	1440	
15890:	56	
15897:	13	30	102	111	
15937:	104	
16055:	54	
16060:	20	
16142:	16	
16143:	16	
16238:	45	
16251:	22	23	56	59	1738	
16347:	40	
16348:	40	
16374:	1228	
16497:	2	
16672:	124	
16720:	8	18	21	22	35	40	67	73	94	106	1440	
16746:	1732	
16849:	6	57	101	
16868:	1223	
16903:	1732	
17024:	39	106	
17150:	56	
17151:	56	
17194:	20	
17246:	48	70	1735	
17395:	39	
17408:	106	
17514:	2	
17680:	22	39	40	
17754:	99	
18175:	20	22	76	96	98	
18382:	59	
18417:	22	
18446:	34	
18447:	34	
18568:	1740	
18636:	1	
18657:	61	73	104	117	
18700:	105	
18897:	9	22	85	112	1380	
18952:	2	33	80	
18954:	2	33	80	
18961:	9	13	41	47	83	88	93	104	121	122	126	127	131	1730	1744	
19022:	20	
19137:	33	
19191:	66	90	124	1734	
19269:	9	116	122	123	126	127	131	132	134	
19279:	110	129	
19304:	1	2	34	36	54	55	58	68	76	80	87	88	93	98	108	110	129	134	1740	
19312:	34	
19336:	53	
19351:	73	100	
19500:	69	
19506:	54	
19510:	2	
19543:	55	
19562:	64	
19589:	2	3	33	80	
19590:	2	3	33	80	
19603:	1741	
19611:	34	
19847:	5	98	
19879:	4	5	6	9	27	44	51	57	75	87	120	126	127	128	131	132	
19897:	88	133	
19917:	1733	
19918:	1733	
19929:	6	13	44	47	52	57	71	74	75	76	85	87	98	109	113	117	1717	1727	1728	
19966:	60	
19969:	60	
20017:	7	
20077:	110	129	
20079:	58	
20099:	75	126	127	128	129	
20101:	24	97	103	1742	1744	
20121:	10	37	106	
20122:	37	
20179:	1730	
20210:	9	94	1380	
20216:	4	
20285:	38	
20366:	41	
20404:	18	60	67	79	108	110	129	1730	
20452:	79	
20599:	106	
20653:	1733	
20695:	1228	
20705:	1228	
20712:	6	57	
20740:	77	
20752:	58	
20893:	7	
20982:	1223	
21063:	20	22	29	32	39	55	59	91	93	112	1223	1440	
21118:	53	
21119:	8	18	21	41	44	66	75	81	90	96	105	110	128	129	132	1734	1736	
21164:	1738	
21254:	15	64	105	1440	
21270:	2	20	
21272:	2	
21305:	20	
21348:	6	8	9	10	11	12	13	21	22	28	31	33	36	37	41	44	47	48	51	52	54	56	57	61	63	64	65	66	70	71	74	75	76	78	80	81	83	85	87	88	89	90	91	93	94	97	98	101	103	104	112	115	121	124	127	130	1223	1228	1380	1440	1729	1730	1731	1732	1734	1735	1736	1737	1739	1741	1742	1744	
21349:	56	
21351:	10	
21353:	85	
21356:	112	
21357:	104	1223	
21358:	104	
21359:	10	48	83	89	97	130	1730	1735	1744	
21361:	104	112	
21362:	9	71	85	1223	1228	1380	1440	
21363:	1440	
21364:	8	9	10	11	12	13	83	112	115	121	127	1380	1730	
21413:	19	
21471:	82	101	
21501:	5	6	8	18	21	24	26	27	28	29	30	31	32	36	37	39	40	41	44	47	48	51	52	56	57	59	60	61	63	64	65	66	67	70	71	73	74	75	76	77	78	81	82	85	87	88	89	90	93	94	98	100	101	104	105	106	112	114	120	122	123	124	126	131	133	1380	1440	1731	1734	1735	1741	1742	1743	
21502:	5	6	8	21	24	26	27	28	29	30	31	36	37	41	44	47	48	51	52	57	63	65	66	70	71	73	74	75	76	78	81	85	87	88	89	90	93	94	98	101	104	106	114	120	122	123	124	126	131	133	1380	1731	1734	1735	1741	1742	1743	
21503:	24	39	40	56	59	60	67	73	77	88	105	106	1440	
21511:	82	
21513:	18	
21516:	59	82	100	105	1440	
21518:	67	
21519:	32	39	94	
21520:	32	39	94	
21523:	18	39	67	
21556:	103	
21567:	73	
21622:	33	44	75	80	118	128	
21634:	110	129	
21643:	75	1736	
21875:	1736	
21883:	37	48	51	70	71	89	118	119	120	1735	1742	
21972:	87	
22016:	134	
22139:	5	7	8	18	21	22	25	28	32	35	39	40	47	54	59	61	62	64	67	73	77	82	88	96	98	100	105	106	1440	
22140:	62	77	
22163:	39	106	
22165:	39	106	
22212:	116	123	134	
22214:	134	
22336:	36	47	93	101	117	1739	
22359:	77	
22652:	103	
22768:	7	58	61	
22771:	96	
22783:	7	34	55	58	69	85	94	96	1717	1727	1728	
22875:	118	
22892:	1223	
22897:	104	
22980:	117	
23000:	1733	
23032:	58	1738	
23056:	16	
23061:	16	
23087:	112	118	
23088:	112	
23089:	112	
23094:	16	76	98	
23116:	33	60	64	
23117:	33	64	
23123:	16	
23182:	20	
23216:	31	
23217:	31	
23247:	7	22	60	61	
23287:	62	
23368:	28	61	93	
23400:	60	
23443:	116	
23478:	113	
23521:	53	
23571:	56	
23714:	1736	
23726:	1736	
23731:	116	
23733:	58	118	119	
23738:	134	
23803:	77	1440	
23810:	22	38	53	
23828:	13	32	77	91	104	117	1740	
23898:	91	
23910:	56	
23954:	18	
24124:	22	
24167:	32	
24168:	7	28	32	74	75	103	124	
24169:	7	28	32	74	75	103	124	
24322:	49	
24377:	7	18	60	
24386:	4	6	9	13	44	57	75	83	104	112	124	127	1717	1727	1728	1730	1735	1741	
24392:	9	83	104	112	127	1730	1735	
24636:	20	31	32	59	96	112	1736	
24641:	20	31	32	59	96	112	
24646:	6	8	21	28	31	32	36	37	41	47	48	51	52	56	57	60	63	64	65	66	70	74	75	76	77	78	81	87	88	90	93	98	100	101	108	109	110	111	116	119	123	129	132	134	1731	1734	1735	1741	1742	
24681:	80	
24717:	44	
24777:	22	56	73	87	103	126	127	131	
24786:	82	
24810:	32	
24825:	7	35	73	1440	
24845:	4	6	7	18	20	33	35	37	39	47	50	51	53	54	57	59	60	62	64	67	71	73	74	75	76	77	79	80	81	83	87	93	96	98	100	101	102	105	106	112	121	125	1380	1440	1730	1731	1735	1736	1738	1744	
24852:	7	8	15	21	27	31	32	34	35	36	39	40	44	45	51	56	59	60	61	64	66	72	73	74	75	77	79	82	88	90	93	100	103	105	112	117	1440	1717	1727	1728	1734	1739	
24866:	61	
24875:	34	
24877:	64	
24901:	17	22	31	32	49	70	
24919:	58	
24926:	5	
24988:	29	54	70	103	126	131	133	
25011:	58	69	1717	1727	1728	1732	1737	1740	
25014:	58	
25016:	69	1717	1727	1728	1740	
25112:	20	22	91	119	
25138:	85	
25148:	1223	
25149:	1223	
25173:	64	
25201:	5	
25374:	58	69	
25375:	69	
25439:	40	60	
25445:	32	54	
25451:	60	61	104	
25459:	44	
25470:	11	27	88	108	
25571:	45	
25578:	45	
25720:	53	
25781:	101	
25851:	55	
25905:	41	121	122	123	
25977:	41	54	73	126	127	128	131	132	
25978:	41	54	73	126	127	131	
26010:	62	
26014:	36	93	1740	
26278:	18	28	32	37	38	39	47	50	51	52	56	64	65	67	76	77	88	93	94	98	106	108	109	110	116	119	123	129	132	134	1380	1440	1731	1735	
26279:	18	
26280:	67	1380	
26281:	94	
26302:	56	
26393:	29	1380	
26491:	29	
26493:	7	
26554:	88	100	
26558:	101	
26853:	56	
26859:	56	
26969:	9	88	
27275:	1738	
27291:	106	
27552:	53	
27609:	38	
27617:	45	60	
27653:	61	
27660:	1717	1727	1728	
27664:	5	10	18	26	60	67	81	84	92	125	1731	
27665:	79	128	132	
27666:	128	132	
27672:	38	107	
27675:	4	5	6	7	9	13	14	16	18	19	22	23	25	28	30	31	32	33	34	35	36	37	38	39	40	41	43	44	45	46	47	49	50	51	52	53	54	55	56	57	58	59	60	61	67	68	69	70	72	73	74	75	76	77	78	79	81	83	84	87	88	91	93	96	98	99	100	101	102	106	108	110	111	113	114	115	116	117	119	120	121	122	123	124	127	128	129	131	132	133	134	1440	1717	1727	1728	1730	1735	1736	1737	1739	1740	1742	1744	
27680:	45	
27681:	25	52	76	96	98	1440	
27682:	70	1735	
27683:	5	32	59	67	73	88	98	132	
27684:	36	47	93	117	1739	
27685:	16	45	54	72	99	1739	1740	
27832:	1223	
27920:	20	112	1729	
27930:	1228	
27960:	106	
27979:	9	
27983:	16	
27987:	50	54	94	104	
28091:	77	
28178:	39	
28242:	35	
28270:	106	
28458:	45	
28459:	45	
28465:	45	
28470:	23	41	45	52	59	64	76	96	98	119	
28477:	23	45	
28539:	38	
28577:	1223	
28631:	8	9	21	63	64	66	83	90	1730	1734	1735	
28642:	85	94	112	1380	
28645:	85	1380	
28661:	2	18	21	51	67	74	77	108	110	122	129	1440	1740	1742	
28664:	77	
28667:	51	1740	
28668:	20	28	31	32	34	38	49	59	73	83	88	96	103	104	106	112	1440	1730	1738	1744	
28700:	47	51	98	100	
28828:	73	
28849:	16	
28863:	67	100	1740	
28889:	7	77	
28996:	1740	
29091:	55	
29236:	62	
29259:	65	
29263:	9	24	63	65	78	103	109	
29302:	1223	
29331:	56	
29348:	7	
29402:	1228	
29551:	22	
29565:	39	106	
29593:	1742	
29695:	82	
29933:	80	
30024:	67	
30032:	35	60	1738	
30361:	73	
30363:	43	
31019:	20	32	35	38	39	59	61	73	74	76	78	79	81	87	91	98	1440	1738	1742	
31021:	20	35	39	59	74	76	87	98	1738	
31022:	20	35	39	59	74	76	87	98	1738	
31029:	1729	
31068:	1440	
31415:	1228	1440	
31430:	118	
31469:	49	
31570:	77	1228	1380	
31571:	1228	
31597:	7	
31606:	117	
31681:	77	
31687:	1739	
31771:	5	
31844:	93	
31849:	7	60	
31895:	1733	
31941:	5	24	29	64	70	78	103	120	126	131	
31971:	1	2	6	41	52	57	64	68	75	78	101	117	1740	
31989:	1740	
32048:	97	
32056:	62	
32059:	1738	
32101:	9	29	85	94	
32125:	50	56	76	1228	
32136:	79	1228	
32141:	60	
32155:	56	125	
32171:	2	4	7	8	9	10	11	12	13	14	18	21	23	24	25	26	27	30	31	32	34	39	44	45	51	67	73	77	82	83	105	108	109	110	111	112	113	114	115	116	118	119	120	121	122	123	126	127	128	129	131	132	133	134	1380	1440	1730	
32181:	108	110	129	
32204:	49	
32205:	49	
32220:	76	98	
32259:	8	21	66	90	1734	
32285:	1743	
32310:	16	
32466:	5	
32611:	49	
32636:	62	
32739:	9	
32792:	61	
32799:	4	5	6	8	9	11	21	27	28	37	41	44	48	51	52	57	63	65	66	68	70	74	75	76	77	78	81	83	87	88	90	91	94	98	100	101	103	104	105	108	110	112	114	115	118	120	121	122	124	126	127	128	129	130	131	132	133	1730	1731	1734	1735	1742	1744	
32800:	66	90	1734	1744	
32819:	22	23	
32866:	87	
32889:	54	
32920:	22	
33186:	1738	
33218:	1440	
33338:	39	
