18:	119	
44:	2	11	31	44	50	53	75	85	130	
54:	52	
61:	39	
66:	1	
68:	86	
70:	63	
93:	14	
107:	41	
157:	52	
158:	52	
181:	118	145	
246:	48	115	
302:	118	
350:	2	3	4	10	11	13	16	17	19	21	23	24	26	28	30	31	32	34	36	39	43	45	47	56	57	58	73	74	77	80	83	84	86	94	97	100	102	109	110	117	122	126	129	130	131	134	137	138	148	157	159	165	
353:	26	
354:	31	97	137	165	
377:	75	
382:	97	108	112	131	161	
396:	106	135	
402:	106	
450:	41	73	148	
492:	15	39	73	86	162	
496:	86	
641:	73	
642:	73	
676:	102	
679:	86	
690:	114	132	134	138	141	
728:	108	
802:	126	147	
849:	80	
851:	77	151	
869:	139	
917:	80	
949:	84	
951:	84	
1000:	16	
1008:	26	
1016:	10	64	
1063:	38	
1073:	164	
1086:	145	
1097:	10	
1134:	66	
1231:	109	
1272:	141	
1281:	159	160	
1404:	54	
1408:	131	
1479:	26	
1520:	91	111	
1559:	38	
1637:	3	4	8	44	45	47	68	89	94	96	124	126	127	128	133	136	150	163	
1638:	124	
1641:	150	
1642:	47	126	127	
1646:	44	45	68	89	136	
1653:	79	90	97	98	118	128	133	148	
1661:	9	
1676:	9	160	
1702:	21	30	82	107	130	160	163	
1708:	82	163	
1709:	59	
1711:	15	24	31	36	38	40	44	45	47	48	50	51	57	58	64	68	74	77	79	88	92	96	100	101	102	109	110	115	116	117	122	123	127	128	133	136	138	160	164	165	
1714:	88	
1730:	92	
1731:	157	
1732:	84	141	
1746:	108	
1760:	58	
1838:	11	
1859:	97	
1868:	26	48	86	94	119	
1874:	86	
1877:	106	
1917:	119	
1976:	158	
2024:	102	121	
2027:	121	
2054:	157	
2057:	157	
2085:	16	75	
2087:	39	
2088:	3	4	5	6	8	13	14	19	20	22	23	28	31	35	37	40	43	46	47	48	53	54	58	59	60	61	62	69	72	76	78	84	85	88	89	90	93	100	110	112	115	117	121	125	127	128	129	130	133	134	136	137	138	143	152	154	158	161	162	163	
2090:	40	
2093:	28	
2095:	5	35	76	
2098:	61	
2099:	20	47	59	62	69	88	90	93	117	121	137	143	
2130:	11	32	35	38	45	48	51	68	73	81	82	86	90	92	97	98	102	111	115	116	117	119	121	125	130	133	137	138	151	165	
2139:	117	
2238:	39	
2241:	15	82	
2242:	48	
2256:	118	
2282:	26	28	51	54	60	62	64	65	128	165	
2284:	28	
2297:	148	
2331:	97	
2363:	41	
2364:	41	
2366:	105	122	
2376:	118	
2378:	94	
2390:	21	52	
2433:	46	
2454:	98	
2463:	148	
2489:	106	
2601:	157	
2603:	28	
2637:	108	157	
2645:	3	4	5	8	17	28	33	38	42	43	44	49	54	59	60	62	65	88	89	117	129	134	154	161	
2646:	17	60	154	
2659:	44	
2660:	44	
2663:	88	
2678:	42	
2693:	37	
2700:	10	158	
2701:	10	
2722:	10	
2736:	118	
2743:	32	35	
2785:	158	
2816:	3	4	8	45	47	48	59	61	62	63	68	69	76	79	84	87	88	89	90	91	92	94	95	96	97	100	101	102	103	108	109	110	112	114	115	116	117	118	119	121	122	125	126	127	128	129	130	131	133	134	137	138	144	145	147	151	152	153	156	157	163	165	
2821:	92	94	97	102	130	
2835:	45	61	62	84	87	88	95	96	97	100	114	116	118	119	122	125	129	137	144	147	151	153	
2869:	84	
2873:	38	54	
2879:	50	
3027:	81	
3091:	56	71	
3115:	163	
3127:	122	
3237:	4	44	45	46	47	81	85	88	89	96	102	128	133	158	
3261:	69	
3262:	69	
3311:	78	
3316:	76	
3321:	5	15	40	44	46	48	51	54	60	64	76	107	115	118	121	128	131	145	146	
3327:	118	145	
3348:	46	
3373:	15	
3375:	10	
3381:	73	94	122	165	
3387:	15	
3389:	158	
3425:	87	102	125	131	137	138	139	148	152	
3492:	2	5	12	15	22	26	30	31	32	33	35	37	38	41	42	50	51	55	57	58	64	68	70	73	75	77	80	81	82	83	106	108	118	139	151	158	
3562:	5	
3573:	12	
3577:	21	
3612:	38	54	80	
3618:	38	
3641:	82	
3643:	82	
3651:	131	
3652:	131	
3660:	7	
3661:	46	
3679:	61	
3681:	69	132	
3688:	18	19	31	36	37	46	53	54	61	62	63	66	69	79	82	85	94	104	107	114	122	125	132	133	136	149	154	156	160	161	163	
3689:	125	132	
3690:	154	
3691:	18	37	46	53	54	61	62	85	104	154	
3692:	63	
3693:	61	63	69	94	132	136	149	
3694:	79	107	132	
3695:	79	
3696:	79	
3698:	81	97	107	132	158	
3699:	158	
3702:	53	85	107	132	
3708:	156	
3710:	10	
3713:	107	112	132	152	
3714:	112	
3715:	112	
3716:	107	132	
3719:	107	
3721:	81	122	142	145	165	
3741:	98	111	145	
3781:	15	
3865:	16	21	26	42	44	47	48	51	73	82	88	92	96	100	101	102	103	108	114	115	116	117	118	119	120	127	128	130	131	136	139	140	145	151	153	157	160	
3866:	160	
3869:	115	116	117	145	
3870:	131	
3871:	47	88	92	101	
3872:	16	136	
3873:	16	
3875:	44	45	47	51	88	96	100	101	123	127	128	160	
3876:	44	45	47	51	88	96	100	101	123	127	128	160	
3877:	157	
3878:	131	
3879:	131	
3884:	86	105	
3886:	51	
3887:	160	
3888:	51	118	155	160	161	
3893:	51	155	159	160	
3894:	155	160	
3895:	159	
3897:	45	
3898:	160	
3899:	131	
3900:	30	82	131	
3901:	44	
3902:	146	
3903:	48	73	93	102	115	116	117	121	
3904:	116	
3905:	139	
3908:	16	88	103	118	119	128	
3910:	131	
3912:	35	48	74	115	145	
3913:	48	115	
3916:	59	88	128	
3917:	93	121	
3918:	86	
3919:	86	
3920:	87	92	93	102	119	121	138	145	
3921:	138	
3923:	92	93	100	102	105	121	135	138	145	
3951:	124	
3954:	163	
3989:	78	
4024:	98	
4127:	34	
4138:	38	
4245:	52	
4248:	160	
4251:	9	46	61	
4334:	62	84	102	125	165	
4351:	47	
4371:	44	
4372:	44	
4443:	128	
4452:	13	
4530:	61	85	
4575:	39	
4584:	15	145	
4620:	35	
4668:	61	63	
4689:	48	115	
4726:	25	
4729:	48	74	115	116	
4730:	15	
4731:	74	
4772:	16	161	
4812:	64	75	
4815:	18	
4818:	137	
4822:	125	137	145	147	
4829:	15	31	40	56	59	75	79	90	125	126	130	136	160	163	
4830:	40	79	
4849:	44	
4880:	3	87	
4888:	73	
4895:	81	
4919:	132	
4926:	102	
5025:	10	
5027:	10	
5041:	145	
5064:	86	93	102	121	138	
5065:	138	
5143:	26	86	
5145:	26	
5146:	86	
5149:	21	
5454:	97	136	
5460:	68	
5507:	85	118	
5653:	98	111	116	
5725:	161	
5876:	15	
5890:	111	
5918:	157	
5920:	7	36	39	58	74	77	83	137	138	
5931:	86	
5934:	61	
5948:	115	
5974:	50	
6042:	58	125	137	
6058:	64	160	
6061:	51	66	
6115:	5	9	26	39	80	161	
6118:	94	
6281:	7	16	38	62	68	82	102	106	128	130	132	151	160	
6311:	73	
6313:	73	
6319:	131	
6323:	40	
6382:	160	
6397:	81	
6568:	16	17	21	66	73	80	110	154	161	
6596:	5	35	76	
6743:	25	
6753:	110	
6899:	18	
6979:	73	106	
7087:	5	13	23	28	36	46	67	77	119	132	162	163	
7094:	163	
7096:	46	67	
7116:	21	25	31	33	60	82	94	101	117	122	
7133:	6	21	30	62	63	65	84	85	
7151:	25	50	51	
7300:	110	
7306:	7	20	44	47	68	73	91	92	102	117	124	126	127	130	136	163	
7318:	73	
7338:	68	
7343:	88	110	
7351:	68	93	
7486:	85	
7487:	85	
7510:	10	33	
7528:	124	
7598:	89	
7600:	2	3	5	8	11	13	22	33	38	67	70	74	89	98	110	117	134	141	156	
7601:	98	
7603:	98	134	
7604:	134	
7606:	3	11	98	
7607:	74	117	134	
7608:	98	141	
7609:	2	3	8	11	13	22	38	89	134	156	
7610:	98	
7611:	98	134	
7613:	33	108	110	
7684:	16	21	66	81	109	115	145	160	
7736:	66	
7778:	7	15	51	73	97	140	
7787:	73	
7802:	140	
7833:	98	117	152	
7839:	20	72	116	134	139	141	156	162	
7937:	159	
7943:	124	
7949:	66	
8002:	2	16	22	62	66	82	106	137	159	
8086:	106	161	
8157:	118	
8187:	26	
8195:	19	26	42	141	
8197:	19	47	
8216:	2	5	8	9	11	13	18	19	22	23	26	28	36	43	49	53	54	61	62	66	67	70	76	78	82	85	88	130	134	162	
8235:	164	
8264:	145	
8265:	145	
8324:	37	46	54	61	85	
8325:	37	46	54	85	
8489:	54	85	
8584:	15	
8631:	106	
8688:	154	
8731:	98	108	
8735:	98	
8759:	98	
8787:	159	
8793:	32	35	90	
8827:	1	6	
8828:	1	6	
8845:	22	
8853:	21	59	
8863:	125	147	
8865:	39	
8886:	6	51	
8887:	6	51	
8955:	18	
8963:	64	
8999:	131	
9001:	131	
9037:	139	
9054:	81	
9080:	66	
9086:	124	
9090:	66	
9195:	65	
9210:	106	
9223:	21	
9336:	10	
9366:	14	
9373:	12	
9379:	54	62	
9380:	62	
9381:	62	
9389:	63	
9457:	110	
9470:	73	
9541:	164	
9610:	91	118	165	
9618:	109	
9629:	106	139	
9697:	76	
9698:	76	
9787:	98	148	
9806:	98	
9849:	19	
9876:	71	
10049:	22	55	105	
10052:	22	55	105	
10053:	22	55	105	
10061:	64	135	136	
10080:	151	
10165:	106	
10167:	106	
10171:	78	
10172:	25	50	
10174:	25	
10179:	54	106	124	
10184:	28	
10185:	28	
10198:	5	109	
10203:	109	
10225:	107	
10248:	128	
10254:	26	36	46	51	54	73	77	80	92	162	
10277:	89	97	118	
10282:	118	
10325:	155	160	
10345:	111	
10356:	31	
10358:	58	106	
10360:	156	
10394:	132	
10437:	15	
10472:	103	
10498:	19	
10535:	15	
10547:	94	
10578:	145	
10681:	161	
10729:	37	54	85	
10749:	128	
10774:	37	
10775:	37	
10804:	9	42	70	
10851:	115	147	
10859:	14	
10882:	124	
10924:	164	
11004:	11	
11005:	11	
11061:	17	
11124:	54	
11137:	38	51	
11144:	125	
11177:	73	157	
11179:	73	
11189:	157	
11206:	15	40	79	
11255:	3	5	11	34	70	86	98	134	
11260:	86	
11271:	34	
11275:	86	126	
11331:	50	
11393:	3	20	44	59	63	65	73	84	86	87	89	102	105	127	128	130	131	133	134	136	145	150	152	
11399:	86	
11418:	128	160	
11558:	109	
11586:	20	
11610:	3	15	20	24	25	44	45	47	68	69	79	88	89	90	91	92	97	100	102	108	112	115	117	118	124	125	126	127	128	129	130	133	137	148	
11635:	15	
11659:	1	
11706:	15	118	
11759:	14	78	
11773:	12	
11790:	18	
11832:	91	
11959:	34	
11969:	16	
11991:	54	
12003:	50	
12017:	80	
12021:	40	134	
12051:	26	27	48	90	112	
12074:	31	
12084:	12	
12180:	9	
12259:	16	
12299:	141	
12316:	109	
12371:	70	
12399:	94	131	134	
12400:	94	134	
12413:	164	
12496:	160	
12499:	115	
12530:	48	73	74	116	
12611:	6	
12682:	84	125	
12697:	159	
12821:	117	
12822:	145	
12824:	163	
12962:	8	
12995:	16	
13023:	38	
13122:	18	
13123:	18	
13125:	45	
13149:	42	
13161:	53	
13283:	159	
13359:	74	
13455:	73	
13464:	107	
13494:	60	128	
13497:	20	44	128	130	136	
13498:	7	20	24	
13525:	7	8	19	21	22	26	31	39	46	47	53	59	61	62	63	68	69	72	76	79	82	84	85	88	90	94	97	101	106	107	109	112	114	126	128	132	133	152	154	158	161	164	165	
13531:	47	
13537:	94	133	158	
13578:	117	134	
13588:	15	68	
13601:	30	
13606:	30	
13613:	30	
13614:	30	
13615:	28	
13618:	81	
13620:	81	
13668:	10	
13677:	10	
13686:	8	49	94	100	127	134	137	
13701:	98	127	163	
13703:	98	
13714:	145	
13717:	145	
13729:	29	
13790:	81	
13832:	48	115	116	
13833:	48	115	116	
13841:	44	81	91	102	121	138	
13849:	48	98	134	
13857:	86	
13907:	76	85	131	
13944:	74	
14006:	98	141	164	165	
14145:	48	115	116	
14149:	134	
14229:	73	
14231:	73	
14247:	115	
14275:	48	74	115	116	
14294:	115	
14338:	99	
14340:	99	
14344:	17	73	
14362:	48	97	101	109	116	125	
14364:	101	109	125	
14367:	100	
14388:	85	
14457:	46	
14476:	112	148	
14490:	148	
14539:	94	98	125	141	164	165	
14546:	98	141	164	165	
14629:	97	
14683:	98	111	
14692:	160	
14824:	118	
14846:	50	
14890:	164	
14891:	164	
14958:	87	94	97	116	125	145	
14960:	145	
14973:	94	
14977:	125	
14992:	6	115	
14996:	7	
15007:	15	24	
15016:	40	
15018:	48	111	157	
15021:	63	157	
15052:	2	11	67	
15078:	160	
15132:	116	
15144:	92	105	
15212:	40	
15267:	68	
15271:	6	
15280:	6	
15296:	87	
15319:	38	
15324:	132	
15329:	159	
15355:	164	
15368:	52	
15423:	73	
15494:	21	
15495:	21	
15639:	98	
15654:	3	11	34	76	98	110	134	
15657:	98	
15658:	3	98	134	
15791:	12	
15794:	46	
15832:	16	
15839:	54	
15849:	25	51	86	101	106	118	
15851:	86	106	
15873:	12	15	22	26	30	31	32	37	41	42	50	51	55	57	58	68	70	73	77	80	81	82	83	106	118	151	
15875:	16	38	103	109	
15881:	4	10	15	22	28	29	54	68	73	84	86	90	91	97	101	102	103	108	109	110	111	115	117	118	119	122	126	127	128	129	131	145	148	152	157	158	163	164	165	
15885:	73	
15897:	15	117	
15944:	19	
15958:	21	
15975:	163	
15981:	40	80	
15983:	42	
16013:	40	
16017:	12	
16024:	14	
16028:	64	
16029:	64	
16036:	80	
16037:	34	
16040:	34	
16042:	58	
16045:	41	
16066:	46	85	
16086:	7	
16089:	72	
16136:	116	
16163:	16	117	
16167:	48	55	74	83	115	116	117	120	122	126	132	134	145	
16173:	74	
16178:	48	
16179:	48	120	126	
16180:	48	126	
16183:	48	83	117	126	
16238:	105	
16239:	105	
16251:	86	115	157	165	
16254:	165	
16332:	159	
16335:	5	23	72	
16339:	57	
16374:	131	
16391:	80	
16479:	40	
16508:	24	
16511:	22	26	70	
16532:	13	109	139	
16546:	91	128	
16553:	91	
16554:	91	
16555:	77	
16561:	106	128	162	
16578:	58	
16595:	60	
16596:	60	
16661:	48	115	
16662:	48	115	
16663:	159	
16664:	159	
16672:	51	66	157	
16728:	76	
16732:	66	76	
16735:	3	28	30	38	49	
16737:	159	
16802:	8	26	30	109	159	
16805:	30	
16825:	43	
16830:	76	
16871:	61	
16883:	4	8	22	52	72	88	109	
16885:	78	
16893:	14	66	78	
16894:	66	78	
16899:	30	155	
16912:	98	
17005:	36	
17006:	36	
17035:	128	
17085:	15	
17088:	147	
17089:	147	
17097:	127	
17098:	127	
17128:	35	
17136:	22	
17144:	43	
17154:	98	141	156	
17155:	141	
17156:	141	156	
17203:	164	
17210:	9	
17218:	48	115	
17219:	48	115	
17230:	78	
17246:	82	130	160	
17277:	159	
17278:	67	72	
17279:	72	
17349:	80	
17397:	164	
17429:	10	
17433:	6	
17574:	112	
17596:	15	
17601:	7	15	24	
17602:	7	15	
17609:	66	
17705:	131	
17744:	21	
17754:	131	
17757:	131	
17793:	147	
17794:	147	
17802:	100	
17814:	94	107	136	147	
17815:	136	
17816:	94	136	
17858:	82	165	
17893:	12	91	128	
17915:	73	
17955:	124	
17962:	83	
18076:	32	
18175:	73	
18210:	73	
18252:	58	
18309:	48	115	
18311:	42	
18349:	147	
18352:	49	
18359:	74	
18416:	14	66	72	
18424:	97	101	109	125	
18433:	75	
18440:	124	
18501:	82	104	
18596:	124	
18657:	98	
18710:	83	
18712:	83	
18839:	15	24	
18857:	31	
18858:	31	
18871:	31	75	
18886:	25	
18899:	66	
18906:	42	43	67	
18937:	31	
18961:	117	
19007:	15	
19022:	145	
19030:	145	
19148:	163	
19173:	125	137	145	147	
19214:	26	
19218:	94	99	
19227:	94	
19236:	88	
19243:	32	90	
19492:	164	
19524:	35	
19541:	92	130	
19572:	33	109	
19574:	50	
19575:	73	
19599:	38	
19875:	54	
19897:	97	
19909:	1	19	44	50	54	78	85	128	
20248:	79	
20272:	37	46	61	
20278:	46	54	81	114	149	
20293:	54	114	122	151	
20297:	13	33	
20343:	52	60	109	128	159	
20344:	109	
20350:	63	
20352:	12	
20391:	63	107	132	133	
20404:	21	51	159	
20462:	39	
20483:	77	
20484:	77	
20487:	107	158	165	
20489:	97	165	
20493:	165	
20494:	97	107	165	
20495:	81	
20496:	51	
20514:	69	
20528:	14	78	
20549:	48	58	112	115	124	125	137	138	147	163	
20550:	112	137	163	
20551:	124	138	
20552:	124	138	
20672:	50	57	70	160	
20679:	28	56	
20681:	56	
20729:	115	
20893:	111	160	
20895:	39	
20975:	128	
21016:	58	
21017:	128	
21020:	15	22	26	31	32	35	39	57	58	64	74	80	83	86	97	101	108	115	125	131	137	145	157	165	
21022:	58	137	
21023:	58	137	
21030:	108	
21046:	51	56	57	66	82	118	155	160	161	
21047:	82	
21048:	160	
21073:	86	106	138	148	160	
21074:	138	
21080:	148	
21082:	148	
21083:	86	
21085:	160	
21086:	81	127	158	165	
21096:	5	109	
21101:	131	141	
21102:	141	
21119:	35	127	163	164	
21136:	48	115	
21137:	141	
21270:	7	44	47	68	102	105	108	117	124	126	127	136	163	
21277:	108	
21283:	7	44	47	68	102	117	124	126	127	136	163	
21302:	105	
21381:	73	
21471:	107	
21527:	5	14	18	23	29	40	43	46	57	65	66	67	74	81	83	118	161	162	
21619:	80	
21656:	122	
21657:	122	
21658:	37	53	54	62	68	107	111	114	122	125	132	142	143	
21659:	114	122	
21660:	53	62	
21661:	68	
21662:	68	122	143	
21663:	128	
21664:	85	
21666:	138	
21695:	63	
21696:	63	
21720:	22	90	98	
21721:	22	98	
21800:	52	
21804:	14	
21806:	14	
21810:	58	
21821:	72	
21851:	110	
21870:	160	
21886:	98	102	
21905:	156	
21967:	69	
21995:	2	5	11	134	156	
21996:	43	134	156	
21998:	158	
22044:	106	
22108:	39	
22115:	5	
22123:	115	116	
22126:	68	
22179:	80	
22361:	58	106	
22367:	56	
22381:	14	
22383:	72	
22420:	39	
22494:	26	32	48	50	81	86	106	
22502:	30	77	163	
22507:	30	
22525:	29	
22626:	67	
22736:	1	6	
22737:	1	6	
22739:	1	6	15	20	29	51	
22757:	1	6	20	75	
22771:	36	111	
22776:	111	
22783:	139	148	164	
22786:	148	164	
22835:	127	
22946:	107	
22977:	25	51	
22993:	11	
23000:	41	
23021:	33	124	139	
23022:	66	
23023:	13	33	70	88	93	102	109	121	124	130	138	139	145	
23024:	139	
23025:	139	
23029:	90	
23031:	97	
23032:	20	
23033:	151	
23035:	3	22	82	85	109	
23036:	160	
23037:	18	
23056:	63	165	
23065:	165	
23094:	7	21	50	51	68	70	82	98	106	118	131	140	
23136:	68	
23145:	157	
23173:	32	
23201:	160	
23243:	48	115	
23308:	124	
23314:	115	
23435:	60	103	
23436:	60	103	
23450:	98	
23466:	24	
23521:	107	
23571:	86	102	
23637:	26	101	126	
23668:	50	
23711:	112	137	163	
23722:	58	
23728:	25	
23730:	92	
23786:	25	95	147	
23789:	144	150	
23810:	77	
23833:	60	
23849:	111	
23851:	111	
23870:	7	
23887:	58	
23897:	58	
23910:	112	160	
24013:	161	
24051:	77	
24059:	9	70	
24067:	124	
24079:	31	
24124:	28	
24125:	28	
24139:	15	24	
24291:	15	
24293:	15	
24311:	80	
24342:	130	
24363:	15	
24407:	31	109	
24420:	109	
24429:	85	86	
24443:	35	57	58	67	81	160	162	
24458:	60	115	117	
24459:	60	117	
24465:	19	62	73	79	
24487:	34	
24553:	15	24	
24636:	38	69	103	111	112	115	131	139	148	
24638:	69	
24641:	38	139	
24650:	33	
24654:	2	3	4	5	8	11	13	22	28	33	38	67	72	78	89	109	110	129	134	156	
24657:	72	
24658:	57	
24659:	158	
24663:	161	
24675:	74	
24681:	160	
24685:	160	
24694:	148	
24721:	164	
24752:	4	45	47	89	
24753:	51	
24777:	164	
24783:	118	
24784:	91	
24786:	128	
24845:	4	8	20	22	24	27	45	48	55	68	84	86	89	92	94	96	97	98	101	102	103	105	107	109	111	113	115	116	118	119	121	126	127	128	129	130	132	133	134	135	136	145	148	152	157	158	159	165	
24852:	48	82	89	91	102	110	111	117	118	122	129	148	165	
24855:	122	
24860:	91	165	
24873:	110	
24881:	118	
24907:	25	
24917:	128	
24952:	94	
24962:	151	
24982:	10	
24991:	15	
25029:	10	15	29	
25033:	15	
25112:	29	
25114:	29	
25219:	54	80	162	
25220:	54	80	162	
25252:	160	
25301:	107	
25305:	107	
25344:	157	
25398:	86	
25445:	44	
25447:	38	66	85	118	
25448:	85	
25451:	91	111	
25508:	37	46	53	54	61	85	
25512:	25	
25513:	25	
25515:	37	53	85	
25519:	81	112	127	
25520:	18	
25596:	106	
25600:	86	92	102	145	
25689:	58	
25777:	18	
25793:	58	
25860:	48	115	
25861:	48	115	
25977:	51	57	59	67	69	90	94	103	128	148	163	
25978:	51	57	59	67	90	94	128	148	163	
26116:	15	
26144:	86	
26324:	127	
26329:	2	3	13	33	89	98	110	124	139	156	
26330:	3	
26332:	13	33	124	139	
26333:	156	
26334:	3	13	89	
26339:	156	
26344:	11	
26350:	62	
26363:	2	11	89	108	109	110	129	134	
26364:	2	11	89	129	134	
26367:	34	
26368:	66	72	78	
26382:	58	
26400:	134	
26403:	109	156	
26405:	124	
26409:	156	
26436:	43	
26468:	2	3	9	11	13	14	26	38	67	70	72	98	
26469:	72	
26471:	2	3	4	5	8	9	11	13	26	28	43	67	70	72	76	77	78	89	109	110	129	134	141	162	
26472:	3	4	8	11	13	89	129	134	141	
26478:	110	
26501:	86	98	
26502:	86	98	
26504:	139	
26558:	113	159	
26561:	113	
26596:	29	
26603:	161	
26617:	49	
26636:	13	33	139	
26648:	159	
26691:	28	81	
26694:	84	
26697:	138	
26701:	84	
26710:	84	139	
26727:	139	
26790:	160	
26798:	124	130	138	139	
26802:	147	
26805:	124	
26840:	52	75	
26848:	51	
26851:	82	
26853:	68	102	105	137	
26859:	102	
26860:	134	
26897:	64	
26898:	64	
26900:	128	159	
26912:	124	
26913:	58	
26936:	59	
26937:	124	
26938:	59	
26941:	128	
27035:	21	25	51	90	123	124	128	130	138	139	159	160	
27036:	130	
27039:	124	130	138	139	
27050:	145	
27114:	22	98	
27139:	18	58	
27140:	58	
27147:	161	
27242:	6	
27275:	3	7	20	48	68	73	87	90	91	92	97	98	100	102	107	109	111	112	115	116	117	119	124	125	126	127	130	132	133	134	138	142	145	152	157	158	165	
27277:	98	115	117	125	
27295:	8	20	47	59	61	62	69	84	88	90	91	93	97	100	102	107	112	117	121	125	137	143	158	163	
27370:	48	115	116	117	
27469:	80	
27485:	57	80	
27540:	43	67	
27558:	124	
27584:	157	
27604:	160	
27605:	160	
27627:	98	
27635:	70	
27637:	22	54	
27665:	145	
27668:	148	
27669:	127	
27675:	112	114	115	116	117	127	158	
27702:	111	157	
27786:	21	
27853:	107	
27920:	12	79	90	98	111	139	152	
27922:	98	134	
27930:	48	83	86	117	126	137	152	
27936:	2	3	6	7	11	48	98	134	
27977:	131	
28042:	21	26	
28077:	162	
28094:	121	
28304:	150	
28322:	147	
28329:	112	137	147	
28338:	124	
28432:	52	
28515:	20	
28539:	38	40	106	
28566:	115	
28567:	25	
28616:	15	115	125	136	137	
28617:	137	
28642:	12	72	141	158	164	
28645:	164	
28654:	33	89	
28661:	16	56	68	73	130	148	160	
28668:	3	59	87	88	94	96	98	101	107	108	115	117	119	125	127	128	130	134	139	148	157	158	159	165	
28675:	106	
28680:	12	
28772:	62	84	
28846:	7	125	
29027:	86	
29028:	86	
29190:	83	
29204:	58	124	
29220:	33	
29331:	51	86	111	
29332:	51	
29355:	135	
29377:	112	
29505:	52	
29522:	73	
29545:	54	
29551:	111	
29567:	61	62	
29598:	42	
29599:	42	
29627:	22	
29660:	12	
29820:	73	145	157	
29827:	86	
29856:	15	
29883:	58	
29895:	128	
30065:	33	
30066:	64	
30067:	64	
30093:	59	
30314:	83	
30340:	8	162	
30345:	8	162	
30354:	48	115	
30396:	165	
30539:	74	
30574:	21	
30585:	56	
30657:	56	
30748:	5	8	23	72	134	
30749:	5	23	72	
30750:	8	134	
30770:	8	162	
30818:	2	8	11	31	33	40	43	48	50	56	64	65	74	75	78	86	88	92	102	105	108	110	126	139	154	160	
30822:	33	
30836:	36	
30952:	80	
30963:	131	
30989:	124	
31019:	3	7	48	84	94	97	98	100	103	107	109	112	113	115	118	119	124	126	132	133	134	136	139	142	152	157	158	
31021:	48	84	94	97	107	109	112	113	115	118	119	126	132	133	134	136	139	142	152	157	158	
31022:	48	84	97	107	109	113	115	118	119	126	132	133	134	136	152	157	158	
31074:	45	
31105:	40	
31123:	73	
31182:	34	
31184:	34	
31215:	6	51	
31441:	164	
31509:	151	
31570:	106	
31647:	161	
31650:	14	
31682:	145	
31697:	66	
31740:	56	
31762:	51	
31777:	29	
31790:	21	
31811:	113	
31849:	107	
31876:	9	21	161	
31882:	61	
31971:	164	
32032:	55	
32059:	21	34	63	73	91	98	
32107:	131	
32110:	125	
32125:	25	51	82	91	127	
32127:	82	
32136:	111	117	
32141:	25	60	
32143:	25	60	
32155:	92	130	
32171:	87	92	94	138	
32228:	98	
32230:	98	
32342:	25	51	101	
32348:	101	
32381:	15	
32391:	160	
32437:	58	122	125	126	137	145	147	163	165	
32438:	125	137	
32439:	58	125	137	
32493:	109	
32495:	78	
32500:	76	78	
32513:	26	
32523:	139	
32539:	12	
32565:	12	
32671:	73	
32676:	35	78	
32710:	49	
32739:	25	51	
32780:	21	
32788:	74	
32814:	50	82	
32819:	51	
32932:	125	147	
32938:	145	
32959:	37	46	54	85	
32968:	31	
32988:	154	
32990:	94	
32994:	21	
33002:	112	
33008:	152	
33016:	35	
33017:	112	152	161	
33018:	112	127	159	161	
33060:	19	
33072:	36	
33126:	58	
33179:	37	46	54	85	
33183:	124	138	
33190:	46	
33250:	38	42	
33318:	65	141	
33379:	26	151	
33380:	151	
33391:	96	
33446:	154	
