12:	172	211	220	285	492	537	619	706	
13:	211	220	285	537	619	706	10378	
15:	211	220	
17:	42	349	527	
21:	44	261	356	
24:	21	82	
27:	229	509	
32:	182	
37:	78	372	528	529	643	840	846	10382	
41:	172	558	
44:	5	6	26	27	93	99	102	124	159	160	170	176	223	225	262	293	297	329	403	411	422	426	452	493	494	496	517	525	531	539	551	554	564	577	578	610	611	613	617	649	680	718	739	746	846	
49:	44	261	
61:	55	79	246	444	497	503	651	659	836	
73:	388	615	707	
74:	10008	
110:	741	
152:	227	276	463	717	
154:	844	10347	10377	10380	
164:	539	
166:	536	
173:	747	
187:	526	
204:	747	
205:	57	72	107	110	241	247	307	334	373	411	464	547	564	574	611	615	665	707	722	726	767	784	840	10363	
206:	840	
215:	811	
220:	478	
232:	438	
233:	114	700	
236:	241	411	
247:	422	
277:	202	
302:	392	513	
303:	389	
333:	219	305	
337:	128	
350:	5	7	12	19	23	24	25	51	54	55	58	62	63	70	71	73	75	76	78	90	97	107	111	112	114	115	116	118	123	130	131	135	136	137	139	141	142	143	147	148	150	152	155	156	159	162	165	167	168	170	171	180	191	195	198	199	201	206	210	211	212	216	223	224	229	230	232	236	237	238	247	249	252	257	258	259	261	267	268	270	273	276	277	279	284	291	295	298	303	305	306	307	312	316	323	330	332	335	337	339	344	346	355	367	369	376	378	381	383	384	389	390	393	394	395	398	399	408	410	420	421	422	424	427	431	438	442	443	444	445	448	449	453	456	458	460	463	464	468	469	472	475	477	480	481	482	493	503	504	506	507	508	510	519	522	531	536	539	540	541	542	543	544	549	550	552	553	556	559	567	568	570	572	573	576	578	580	584	586	590	595	598	600	603	609	610	613	617	620	625	632	633	637	639	640	641	648	669	672	677	679	680	684	688	690	692	693	697	713	714	715	717	720	722	725	727	742	743	744	746	747	748	756	764	765	768	769	770	771	772	773	780	784	787	789	803	805	806	817	819	821	823	824	826	828	829	833	834	836	837	841	845	846	10230	10298	10351	10352	10353	10354	10355	10356	10359	10360	10365	10367	10373	10378	10380	10382	
354:	688	10352	
358:	399	
360:	10373	
367:	10361	
375:	85	
377:	107	124	247	612	
382:	39	58	91	141	160	162	228	247	283	342	371	373	375	441	462	524	542	544	551	582	590	594	596	695	781	792	810	10366	
396:	268	455	472	837	
408:	407	
413:	160	
422:	66	265	10359	
423:	111	135	811	10177	
426:	811	
429:	810	
432:	49	
450:	11	85	90	100	167	231	239	252	301	327	467	484	509	557	559	657	660	720	734	742	10230	10363	
459:	559	
465:	802	
486:	207	
492:	39	50	68	85	113	118	119	157	176	227	230	265	292	295	312	316	320	330	331	365	378	395	421	430	441	522	590	659	672	686	687	696	702	719	780	811	828	829	830	10355	
493:	687	
494:	113	
499:	780	
507:	52	571	759	10008	
521:	165	
529:	403	718	
535:	368	
551:	568	
562:	57	75	160	411	821	
599:	775	
619:	145	
641:	82	422	439	715	823	840	
642:	422	715	823	
658:	93	383	386	10349	10362	
663:	508	
668:	389	
690:	497	499	509	
700:	509	
717:	10348	
766:	85	91	365	420	421	
767:	85	
779:	365	421	660	712	
786:	1	365	
807:	446	10383	
834:	1	12	203	223	264	292	420	429	430	456	526	540	560	598	618	677	684	768	10353	10355	
835:	1	12	203	292	420	429	430	456	526	540	560	598	618	684	768	10353	10355	
851:	1	48	54	62	71	83	90	95	101	105	115	116	119	133	152	156	157	170	212	214	227	245	247	254	257	265	288	297	317	331	332	407	418	442	474	486	487	496	502	506	516	535	573	581	617	627	632	633	657	672	673	690	737	741	749	756	760	770	771	772	773	776	789	798	801	803	811	816	841	10348	10366	10373	10381	10383	
852:	288	
866:	446	555	645	10374	
869:	40	98	276	277	283	289	291	306	351	367	386	396	414	463	471	623	661	693	717	727	767	
874:	40	
875:	283	291	727	
877:	283	
885:	262	
930:	370	
977:	506	
989:	260	399	492	
1021:	225	369	393	
1037:	775	
1063:	294	646	
1064:	626	
1081:	45	74	102	144	180	212	225	411	445	468	525	746	786	10177	
1096:	145	
1097:	9	40	100	110	195	215	247	270	272	436	498	516	523	559	561	566	665	710	
1098:	559	
1099:	499	
1144:	614	
1156:	220	806	
1202:	615	
1258:	562	
1273:	656	
1327:	82	215	270	285	640	
1352:	247	
1356:	97	
1401:	757	10362	
1404:	48	60	87	92	339	399	728	
1410:	10365	
1411:	10365	
1413:	438	
1423:	258	
1428:	132	
1434:	111	309	698	714	747	10248	10379	
1435:	309	
1443:	9	69	236	374	425	
1452:	21	
1469:	308	
1492:	308	328	
1496:	267	
1502:	83	
1520:	63	105	145	147	153	191	214	266	268	271	276	317	344	367	372	377	378	463	475	514	515	516	541	569	571	585	588	616	624	626	684	695	717	731	753	817	826	834	836	838	839	10008	10177	10348	10358	
1521:	344	616	
1537:	289	693	
1545:	622	
1563:	66	603	
1570:	66	
1579:	780	
1589:	10352	
1590:	10352	
1595:	225	
1635:	50	225	293	294	299	300	325	356	451	543	552	712	
1637:	93	96	132	287	309	386	693	826	842	10349	10381	
1640:	93	
1642:	826	
1646:	842	
1653:	39	82	135	163	241	256	259	271	311	314	366	410	413	434	483	484	500	514	515	537	541	581	611	636	640	665	703	727	757	842	10230	10356	10372	10375	10376	
1668:	552	
1674:	85	
1699:	755	
1702:	135	198	212	536	539	680	725	10358	10376	
1707:	212	725	
1708:	680	
1711:	7	12	20	30	51	52	56	60	76	84	95	102	107	111	112	115	120	122	124	125	128	131	142	158	173	181	182	185	186	193	198	204	216	228	229	231	241	249	260	261	264	265	268	271	277	278	286	287	290	293	294	299	308	309	323	326	329	336	348	365	366	372	384	394	397	398	408	420	421	422	423	430	453	464	474	477	478	481	485	488	494	496	497	509	513	522	538	539	551	553	569	577	578	600	608	609	611	612	641	646	649	666	680	686	695	698	718	720	725	731	734	741	746	780	781	785	796	799	801	809	826	827	830	837	10089	10177	10230	10248	10296	10358	10366	10374	
1718:	124	
1720:	10177	
1721:	478	
1725:	680	
1727:	384	
1728:	198	
1729:	52	553	612	
1730:	204	260	398	
1736:	7	
1758:	323	
1762:	112	
1767:	224	489	
1798:	10298	
1817:	19	787	
1824:	208	372	
1826:	208	
1833:	422	571	649	814	
1834:	422	571	
1838:	271	306	396	412	541	544	764	
1846:	70	150	153	475	594	684	731	
1847:	675	
1859:	462	640	844	
1860:	640	
1868:	212	539	698	826	842	10171	10248	10356	
1874:	698	
1878:	752	
1882:	610	
1883:	610	
1884:	384	
1901:	291	611	
1904:	386	
1910:	452	
1917:	198	
1920:	422	
1921:	422	
1946:	775	
1965:	713	
1966:	456	613	
1972:	113	174	204	429	456	522	628	680	687	713	
2014:	334	
2024:	4	19	70	117	128	142	164	225	229	238	240	246	257	290	297	333	348	356	424	478	497	538	543	559	575	579	583	612	744	799	837	
2027:	117	128	333	424	583	799	837	
2032:	129	153	187	285	348	412	502	563	619	640	713	727	10378	
2034:	543	
2035:	158	569	844	
2049:	225	451	453	718	
2050:	225	451	453	718	
2051:	225	451	
2052:	718	
2054:	10383	
2078:	386	
2085:	82	283	475	494	499	722	731	768	786	805	842	
2086:	307	530	
2087:	309	
2088:	12	57	92	94	105	119	149	168	246	274	275	279	301	316	317	324	334	370	372	377	408	411	443	453	470	472	486	497	545	550	568	628	657	767	788	808	845	10352	10357	
2090:	497	
2091:	497	
2099:	377	
2102:	628	672	
2124:	150	
2126:	640	
2130:	1	7	12	44	50	63	71	76	77	83	84	90	91	92	95	99	101	105	106	113	115	116	117	122	135	141	144	147	152	156	157	159	166	173	174	183	186	199	203	212	214	223	224	227	236	240	245	254	256	257	264	265	268	273	274	276	277	287	289	290	292	293	308	315	317	318	330	332	336	342	344	358	367	369	375	376	378	381	384	386	394	397	398	399	402	403	420	422	423	425	429	430	442	449	453	456	463	471	474	480	489	502	506	517	521	522	524	526	531	533	536	537	539	540	541	560	568	573	575	584	586	590	593	594	598	613	614	618	625	629	632	633	649	650	670	677	679	680	684	693	697	698	700	704	717	718	720	725	734	753	756	760	763	768	770	771	772	773	774	775	777	779	780	789	790	792	803	805	811	817	823	827	833	838	839	841	10055	10248	10351	10353	10354	10355	10364	
2140:	537	
2141:	199	811	
2143:	760	805	827	
2144:	76	83	91	92	105	106	147	173	183	223	240	254	273	274	317	367	378	423	474	506	684	774	817	
2145:	63	76	77	83	91	92	95	99	122	227	268	276	277	344	378	463	474	540	629	693	704	717	753	838	10351	
2147:	48	87	92	339	
2148:	700	
2158:	541	
2162:	754	
2167:	139	235	567	
2185:	390	
2241:	114	539	569	608	609	767	785	805	
2242:	26	28	53	58	127	145	173	199	238	335	381	412	427	541	544	596	598	616	640	650	10353	10354	
2243:	26	
2256:	30	81	119	133	140	225	246	289	379	453	470	484	568	628	647	667	670	672	726	759	825	
2264:	411	
2271:	840	10382	
2282:	149	167	214	281	287	289	296	302	323	367	423	435	443	444	459	477	507	530	545	596	614	649	817	10365	
2293:	499	
2297:	44	110	113	272	296	355	533	600	670	754	767	790	822	10367	
2301:	296	670	
2308:	421	
2331:	5	44	55	68	95	176	295	339	365	398	420	421	424	446	480	526	538	600	626	629	645	649	666	741	744	760	10361	10374	
2332:	424	538	
2346:	182	
2353:	301	
2355:	467	557	660	
2363:	150	327	467	539	557	660	699	757	780	843	
2364:	327	467	557	660	
2366:	428	554	
2377:	636	
2378:	39	306	425	514	815	10008	
2388:	159	160	170	245	286	550	564	
2390:	99	279	
2398:	50	294	299	300	329	531	809	
2405:	579	
2427:	225	
2433:	1	296	685	796	
2435:	308	525	
2450:	216	
2451:	216	
2454:	224	329	
2463:	801	
2471:	680	
2484:	10366	
2487:	521	
2488:	521	
2489:	149	150	214	252	384	533	673	780	
2492:	49	397	565	
2497:	397	
2499:	397	
2510:	565	
2519:	20	39	95	123	146	198	217	271	425	477	500	659	691	720	834	
2521:	123	
2536:	87	
2576:	202	613	
2581:	752	
2593:	172	
2616:	414	
2629:	307	411	564	574	767	
2644:	739	
2645:	5	51	59	113	174	240	287	296	308	316	330	430	435	441	458	481	494	496	509	520	522	526	536	571	586	588	596	610	680	718	799	840	10358	
2646:	51	59	113	240	296	308	316	330	430	435	441	458	481	494	509	520	526	536	586	588	596	610	680	718	799	840	10358	
2713:	426	
2715:	92	237	
2716:	92	
2717:	182	
2730:	149	840	
2783:	212	
2785:	148	169	267	504	508	513	576	10360	
2800:	640	10383	
2803:	10383	
2806:	559	
2808:	590	
2810:	528	
2816:	3	5	7	12	19	30	32	39	46	54	62	70	111	113	114	115	131	135	137	143	145	147	163	172	174	176	179	181	182	193	203	212	219	273	295	306	309	328	335	339	344	348	366	367	376	379	381	408	410	420	424	425	430	447	452	484	485	489	491	494	506	510	519	522	524	528	538	541	542	555	557	560	575	577	582	588	589	590	608	610	614	626	629	651	655	660	668	670	695	697	698	703	713	725	731	744	748	763	768	775	777	787	801	825	826	830	834	842	10171	10177	10230	10248	10348	10358	10359	10366	10376	10381	
2818:	212	725	
2821:	7	32	62	113	203	328	381	420	430	485	494	522	541	560	588	629	660	697	768	826	10358	
2822:	54	163	193	339	348	447	695	
2823:	555	
2825:	12	176	179	376	538	582	589	614	731	748	763	775	777	787	
2827:	655	
2829:	273	
2832:	452	
2834:	174	557	10366	
2835:	698	825	
2837:	626	
2839:	425	
2840:	533	
2847:	447	
2855:	90	
2860:	90	
2861:	90	
2870:	53	114	358	600	605	614	700	748	817	845	
2873:	51	57	190	251	281	289	302	367	459	475	579	672	759	817	10364	
2874:	51	281	289	367	
2875:	60	
2879:	114	168	189	195	292	371	473	518	524	720	
2881:	7	114	700	822	
2883:	53	
2888:	415	
2902:	397	10370	
2917:	471	
2978:	372	
2985:	397	
3004:	844	
3005:	844	
3031:	157	
3035:	193	
3040:	10350	
3041:	10350	
3054:	801	
3076:	287	
3077:	287	
3078:	287	
3091:	411	574	
3093:	81	85	164	358	651	
3098:	564	
3104:	782	
3115:	230	
3117:	6	
3127:	26	135	241	333	670	677	734	763	
3146:	241	
3147:	675	
3163:	301	
3180:	453	
3182:	231	451	680	
3184:	315	828	829	
3187:	50	293	294	299	300	451	453	497	
3191:	51	91	403	451	453	696	718	741	
3193:	741	
3208:	607	
3216:	370	
3226:	472	
3237:	5	14	19	24	26	28	32	38	54	68	70	71	82	91	92	93	95	99	100	101	110	113	116	120	122	123	127	134	141	145	146	147	156	157	158	162	164	167	172	180	189	196	238	266	270	272	281	283	285	296	331	332	343	346	359	375	395	397	402	416	418	424	426	429	430	436	437	442	456	484	486	498	512	517	518	521	526	553	561	566	571	573	591	594	605	613	614	618	629	632	633	636	651	655	662	665	675	691	692	700	719	722	731	734	755	756	761	765	770	771	772	773	777	787	789	792	795	803	810	824	836	841	843	10347	10353	10366	
3243:	189	665	
3244:	146	
3247:	429	843	
3251:	70	
3254:	82	145	172	
3298:	231	
3310:	196	285	
3315:	189	
3321:	1	32	48	56	97	105	114	118	119	140	142	148	162	169	173	191	238	261	267	272	274	281	296	309	310	317	331	344	367	390	459	474	504	508	513	546	561	568	576	583	590	612	614	629	672	673	700	767	792	796	798	833	837	10230	10360	
3327:	97	
3330:	173	685	
3340:	171	
3363:	53	283	
3381:	35	62	92	146	157	167	171	252	283	288	306	329	378	483	494	514	568	684	697	720	734	741	826	10008	
3389:	183	342	371	
3394:	51	734	10177	
3395:	734	
3396:	21	439	455	700	796	
3401:	605	
3410:	278	556	575	762	
3419:	513	
3425:	25	105	114	170	232	240	274	296	302	306	317	342	359	570	713	742	761	764	830	834	839	10298	
3440:	722	
3469:	65	192	533	670	
3492:	1	4	7	10	12	19	24	27	45	49	50	53	54	55	58	60	66	74	77	78	83	84	85	88	92	103	105	112	117	128	142	145	152	157	167	170	173	176	178	179	183	184	185	186	193	199	202	207	209	212	214	216	224	228	230	231	236	237	242	245	246	249	252	257	258	261	262	264	266	275	286	288	292	293	295	298	300	301	302	305	310	313	315	316	320	322	329	330	331	334	335	339	347	350	356	368	370	371	375	376	381	384	386	389	393	394	398	403	407	408	421	422	424	428	431	438	441	443	444	445	447	449	451	453	458	459	464	466	467	468	473	475	478	479	480	485	488	489	490	495	496	497	506	519	520	524	525	528	531	535	536	538	539	540	541	542	543	544	546	551	553	554	555	557	558	562	564	569	575	578	582	583	584	588	589	591	593	595	596	598	600	603	608	614	616	617	625	628	631	637	638	645	646	649	653	664	677	680	686	687	688	690	693	696	698	702	704	711	714	718	719	725	731	741	743	746	747	748	750	754	755	762	763	765	768	769	775	777	779	780	784	787	790	797	799	801	802	809	810	811	817	818	821	822	825	827	828	829	830	833	839	840	842	846	10347	10351	10352	10354	10355	10364	10365	10366	10374	10376	10383	
3501:	10370	
3503:	196	
3509:	71	116	156	332	442	538	573	632	633	756	770	771	772	773	789	803	841	
3513:	538	
3515:	517	
3524:	484	
3539:	300	
3541:	90	
3545:	102	356	
3546:	356	
3559:	27	59	102	160	212	245	330	411	421	550	747	10171	
3620:	176	
3630:	758	
3631:	97	111	182	318	673	
3641:	427	
3647:	427	
3673:	300	386	
3677:	375	
3736:	102	252	372	411	415	445	468	518	703	786	796	10177	10382	
3737:	252	372	415	796	10382	
3738:	102	
3741:	39	145	198	256	272	322	380	489	500	516	523	559	606	625	657	665	695	720	727	752	757	812	814	820	10358	
3748:	9	
3764:	162	650	
3766:	613	
3776:	135	211	815	
3834:	680	
3845:	269	
3846:	269	
3848:	225	372	
3865:	630	
3868:	630	
3908:	630	
3912:	837	
3935:	411	
3986:	10171	10177	
3996:	81	
4125:	309	
4137:	64	
4143:	636	
4173:	278	
4174:	482	
4176:	780	
4184:	12	
4222:	600	
4224:	276	
4248:	472	
4249:	472	
4251:	309	476	
4268:	44	
4275:	69	640	
4288:	499	
4292:	499	
4304:	569	583	
4308:	78	
4309:	78	
4319:	472	
4321:	541	624	
4322:	97	
4329:	10373	
4330:	10373	
4334:	8	58	69	90	175	280	283	342	620	646	
4365:	196	
4367:	51	229	471	641	
4368:	229	641	
4371:	113	290	435	513	603	
4372:	435	
4443:	70	128	142	377	515	579	594	10008	
4459:	309	
4470:	128	
4474:	312	
4476:	135	198	199	336	
4477:	264	
4480:	540	
4481:	376	
4485:	546	
4488:	274	
4491:	140	
4545:	372	
4553:	286	
4561:	224	
4575:	9	27	53	58	77	173	196	199	201	202	216	220	256	268	274	284	292	296	310	315	320	335	363	374	375	381	383	412	438	499	502	503	531	544	549	570	584	593	598	616	622	643	663	665	687	704	713	811	828	829	846	10349	10351	10352	10353	10354	10355	10382	
4584:	622	837	
4587:	520	
4617:	664	
4622:	444	472	639	
4625:	223	
4628:	261	422	528	
4629:	261	
4632:	247	500	547	611	615	656	658	669	707	10363	
4649:	241	
4650:	241	
4664:	781	
4670:	336	
4685:	52	
4686:	52	
4715:	256	
4736:	10364	
4758:	618	
4772:	60	
4774:	150	294	818	
4775:	150	294	818	
4778:	27	59	99	102	112	113	159	160	202	212	245	264	328	330	411	420	421	425	452	517	521	526	538	550	571	595	649	686	687	739	747	760	769	823	10171	
4784:	517	
4790:	102	
4791:	202	649	686	
4792:	27	59	102	160	212	245	330	411	421	550	747	10171	
4800:	1	46	85	115	117	118	119	157	166	320	390	544	672	
4815:	252	458	
4817:	308	525	
4818:	28	95	105	127	148	157	169	189	267	274	276	295	317	424	426	434	450	504	508	521	524	557	576	608	609	629	701	707	717	761	814	836	844	10350	10360	
4819:	524	
4829:	278	780	822	
4855:	164	
4857:	15	25	32	48	54	62	78	83	99	105	106	140	148	158	164	167	169	191	214	223	225	229	240	254	257	260	267	268	273	274	276	281	286	293	297	317	323	325	326	346	369	376	378	393	404	407	411	412	437	445	458	459	463	472	474	483	501	503	504	509	512	515	521	537	541	552	555	576	586	590	605	612	623	624	679	683	684	693	697	702	713	717	735	753	755	769	785	817	836	838	10177	10230	10358	10360	
4864:	519	541	560	614	703	10177	
4876:	717	
4880:	131	271	355	499	626	710	759	815	
4887:	273	
4891:	198	265	410	
4894:	410	
4902:	135	198	199	256	410	438	829	
4906:	410	
4911:	378	
4919:	10358	
4926:	39	181	238	359	547	655	707	777	
4935:	445	
4936:	220	
4944:	605	
4953:	212	
4961:	212	
4972:	278	
4993:	779	
5025:	603	685	
5027:	603	685	
5032:	687	
5036:	687	
5041:	300	603	
5118:	673	
5123:	73	
5124:	73	
5127:	543	
5137:	155	
5143:	45	485	499	617	799	808	811	
5151:	296	
5152:	296	
5157:	646	
5163:	646	
5187:	359	
5192:	35	249	308	375	485	711	741	
5198:	249	
5215:	7	640	
5227:	260	300	375	494	538	677	741	10366	
5236:	63	140	533	733	818	
5240:	105	140	274	317	
5245:	251	
5270:	144	238	247	456	669	691	692	
5292:	329	833	
5296:	435	
5308:	247	307	435	547	639	665	707	10363	
5383:	496	
5394:	509	
5398:	57	75	124	373	411	821	
5406:	497	
5407:	499	
5414:	659	
5432:	286	
5454:	10366	
5460:	133	517	526	571	586	823	
5461:	526	586	
5465:	280	453	563	
5469:	816	
5473:	322	
5491:	60	112	408	
5507:	48	87	92	212	10055	
5510:	555	
5514:	417	
5518:	10359	
5526:	481	
5536:	418	506	
5537:	418	
5544:	629	
5548:	830	
5554:	471	
5573:	47	
5614:	686	
5653:	18	145	238	377	414	450	470	594	703	10358	
5658:	49	263	475	484	488	575	762	825	
5664:	752	
5674:	58	
5678:	441	
5680:	441	
5692:	251	
5694:	230	
5717:	577	
5729:	288	546	
5761:	585	
5762:	585	
5767:	462	
5776:	261	296	
5778:	837	
5780:	487	
5783:	543	
5801:	44	198	261	498	
5822:	26	28	101	189	359	546	790	
5824:	10376	
5831:	113	
5850:	204	209	315	405	
5863:	27	45	74	102	159	160	170	204	209	212	219	245	296	297	305	328	330	411	421	458	468	481	487	493	550	552	564	574	720	739	10171	10177	10347	10377	10380	
5876:	10347	
5877:	10347	
5885:	342	
5887:	438	
5890:	517	521	629	655	760	
5915:	496	
5918:	111	182	355	365	397	429	516	746	769	786	820	826	840	10230	
5920:	5	128	182	246	301	316	334	355	451	472	497	525	539	551	589	608	609	638	641	664	679	725	767	782	784	818	833	837	840	846	
5921:	664	
5923:	278	
5934:	490	499	515	
5939:	490	
5942:	499	
5948:	10373	
5958:	315	
5959:	249	
5994:	837	
5995:	837	
6001:	565	
6022:	619	
6023:	619	
6027:	82	341	556	594	665	704	727	815	
6030:	287	
6058:	308	
6068:	238	
6069:	372	530	
6070:	698	
6076:	10373	
6104:	94	124	182	435	657	710	
6108:	499	
6109:	499	
6114:	129	414	
6118:	811	
6125:	662	
6130:	10370	
6131:	10370	
6143:	809	
6145:	519	
6157:	472	
6167:	472	
6185:	301	
6186:	260	
6205:	32	83	122	127	140	148	169	173	240	267	273	276	346	423	448	459	463	471	474	503	504	506	508	518	576	693	697	717	753	836	10360	
6254:	758	
6260:	585	
6275:	321	453	
6281:	60	66	135	183	216	238	293	336	339	368	371	393	394	569	577	624	626	649	805	815	10354	10365	
6304:	500	656	
6316:	358	600	636	824	
6317:	430	583	637	
6323:	142	685	10379	
6328:	675	
6341:	150	557	
6342:	150	557	
6358:	425	
6359:	50	
6360:	50	
6369:	499	
6382:	6	76	207	473	731	
6469:	198	
6472:	659	
6481:	124	245	297	309	421	468	493	653	685	720	10177	10230	10358	
6482:	297	309	468	720	10177	10230	10358	
6490:	397	
6491:	397	
6495:	629	
6516:	490	
6541:	10383	
6543:	1	28	117	157	516	592	
6561:	114	231	471	526	
6568:	1	103	149	310	335	365	395	411	476	600	768	810	
6573:	539	699	
6596:	157	269	408	550	
6602:	106	240	605	
6607:	58	292	
6608:	695	
6609:	490	
6665:	837	
6678:	275	
6715:	526	586	
6725:	95	
6745:	20	
6753:	757	
6759:	174	386	
6766:	148	169	173	267	390	504	508	513	576	10360	
6778:	292	769	837	
6780:	342	
6782:	344	
6809:	386	846	10367	
6824:	439	
6825:	15	10356	
6827:	836	
6851:	122	167	
6852:	28	
6853:	439	
6865:	28	38	
6889:	10354	
6910:	643	10382	
6911:	643	
6912:	447	
6979:	120	278	348	475	768	
7008:	184	
7016:	56	102	142	720	
7020:	809	
7037:	414	563	
7039:	706	
7087:	5	12	15	54	71	76	85	92	95	116	131	135	141	156	160	162	174	187	265	274	292	298	316	332	335	384	397	403	421	429	442	443	444	447	458	473	506	514	538	568	573	594	603	632	633	650	652	700	743	755	756	768	769	770	771	772	773	782	787	789	792	803	841	
7094:	384	
7095:	514	
7096:	54	92	160	335	443	506	568	700	755	782	787	
7104:	279	
7106:	279	
7116:	57	60	72	75	76	85	91	92	107	112	186	191	199	258	281	286	289	290	292	294	300	301	307	322	342	366	373	381	389	424	435	451	468	474	478	493	516	525	543	547	553	560	561	582	598	608	609	613	639	665	679	733	757	767	769	782	809	817	818	820	837	10347	10366	
7119:	199	
7122:	72	
7124:	613	
7127:	199	
7128:	733	
7129:	199	
7135:	725	
7151:	52	92	186	210	217	258	372	384	444	518	553	612	817	
7173:	474	486	544	711	770	10364	
7196:	451	
7251:	30	92	94	124	149	158	160	238	297	301	335	366	382	422	443	444	477	480	487	530	545	553	564	574	704	710	808	818	830	
7254:	382	
7276:	138	199	496	594	610	805	827	10177	10350	
7277:	496	
7285:	610	
7286:	827	
7290:	138	10350	
7303:	839	
7306:	7	85	182	199	214	223	257	339	367	371	405	449	513	594	600	614	620	684	753	775	786	805	839	10089	10351	10365	
7308:	594	684	
7329:	685	
7334:	588	
7338:	10171	
7342:	36	
7343:	313	
7344:	313	
7347:	592	798	
7350:	593	
7351:	579	824	
7352:	84	199	342	759	818	10055	10365	
7358:	84	199	
7369:	30	612	
7376:	824	
7378:	697	
7384:	133	331	399	
7387:	133	331	
7389:	230	
7390:	381	
7393:	178	
7396:	776	
7409:	216	780	
7435:	550	
7443:	50	301	
7461:	87	
7469:	87	
7492:	555	
7505:	287	
7508:	177	182	184	293	417	580	648	752	763	767	802	
7510:	249	
7538:	289	
7568:	523	
7588:	20	60	130	141	269	303	608	617	715	817	818	
7622:	141	
7627:	78	
7630:	458	
7637:	460	550	611	800	10359	10363	
7638:	611	800	10359	10363	
7647:	180	
7654:	146	
7684:	35	90	265	289	502	818	
7743:	85	91	365	420	421	
7756:	1	365	
7762:	424	
7778:	25	103	112	152	251	276	281	289	343	367	424	452	459	463	476	488	503	526	559	651	676	695	717	732	741	753	10008	10362	
7784:	25	276	281	289	367	463	476	503	717	753	10362	
7816:	767	
7818:	492	619	
7825:	739	
7826:	570	640	742	834	
7827:	640	742	
7833:	516	
7834:	666	
7839:	73	82	94	98	100	124	208	215	270	272	324	412	467	523	541	655	666	675	834	
7840:	82	
7848:	411	
7856:	246	316	
7946:	611	
7968:	478	
7985:	830	
7994:	199	383	
8002:	12	28	55	75	87	98	164	219	289	309	423	448	506	540	550	698	711	713	786	845	
8006:	20	
8013:	65	496	559	
8028:	149	
8029:	149	
8031:	201	434	499	
8069:	546	
8086:	242	
8099:	336	397	
8128:	26	28	189	
8135:	152	324	665	
8168:	441	
8183:	15	25	32	62	63	77	83	93	96	99	105	106	122	127	140	147	148	167	169	173	183	191	193	199	223	227	240	254	257	266	267	268	273	274	276	277	281	289	292	310	312	317	342	344	346	364	367	378	386	390	402	423	448	459	463	470	474	476	486	503	504	506	508	513	515	540	576	590	605	616	647	684	693	697	717	753	757	774	785	817	836	838	10349	10360	10362	
8184:	697	
8185:	167	276	281	289	402	463	717	753	
8186:	346	753	
8188:	757	
8190:	212	
8197:	12	35	135	201	204	212	238	295	411	422	429	526	568	570	571	630	673	698	728	10171	10369	
8198:	212	
8199:	212	673	
8203:	570	630	
8210:	72	247	291	307	665	722	788	
8216:	212	624	673	826	10356	10369	
8235:	60	61	63	105	187	196	201	268	274	276	317	344	396	423	463	506	536	570	695	717	739	767	836	838	10369	10371	
8238:	187	739	10369	10371	
8240:	204	
8271:	837	
8275:	837	
8277:	837	
8336:	26	272	351	655	722	
8354:	551	
8383:	102	550	564	
8387:	661	
8403:	100	125	195	247	270	561	566	
8419:	200	10380	
8426:	578	
8429:	759	
8437:	176	228	784	
8439:	260	
8440:	445	
8441:	460	586	702	755	
8444:	147	193	240	281	312	337	378	395	402	486	503	507	518	590	785	
8450:	102	159	160	212	245	330	411	421	550	564	574	10171	
8487:	644	
8488:	110	411	574	
8512:	176	
8522:	840	
8535:	10361	
8536:	57	325	
8537:	57	325	
8568:	162	200	439	
8572:	29	
8576:	348	421	551	10177	
8584:	430	449	787	
8603:	5	87	135	137	187	198	336	424	446	480	494	497	519	569	573	589	608	609	610	666	760	828	829	10374	
8604:	187	
8609:	110	307	665	722	
8622:	450	456	670	
8625:	301	
8645:	833	
8671:	358	500	
8677:	291	
8678:	825	
8692:	722	10355	
8699:	10248	
8724:	29	452	710	
8725:	452	
8731:	54	142	211	676	10373	10379	
8732:	10379	
8735:	142	211	676	
8748:	676	
8749:	676	
8754:	295	577	601	744	
8755:	176	295	334	355	398	784	
8759:	26	252	269	359	790	
8767:	176	318	
8784:	284	
8793:	837	
8826:	316	
8839:	320	
8847:	165	
8859:	10347	
8885:	579	
8921:	5	
8939:	767	
8952:	521	
8977:	77	
8999:	661	
9001:	661	
9023:	10351	
9037:	125	
9047:	85	420	769	
9139:	386	
9188:	757	
9204:	172	
9213:	103	
9225:	149	
9237:	231	495	
9239:	46	85	157	166	540	
9260:	616	
9277:	711	
9284:	767	
9325:	583	
9355:	559	
9360:	613	
9390:	321	450	655	
9392:	476	
9397:	481	
9456:	635	
9498:	241	
9499:	10367	
9513:	370	
9517:	447	
9541:	36	39	103	110	135	222	251	252	262	302	413	488	559	565	642	676	762	790	825	
9546:	825	
9547:	103	110	251	252	302	488	559	565	642	762	825	
9550:	222	
9573:	538	
9578:	538	
9591:	473	
9599:	801	
9610:	5	87	135	136	137	187	198	279	336	377	424	446	480	494	497	519	569	573	589	608	609	610	626	666	760	826	828	829	10366	10374	
9615:	514	
9626:	21	215	270	272	619	
9636:	571	775	
9639:	565	
9663:	84	285	713	
9679:	675	
9685:	78	241	260	265	308	325	445	460	541	685	702	767	832	10177	
9686:	78	685	767	
9689:	308	
9691:	308	
9692:	702	
9700:	844	
9741:	158	
9750:	129	187	385	414	
9753:	202	
9754:	212	
9755:	10361	
9767:	703	
9772:	158	
9787:	10361	
9788:	10361	
9796:	10361	
9797:	212	224	275	300	489	741	809	
9806:	142	211	676	
9821:	336	801	
9841:	211	713	10177	
9847:	801	
9881:	398	
9892:	843	
9899:	191	
9902:	101	359	790	
9914:	695	
9915:	489	
9921:	14	26	153	187	194	195	206	236	314	351	413	498	500	547	561	615	655	656	658	665	669	707	726	791	800	816	10375	
9924:	186	
9940:	1	
9952:	195	
9954:	10375	
9961:	782	
9968:	55	224	553	
9969:	388	
9988:	713	
9994:	662	
10001:	57	124	821	
10010:	149	159	
10013:	27	
10028:	846	
10036:	127	346	
10049:	1	21	30	40	46	63	128	152	189	206	251	322	334	359	373	416	428	452	471	475	521	577	583	623	640	642	654	656	661	673	710	720	728	731	734	748	759	777	781	788	805	823	
10051:	583	654	
10052:	21	30	46	63	128	189	251	322	334	359	416	428	452	471	475	521	577	623	642	656	661	673	710	720	731	734	748	759	777	781	788	805	823	
10053:	21	30	46	63	128	189	251	322	334	359	416	428	452	471	475	577	623	656	661	673	710	720	731	734	748	759	777	781	788	805	823	
10061:	6	21	28	50	164	206	217	233	251	297	366	402	452	491	524	601	623	655	669	788	10353	
10066:	148	169	181	267	504	508	576	823	10360	
10069:	123	10376	
10080:	48	
10097:	424	
10107:	209	779	
10109:	780	
10110:	801	
10125:	152	
10138:	147	
10144:	6	10351	
10165:	66	822	
10171:	57	
10172:	72	142	
10174:	142	
10176:	600	
10179:	52	60	214	367	421	473	531	608	718	
10189:	358	372	507	540	
10193:	177	417	
10214:	26	585	
10218:	26	585	
10254:	7	20	35	39	85	113	114	148	161	164	167	169	173	202	214	252	261	267	298	302	303	331	372	382	384	386	390	394	420	421	430	438	452	458	488	494	503	504	506	508	509	514	519	526	559	560	568	576	587	596	600	603	610	618	649	670	677	695	787	824	836	843	10347	10360	10365	
10255:	560	618	649	
10256:	610	
10257:	20	164	514	600	843	
10259:	488	670	
10261:	230	481	781	
10263:	7	39	71	85	116	156	157	332	442	533	573	629	632	633	756	770	771	772	773	789	803	841	
10276:	7	
10277:	199	256	315	811	828	10367	
10285:	256	315	811	
10304:	135	815	
10305:	176	
10318:	776	
10325:	252	484	488	575	762	812	
10333:	522	582	603	685	
10345:	198	414	455	624	739	
10349:	394	685	10374	
10356:	499	
10357:	499	
10358:	275	821	
10360:	19	275	626	763	779	801	10358	
10369:	19	
10383:	64	
10384:	64	
10385:	184	443	
10388:	382	685	713	10008	10171	10177	
10389:	10177	
10419:	165	
10422:	460	702	
10424:	308	
10426:	46	68	166	376	471	626	
10432:	666	
10433:	46	
10434:	767	
10437:	329	809	
10484:	57	373	411	
10504:	676	
10548:	370	
10588:	372	10089	10248	
10593:	796	
10628:	199	
10652:	802	
10668:	1	12	203	292	420	429	430	456	526	540	560	598	618	684	768	805	10353	10355	
10681:	224	329	809	
10699:	260	445	
10709:	416	
10727:	10177	
10749:	54	180	399	421	462	543	574	755	
10762:	165	
10770:	436	
10789:	69	
10792:	107	307	547	656	665	
10816:	270	635	
10831:	601	
10842:	358	
10848:	364	
10872:	714	
10883:	488	
10938:	334	
10945:	307	767	
10973:	120	144	493	517	521	524	
10974:	120	144	493	517	521	524	
10993:	10374	
11009:	176	295	334	355	398	555	666	675	784	
11011:	355	
11012:	741	
11018:	336	
11035:	563	
11067:	152	168	431	478	799	808	
11071:	447	
11112:	469	
11127:	225	262	332	385	403	404	525	718	756	772	
11133:	499	
11137:	216	496	554	578	762	822	
11144:	135	152	198	225	328	393	451	453	496	525	610	680	746	815	822	
11146:	822	
11177:	99	225	325	367	414	456	475	519	526	557	559	571	586	646	648	10362	
11181:	414	456	559	10362	
11183:	519	
11187:	225	325	646	
11195:	201	238	269	283	284	359	386	415	426	467	489	521	615	619	643	666	669	670	703	707	757	760	761	777	792	10171	10369	10382	
11206:	224	275	365	603	638	796	840	
11235:	419	
11241:	225	472	495	525	680	746	
11242:	225	472	525	746	
11243:	495	
11255:	44	45	55	59	66	184	212	224	225	295	356	370	394	398	404	431	462	464	466	480	519	555	628	649	673	686	696	715	719	743	763	775	779	802	809	10171	10352	
11260:	45	462	673	
11262:	10171	
11265:	66	295	394	649	
11288:	228	
11295:	787	
11321:	695	
11333:	426	
11342:	575	
11371:	585	
11393:	111	122	195	214	288	307	309	336	421	546	569	609	613	649	698	814	837	10248	10375	
11398:	288	546	
11399:	613	
11404:	111	
11413:	10055	
11415:	10055	
11420:	24	765	
11433:	10368	
11435:	541	624	
11445:	51	141	170	229	339	394	398	480	493	519	648	653	677	714	715	741	743	779	
11460:	498	
11487:	673	
11494:	530	
11502:	356	
11521:	384	
11549:	536	
11556:	414	
11576:	66	
11598:	219	305	
11610:	5	26	38	39	46	60	64	68	70	90	96	97	101	107	114	123	130	142	153	157	158	161	163	187	190	192	193	196	228	259	265	271	283	288	293	294	306	309	312	342	348	358	359	372	403	420	421	425	441	452	477	484	499	502	512	514	515	517	533	537	541	557	565	569	571	594	595	600	611	614	615	629	636	640	655	665	670	672	680	691	692	693	700	718	722	735	744	748	753	758	760	764	786	805	813	814	820	823	824	825	826	827	842	10177	10230	10361	10365	10367	10371	10375	
11624:	72	124	146	176	225	307	328	372	411	493	610	716	746	747	796	802	830	10347	
11625:	176	
11644:	135	198	199	404	713	815	10353	10356	10369	
11673:	242	
11674:	455	
11680:	687	
11681:	687	
11702:	421	
11706:	5	30	87	135	175	176	198	199	256	295	411	421	428	494	538	554	562	577	589	610	811	10351	
11713:	421	554	
11720:	811	
11721:	30	
11730:	199	
11735:	698	
11745:	55	295	763	10383	
11748:	295	10383	
11760:	797	
11761:	626	
11779:	582	
11829:	702	
11832:	266	276	344	420	463	717	753	
11833:	196	
11836:	439	
11852:	230	
11855:	19	113	10351	
11857:	72	
11888:	146	
11889:	10357	
11891:	278	
11944:	288	
11949:	295	
11983:	370	
11985:	241	
12003:	66	113	
12016:	640	
12020:	375	
12021:	66	135	198	249	256	295	649	741	815	
12030:	249	
12038:	295	
12040:	198	815	
12045:	58	375	593	598	704	731	
12046:	58	375	593	598	704	731	
12049:	366	10370	10381	
12051:	32	53	58	61	77	83	87	99	105	113	141	145	147	169	173	174	183	199	214	227	250	257	264	265	266	267	268	273	276	281	289	292	310	317	320	335	339	375	381	383	390	420	427	441	448	463	473	480	485	503	504	519	540	544	549	576	593	596	598	605	608	609	616	650	684	693	696	697	704	713	717	753	768	775	814	817	838	839	10248	10349	10351	10352	10353	10354	10355	10364	10369	
12054:	10352	
12075:	238	571	787	
12076:	18	541	764	
12079:	271	514	541	624	791	
12080:	82	
12081:	801	
12088:	579	
12091:	251	759	812	825	
12096:	271	288	
12097:	610	746	
12099:	582	
12105:	25	129	322	492	537	563	701	706	728	731	735	
12110:	490	
12142:	98	127	145	199	238	283	544	706	
12143:	495	
12175:	845	
12177:	845	
12187:	727	
12222:	443	
12233:	59	224	394	480	519	649	686	743	
12277:	198	
12284:	182	293	666	680	725	
12286:	200	
12287:	50	71	116	156	161	162	200	294	299	300	332	333	408	442	529	569	573	608	609	632	633	675	734	756	770	771	772	773	789	803	841	
12288:	161	
12289:	408	609	
12291:	71	116	156	161	332	333	408	442	569	573	608	609	632	633	734	756	770	771	772	773	789	803	841	
12292:	529	
12293:	332	333	734	756	772	
12302:	209	219	305	328	
12304:	199	811	
12306:	199	
12313:	405	
12329:	608	
12353:	10171	10383	
12360:	475	559	
12371:	112	330	487	10374	
12372:	487	
12375:	641	
12389:	775	
12394:	128	135	198	646	720	
12399:	198	668	805	10381	
12400:	198	668	805	
12405:	177	
12408:	177	417	
12409:	438	
12410:	6	
12411:	6	
12413:	256	562	811	
12414:	811	
12419:	562	811	
12433:	438	441	662	
12436:	262	830	
12470:	757	10361	
12481:	617	
12482:	617	
12499:	192	236	268	514	533	655	670	
12507:	533	
12521:	479	
12527:	125	
12538:	533	
12550:	731	
12561:	675	
12568:	87	
12572:	258	
12648:	366	
12684:	260	519	
12688:	481	
12700:	60	
12720:	51	
12724:	424	435	822	
12725:	614	
12745:	677	
12750:	56	84	158	217	308	437	611	715	836	
12776:	286	373	611	814	
12787:	4	238	297	478	612	744	
12814:	487	
12833:	554	780	
12855:	463	
12865:	467	
12962:	698	
12975:	313	
13007:	57	373	411	435	564	574	821	10380	
13122:	252	
13128:	173	268	383	448	513	
13136:	112	768	
13146:	82	207	10361	
13155:	60	202	
13179:	216	719	846	
13229:	57	323	325	326	373	411	821	
13235:	691	692	
13239:	538	
13249:	383	
13265:	383	
13314:	307	
13326:	372	
13342:	10374	
13343:	112	
13350:	216	802	
13359:	14	20	21	26	28	29	36	39	56	72	73	78	81	82	85	97	100	101	107	110	111	122	123	146	149	155	165	181	189	194	196	206	215	217	236	239	247	268	270	272	279	290	291	307	314	344	351	358	359	372	377	382	411	413	415	418	425	436	439	452	455	458	477	498	500	514	516	523	526	538	547	552	553	558	561	566	584	591	592	601	611	615	628	639	650	655	656	657	658	661	665	669	685	698	700	707	710	711	716	722	726	777	782	786	788	796	800	806	807	813	816	820	822	824	826	834	837	838	839	840	845	10055	10171	10177	10230	10296	10358	10359	10363	10375	10376	10377	10379	
13360:	78	452	
13361:	516	592	
13362:	516	592	
13364:	107	
13365:	14	39	100	194	215	247	270	314	413	418	436	514	516	523	561	566	657	722	806	813	816	
13366:	97	500	615	
13367:	28	291	516	
13368:	372	639	
13369:	358	824	845	
13370:	36	72	73	97	247	272	477	500	523	611	698	726	788	800	
13371:	39	73	100	194	196	215	236	270	314	344	418	500	516	523	561	566	584	711	722	806	813	826	834	10377	
13372:	56	72	149	239	247	307	
13374:	73	279	
13380:	155	206	413	561	
13384:	111	309	698	714	747	10248	10379	
13402:	372	
13413:	21	
13429:	27	45	74	102	159	160	170	204	209	212	219	245	296	297	305	328	330	411	421	458	468	481	487	493	550	552	564	574	720	739	10171	10177	10347	10377	10380	
13435:	301	
13438:	301	
13442:	394	
13444:	430	
13452:	110	307	370	394	615	665	722	
13455:	216	
13469:	529	
13472:	112	209	
13473:	204	209	328	
13474:	219	305	328	
13494:	149	
13495:	239	307	
13497:	307	
13498:	56	142	149	530	
13500:	549	
13522:	143	145	215	241	404	484	500	594	657	668	716	739	752	757	764	825	832	10372	
13525:	9	12	18	25	44	60	82	94	113	127	129	130	143	158	162	163	172	176	179	187	202	214	215	220	228	232	241	249	259	260	262	265	269	295	306	308	311	318	328	336	339	355	366	367	376	394	395	396	398	403	404	408	410	412	425	427	438	443	444	488	493	519	531	536	537	538	539	541	542	550	559	563	564	565	569	570	578	582	588	589	603	611	614	617	619	623	626	636	637	638	640	649	663	668	679	680	688	691	692	696	702	704	713	715	716	718	720	731	734	739	747	748	758	763	764	775	777	787	790	805	818	10369	10371	10372	10374	10383	
13526:	306	541	
13531:	10369	
13533:	214	
13534:	214	
13538:	94	158	269	366	559	640	668	
13539:	623	
13540:	396	
13542:	713	
13553:	768	
13573:	30	176	212	242	411	421	552	555	720	
13574:	242	411	421	
13575:	30	176	212	242	411	421	552	555	720	
13580:	103	475	
13588:	93	128	212	386	502	579	680	757	10362	
13589:	757	
13591:	757	
13592:	128	386	
13658:	149	840	
13686:	5	12	57	73	94	100	107	111	124	131	142	165	168	207	239	246	247	279	299	307	313	324	432	435	444	477	478	496	516	530	543	545	550	553	578	600	611	628	698	703	712	719	726	767	786	808	820	10230	10248	10296	10379	
13687:	307	530	
13688:	10379	
13690:	430	
13701:	514	10358	
13722:	129	571	761	
13723:	55	184	224	394	398	743	763	818	
13725:	763	
13733:	467	
13738:	356	
13751:	91	
13781:	216	
13841:	128	579	593	10248	10376	
13865:	801	
13881:	29	
13882:	29	
13887:	60	
13899:	98	647	703	720	739	
13907:	39	235	279	429	612	720	
13909:	612	
13930:	47	422	
13966:	539	
13969:	539	
13995:	50	225	293	294	299	300	325	356	451	543	552	712	
14006:	48	78	106	129	201	220	257	284	308	404	423	492	528	537	541	616	624	702	755	10372	
14015:	81	
14017:	10177	
14019:	114	
14020:	722	
14023:	203	709	
14055:	3	14	98	206	343	733	795	820	
14056:	5	494	578	
14057:	5	494	578	
14070:	184	
14096:	311	666	706	
14097:	225	
14098:	422	446	495	496	551	664	10374	
14106:	223	
14108:	551	
14109:	446	495	10374	10383	
14121:	25	63	71	105	116	140	147	148	156	158	167	169	173	191	257	267	268	273	274	276	288	289	305	312	317	332	337	346	378	395	427	442	448	460	463	474	494	496	503	504	506	508	526	543	573	576	632	633	684	693	697	704	717	756	760	769	770	771	772	773	789	791	803	819	836	838	841	10296	10360	
14130:	9	40	138	322	374	410	
14133:	216	372	
14144:	135	815	
14179:	98	127	145	199	238	283	544	
14188:	834	
14195:	55	224	553	628	818	833	10377	10380	
14196:	30	111	182	184	186	212	224	293	307	329	529	531	679	725	786	830	833	10177	10230	10296	
14198:	125	128	177	198	208	417	473	580	752	767	815	
14199:	767	
14203:	177	
14212:	184	555	
14224:	659	
14229:	110	216	307	370	394	615	665	722	
14230:	110	307	370	394	615	665	722	
14231:	216	
14245:	3	216	619	10177	
14246:	3	6	366	372	
14259:	421	
14260:	111	703	10296	
14277:	453	
14306:	157	178	625	
14309:	588	649	747	781	844	
14311:	747	844	
14315:	529	
14316:	529	
14328:	127	
14338:	35	308	571	775	
14344:	7	275	489	538	741	775	814	825	10055	10358	
14347:	275	775	
14362:	10361	
14364:	10361	
14367:	220	757	
14375:	78	85	143	462	648	716	758	792	832	10369	
14382:	146	175	425	845	
14386:	78	452	517	519	521	557	
14387:	78	
14417:	202	640	673	10356	
14442:	202	640	
14447:	480	519	666	
14458:	285	801	
14471:	9	40	80	82	129	135	187	201	211	232	259	284	285	291	311	363	374	379	404	410	412	470	471	500	541	547	570	611	615	640	651	658	663	669	703	713	716	727	728	735	737	742	758	764	815	10368	10369	10371	10377	
14476:	7	35	127	308	346	438	489	526	801	10358	
14484:	438	
14486:	127	346	
14518:	369	
14522:	5	30	50	59	106	135	136	137	161	182	184	260	293	294	299	300	336	393	408	438	441	451	453	484	485	497	525	531	543	569	577	610	626	10358	10374	
14523:	5	260	393	485	
14525:	626	10358	
14527:	50	59	294	299	300	543	
14528:	50	294	299	300	543	
14529:	451	
14530:	640	
14539:	48	54	62	74	78	83	90	105	106	120	129	144	148	169	170	174	201	212	214	219	220	225	245	252	254	257	265	267	283	284	305	308	317	328	348	357	367	404	407	411	415	423	437	451	453	460	462	474	486	492	503	504	506	508	513	514	526	528	537	541	542	552	576	616	617	620	624	677	690	702	718	719	741	747	748	755	777	779	792	809	817	822	844	10360	10361	10372	10382	
14540:	62	83	90	105	214	254	257	265	317	474	486	506	741	
14541:	460	
14544:	460	702	755	
14545:	265	348	
14546:	48	78	106	129	201	220	257	284	308	404	423	492	528	537	541	616	624	702	755	10372	
14548:	283	
14549:	283	
14552:	220	
14555:	718	
14556:	718	
14557:	541	
14559:	495	
14562:	495	
14573:	30	56	78	97	103	111	112	128	135	142	161	165	177	182	198	212	256	290	295	307	372	405	408	421	439	477	513	529	569	608	609	611	637	685	698	767	786	796	809	830	10008	10055	10089	10171	10177	10230	10248	10296	10298	10347	10360	
14574:	56	372	421	477	513	611	796	809	10089	10177	10248	
14576:	698	
14577:	128	198	
14578:	10248	
14579:	30	78	103	111	212	307	372	767	786	796	830	10171	10177	10230	10296	
14580:	128	295	637	10347	
14582:	10373	
14584:	702	
14587:	35	536	679	777	
14591:	58	292	
14602:	427	
14610:	802	
14616:	21	28	78	338	524	586	675	791	
14629:	40	135	368	499	554	10354	
14632:	554	
14659:	675	
14677:	837	
14692:	484	
14695:	675	
14697:	78	120	129	187	318	414	447	492	524	528	586	619	
14704:	40	
14707:	10361	
14720:	111	434	450	467	500	10177	10230	10350	
14721:	500	
14748:	209	219	296	
14795:	741	
14807:	167	509	
14825:	288	
14841:	111	279	10296	
14849:	239	
14868:	80	211	500	570	703	
14873:	30	
14879:	89	215	
14885:	72	436	669	
14886:	436	669	
14890:	386	512	
14893:	413	
14894:	290	
14902:	747	
14918:	274	
14954:	578	
14958:	73	98	107	111	143	182	187	206	291	351	355	386	413	516	626	640	657	786	10177	10230	10248	10296	10350	
14977:	98	206	351	413	640	
14992:	32	62	85	155	247	279	314	336	413	536	568	603	611	697	704	716	820	
14996:	216	569	
14999:	417	
15018:	24	35	44	51	55	58	68	105	111	117	135	137	141	171	178	182	235	262	269	273	287	290	295	299	305	317	328	339	342	348	365	367	375	378	383	393	420	424	460	485	489	494	496	503	519	520	524	526	536	541	544	546	551	584	586	595	603	610	613	614	648	675	679	695	702	704	718	741	748	760	765	768	769	777	786	805	839	10177	10351	10358	10366	
15021:	58	192	649	764	
15033:	572	
15034:	572	
15044:	39	145	214	336	342	541	606	611	640	649	695	
15047:	411	574	
15052:	66	295	394	398	480	648	649	696	743	802	
15078:	192	
15101:	752	
15144:	38	79	105	112	288	317	381	428	514	541	546	569	601	731	796	799	817	10230	
15150:	399	
15151:	399	
15177:	51	64	231	294	329	348	369	389	394	398	481	497	514	613	653	763	809	10374	
15178:	394	613	653	809	
15179:	394	613	653	809	
15181:	389	
15182:	572	629	
15208:	10379	
15214:	685	
15216:	685	
15220:	452	
15222:	207	
15224:	414	
15225:	414	
15234:	10248	
15243:	309	10248	
15253:	801	
15255:	801	
15267:	606	608	609	693	698	817	
15280:	30	198	199	231	279	372	551	834	10296	
15286:	10296	
15296:	251	565	760	
15300:	289	
15317:	92	518	
15319:	181	308	615	650	814	10350	
15322:	18	
15347:	30	241	411	
15348:	488	
15355:	192	447	
15373:	341	
15388:	298	
15394:	10171	
15405:	367	
15414:	10367	
15417:	247	
15425:	105	
15428:	382	
15442:	393	
15444:	257	389	
15449:	522	
15453:	172	285	
15467:	7	
15469:	447	
15481:	661	
15510:	289	693	
15525:	160	
15550:	112	
15552:	472	
15553:	4	30	45	74	170	176	212	225	309	411	468	496	551	552	577	606	610	637	653	720	744	746	786	10177	
15554:	494	603	689	
15634:	617	
15635:	741	
15636:	741	
15642:	495	
15652:	441	
15654:	198	
15658:	198	
15692:	35	308	485	702	
15696:	823	
15711:	21	26	39	63	65	72	105	127	134	217	233	240	268	272	274	276	295	317	329	339	346	351	375	394	398	402	422	423	463	500	506	512	514	531	533	578	601	608	609	613	615	626	629	640	649	670	684	686	697	710	717	722	726	741	753	785	813	827	10374	10375	10377	
15713:	295	398	649	686	741	
15716:	394	10374	
15717:	741	
15718:	26	39	72	272	351	500	514	601	615	710	722	726	813	10375	10377	
15720:	72	
15729:	750	
15792:	586	595	
15794:	1	796	
15795:	722	10355	
15815:	386	
15831:	640	
15832:	252	
15856:	686	
15861:	166	394	
15869:	103	
15873:	10	12	19	27	50	54	55	58	66	77	83	88	103	105	112	128	152	167	176	178	179	183	185	186	216	224	228	230	231	236	237	242	246	249	258	261	262	264	275	286	293	295	300	301	302	305	316	322	329	334	339	347	350	356	368	370	371	376	381	384	386	389	393	394	398	403	408	422	428	431	445	447	449	451	453	458	464	466	467	468	478	479	480	485	488	489	495	497	506	519	520	528	531	535	539	541	542	546	551	555	557	558	562	564	575	578	582	588	589	593	595	596	598	608	614	631	637	638	645	649	664	680	686	687	688	696	702	704	718	725	731	741	743	746	748	750	755	762	763	775	777	780	784	787	790	797	801	817	818	821	822	833	840	846	10347	10352	10354	10365	10374	10376	10383	
15875:	500	570	677	759	
15881:	1	12	15	20	25	30	32	35	38	39	45	48	51	53	54	58	59	62	63	65	74	76	77	78	82	83	84	85	87	90	91	92	94	95	97	99	105	106	113	114	115	117	118	119	120	122	123	127	133	140	141	142	144	147	148	149	155	157	158	159	160	164	165	167	169	170	177	184	190	191	193	206	210	214	219	223	224	225	227	229	230	235	236	238	240	245	246	247	249	252	254	257	260	261	264	265	266	267	268	273	274	275	276	277	279	281	283	285	286	288	289	292	293	295	297	298	300	301	302	306	308	309	314	315	317	323	325	326	331	335	336	337	339	342	344	346	355	358	367	369	370	371	374	375	376	378	381	382	384	390	393	394	399	404	405	407	411	412	413	418	420	421	422	423	424	427	429	431	435	437	438	445	447	448	449	453	458	459	462	463	468	469	472	474	477	478	480	482	483	484	485	488	494	500	501	503	504	506	508	509	510	512	513	514	515	518	519	521	526	528	530	531	533	536	537	538	541	542	543	545	546	550	552	553	555	558	559	564	565	567	568	574	576	577	578	584	586	588	590	591	594	598	600	603	605	611	612	613	614	616	617	620	622	623	624	625	627	630	640	649	651	652	659	668	670	672	677	679	680	683	684	690	691	692	693	695	697	702	704	711	712	713	714	715	717	718	719	735	737	743	748	749	753	755	768	769	775	777	779	785	791	792	798	808	809	817	818	821	826	830	833	834	836	838	839	840	842	10008	10177	10230	10296	10298	10351	10352	10353	10354	10358	10360	10361	10365	10367	10371	10376	10380	
15882:	468	
15883:	133	247	297	331	617	627	749	798	
15884:	214	252	
15885:	170	224	245	421	538	743	
15890:	35	63	99	118	123	127	148	191	223	227	267	268	273	276	277	344	346	367	375	378	390	424	447	463	482	504	508	513	538	546	576	590	598	600	620	659	712	717	836	10351	10360	
15891:	15	25	32	48	54	62	78	83	99	105	106	140	148	158	164	167	169	191	214	223	225	229	240	254	257	260	267	268	273	274	276	281	286	293	297	317	323	325	326	346	369	376	378	393	404	407	411	412	437	445	458	459	463	472	474	483	501	503	504	509	512	515	521	537	541	552	555	576	586	590	605	612	623	624	679	683	684	693	697	702	713	717	735	753	755	769	785	817	836	838	10177	10230	10358	10360	
15897:	97	114	190	265	306	420	533	670	842	10361	10371	
15899:	63	140	147	191	288	337	427	448	506	526	543	684	693	704	791	836	838	10296	
15905:	84	115	630	
15910:	87	421	528	625	
15913:	113	
15916:	155	
15917:	70	198	588	603	613	685	
15937:	603	
15956:	60	
15965:	640	10361	10372	
15970:	10361	
15998:	669	
16048:	28	38	101	148	169	267	359	416	426	504	508	576	777	10360	10372	
16049:	416	
16052:	74	
16058:	837	
16060:	53	680	
16071:	57	
16086:	3	341	380	500	556	618	662	759	
16087:	452	
16094:	499	
16095:	499	
16112:	145	
16113:	208	
16119:	525	
16124:	295	
16126:	7	758	
16130:	650	
16135:	615	669	
16137:	472	
16139:	498	658	665	10363	
16140:	516	592	
16142:	23	128	561	670	
16143:	23	670	
16145:	561	
16148:	71	116	156	332	442	573	632	633	756	770	771	772	773	789	803	841	10352	
16149:	3	272	547	611	707	
16153:	36	
16154:	743	
16159:	51	141	167	193	254	260	274	289	339	395	431	459	474	486	506	509	519	683	10383	
16160:	637	
16163:	84	122	137	199	289	343	384	489	514	552	559	622	747	801	
16165:	140	229	246	316	496	
16167:	249	539	743	10171	
16183:	249	
16192:	28	291	516	
16193:	372	382	639	
16199:	608	610	
16208:	468	703	
16209:	468	
16210:	262	295	686	10369	
16213:	547	615	
16220:	39	73	100	194	196	215	236	270	314	344	418	460	500	516	523	536	561	566	570	575	584	615	707	711	722	806	813	826	834	10377	
16224:	3	
16225:	3	
16238:	428	
16245:	677	
16247:	545	
16251:	90	137	343	435	488	556	594	623	657	731	747	757	10177	10366	
16252:	10366	
16253:	731	
16256:	488	
16258:	128	
16264:	518	586	
16339:	249	
16375:	494	
16377:	209	219	305	328	
16378:	209	219	305	328	
16381:	204	209	219	301	305	328	522	613	
16383:	209	
16438:	10351	
16456:	152	168	307	411	464	478	744	767	
16496:	421	
16532:	278	
16537:	616	
16547:	82	
16550:	615	
16579:	329	833	
16590:	524	571	702	731	760	
16593:	814	
16612:	646	
16613:	646	
16633:	687	
16641:	797	
16642:	574	
16644:	574	
16672:	12	384	520	586	625	673	713	10361	10368	
16683:	84	87	199	815	10367	
16694:	5	137	525	577	610	
16701:	204	209	219	305	328	
16718:	66	
16720:	256	547	577	713	10248	10369	10381	
16741:	673	
16746:	5	44	485	528	
16784:	87	
16796:	646	
16801:	695	
16849:	78	194	270	415	10377	
16850:	78	415	
16890:	320	431	
16908:	129	176	232	537	
16912:	24	48	129	184	414	481	765	10358	
16915:	802	
16927:	109	242	498	526	661	665	702	769	
16951:	90	711	
16955:	711	
16961:	809	
16975:	843	
16987:	152	
16988:	152	
17029:	414	
17060:	127	
17064:	28	38	112	115	127	180	190	209	489	495	648	695	10382	
17065:	209	
17068:	10382	
17104:	491	781	
17193:	44	55	224	295	398	741	763	
17203:	626	801	
17241:	225	322	403	450	524	718	741	
17242:	524	
17246:	99	242	335	537	822	
17247:	682	
17252:	640	
17255:	285	322	374	383	540	731	835	10353	10356	
17263:	680	
17312:	113	
17357:	249	
17362:	72	165	
17380:	436	
17384:	101	190	
17394:	551	
17399:	270	
17427:	549	
17429:	287	290	307	439	685	767	796	
17461:	110	247	
17462:	110	247	
17489:	635	
17503:	687	
17536:	664	
17548:	26	101	189	343	359	416	426	581	777	795	
17549:	359	
17558:	802	
17569:	202	
17578:	130	139	210	235	567	674	
17582:	130	210	
17583:	130	139	210	235	567	674	
17656:	209	
17663:	608	609	
17839:	10171	
17858:	90	127	396	
17872:	10352	
17873:	10352	
17888:	113	
17973:	57	94	107	165	307	545	726	10379	
18013:	292	
18043:	372	
18078:	453	
18081:	291	640	
18082:	640	
18153:	152	
18163:	230	
18175:	216	230	237	298	382	640	10171	
18196:	237	
18202:	10171	
18210:	230	790	
18219:	35	
18240:	435	
18265:	441	
18285:	78	
18335:	329	
18397:	757	10361	
18404:	757	10361	
18412:	675	
18424:	757	10361	
18439:	94	
18446:	97	10298	
18449:	97	10298	
18453:	97	10298	
18477:	341	
18502:	403	
18504:	818	
18507:	122	
18508:	122	
18509:	692	
18510:	394	
18511:	66	214	
18529:	112	
18542:	242	
18620:	10177	
18623:	10177	
18634:	416	
18651:	10383	
18654:	775	
18657:	30	166	266	533	670	710	767	10358	
18692:	128	
18700:	626	
18708:	416	
18709:	416	
18716:	113	157	335	382	584	659	768	
18720:	199	
18732:	481	
18733:	8	26	28	134	175	189	193	283	471	629	695	
18744:	209	
18749:	184	
18755:	225	
18768:	447	537	606	696	700	10383	
18773:	606	
18790:	14	101	455	591	706	
18791:	500	
18810:	159	
18837:	638	
18838:	638	
18864:	472	
18897:	199	
18898:	199	
18908:	10352	
18931:	87	
18936:	471	
18961:	204	452	510	559	658	10371	
18970:	47	
18983:	676	
18995:	655	
19004:	271	279	450	
19022:	44	261	279	422	550	588	606	10230	10298	
19025:	606	
19027:	261	422	
19028:	261	
19030:	550	10230	
19058:	394	
19093:	30	74	176	212	313	334	411	421	496	551	589	606	637	638	680	685	746	784	10177	
19094:	313	411	680	746	784	
19097:	212	421	606	638	685	10177	
19132:	6	70	97	177	437	515	10350	10351	
19133:	6	10351	
19141:	213	
19144:	499	
19155:	10055	
19165:	204	446	640	
19177:	411	529	
19179:	411	529	
19195:	489	
19206:	416	
19207:	416	
19236:	142	467	791	805	826	10230	
19262:	658	661	
19274:	212	
19281:	165	
19284:	72	307	10379	
19304:	14	21	39	100	101	103	111	155	187	194	195	198	215	247	256	270	291	302	314	351	413	418	426	436	455	462	484	491	492	512	514	516	523	525	547	561	565	566	605	657	658	699	722	806	813	816	826	10177	10230	10357	10358	10365	
19311:	525	
19329:	687	
19374:	187	285	348	619	727	10378	
19386:	82	201	285	311	383	450	548	563	701	713	735	10378	
19425:	837	
19468:	619	767	
19470:	167	
19487:	38	69	190	416	447	695	
19495:	295	
19496:	295	
19497:	295	
19500:	421	
19508:	72	
19509:	256	288	
19532:	715	
19541:	198	
19556:	204	209	301	550	574	
19559:	301	
19566:	413	691	692	
19587:	148	169	193	228	267	416	447	471	504	508	576	695	777	10360	
19609:	484	
19621:	63	
19628:	177	295	417	551	
19630:	613	
19640:	411	
19648:	603	
19659:	492	
19695:	260	265	
19715:	499	
19748:	443	472	551	
19751:	321	
19752:	72	
19761:	481	
19780:	491	583	
19826:	500	656	
19835:	499	
19875:	677	
19881:	305	
19884:	10171	
19885:	10171	
19897:	283	594	
19909:	12	45	48	53	58	71	91	95	115	116	117	118	119	128	133	141	156	157	159	162	170	174	180	286	292	293	331	332	375	397	399	403	421	429	442	448	468	478	543	573	613	632	633	637	650	672	715	734	743	756	769	770	771	772	773	779	789	803	829	833	837	841	845	10347	
19910:	115	128	157	779	
19917:	843	
19918:	843	
19929:	195	206	270	561	
19984:	50	
20000:	50	71	116	156	294	299	300	332	438	442	573	632	633	756	770	771	772	773	789	803	841	
20012:	499	
20013:	125	
20063:	467	
20101:	97	163	211	259	285	311	363	484	624	691	737	764	10298	
20121:	498	
20130:	447	
20133:	526	
20134:	703	
20160:	414	
20176:	112	
20194:	801	
20214:	80	134	272	338	539	547	586	669	699	
20224:	565	
20230:	6	286	820	
20232:	825	
20288:	548	
20301:	178	
20303:	178	
20311:	309	782	
20318:	183	275	328	481	571	686	687	826	
20323:	481	
20324:	460	
20331:	309	
20338:	837	
20346:	225	486	652	
20366:	456	
20367:	834	
20372:	412	
20385:	416	
20386:	416	
20387:	416	
20391:	204	
20404:	291	
20448:	130	
20500:	486	
20511:	663	
20645:	249	603	
20653:	97	206	314	418	500	615	
20656:	500	
20672:	329	
20679:	135	336	475	
20690:	107	
20705:	35	118	582	10008	
20710:	10008	
20722:	182	430	
20729:	531	
20740:	112	144	180	490	
20743:	112	
20745:	490	
20752:	97	103	475	488	575	762	812	825	
20761:	582	10347	
20804:	628	
20823:	231	
20824:	231	
20849:	293	
20858:	186	
20867:	10008	
20878:	397	
20881:	160	209	411	574	767	
20883:	176	228	784	
20893:	60	167	199	475	514	768	815	10296	
20895:	123	128	458	
20897:	559	
20902:	284	815	
20932:	769	
20936:	779	
20938:	168	
20942:	777	
20943:	777	
20946:	185	
20958:	25	
20960:	540	
20988:	1	
21002:	113	
21013:	499	
21016:	707	
21020:	5	47	52	128	152	182	186	216	229	249	261	278	293	316	329	369	389	403	408	449	451	453	472	525	531	539	551	560	573	578	603	608	609	639	641	664	679	680	718	725	780	822	833	837	840	846	10383	
21022:	128	182	451	472	609	641	725	840	
21023:	128	182	451	472	609	641	725	840	
21024:	408	472	573	680	
21025:	453	
21029:	249	
21034:	321	
21046:	10352	
21053:	227	753	
21063:	30	125	200	231	290	499	661	685	776	801	10296	
21073:	640	
21111:	27	133	203	331	595	687	827	
21112:	102	177	249	417	
21116:	792	
21118:	23	30	779	
21119:	28	39	51	95	103	140	189	190	191	198	274	286	291	344	373	378	426	450	456	474	500	510	516	518	524	577	590	611	649	656	659	670	677	691	692	697	733	792	805	825	826	827	10230	10296	10298	10358	10365	10366	10381	
21120:	691	692	
21124:	286	
21194:	50	300	
21197:	50	294	300	543	
21211:	50	
21216:	46	85	91	114	118	127	140	346	356	365	420	421	459	509	512	626	672	683	824	
21224:	5	71	116	156	300	332	442	573	632	633	640	756	770	771	772	773	789	803	841	
21254:	370	
21257:	287	620	
21259:	249	382	603	685	782	
21269:	216	
21270:	5	7	10	19	21	35	44	85	112	141	174	199	212	214	215	216	228	242	249	257	262	270	272	287	328	334	339	367	371	372	394	425	431	449	464	468	478	479	488	494	513	519	531	551	557	565	571	586	594	603	619	620	629	631	640	644	645	646	666	687	688	741	750	753	775	780	805	818	839	844	10089	10298	10351	10374	
21272:	21	215	270	272	619	
21274:	215	270	
21277:	557	
21283:	7	199	257	339	367	371	513	594	620	753	775	805	839	10089	10351	
21287:	619	
21293:	494	
21298:	571	775	
21299:	666	
21300:	112	
21303:	328	
21309:	249	
21311:	629	
21316:	10	44	334	431	468	519	687	818	
21317:	10	44	334	431	468	519	687	818	
21319:	372	
21326:	645	
21337:	578	680	
21339:	578	
21348:	21	82	215	270	523	654	662	10377	
21359:	654	662	
21373:	645	10374	
21381:	225	495	640	664	
21402:	28	152	168	212	313	359	372	373	431	439	445	478	495	639	799	
21413:	149	152	168	239	313	411	431	439	445	468	639	782	799	808	820	840	10374	
21416:	820	
21417:	313	
21439:	216	
21443:	664	
21460:	316	
21463:	316	
21464:	316	
21471:	4	27	41	45	56	57	59	60	72	74	75	89	94	97	101	102	111	120	124	131	132	141	142	143	144	146	151	159	160	170	172	180	192	200	202	212	220	225	231	245	259	297	307	309	313	323	324	325	326	328	356	358	359	372	373	404	411	421	426	432	455	457	458	462	468	469	493	525	530	531	535	536	545	550	551	552	564	570	574	577	610	612	615	617	625	637	653	655	675	677	680	685	690	698	703	713	714	715	716	719	720	746	747	755	758	764	779	786	792	795	796	809	821	830	832	844	10055	10171	10177	10230	10248	10296	10357	10358	10369	10370	10371	10379	
21472:	525	
21473:	56	60	
21474:	313	468	536	677	698	
21475:	231	779	
21476:	27	131	142	180	313	698	747	
21477:	570	698	10369	
21478:	202	
21479:	56	
21480:	111	124	432	786	10248	10296	
21481:	111	124	432	786	10248	10296	
21485:	10357	
21488:	60	89	180	535	
21489:	97	141	143	404	531	698	779	10369	
21490:	141	404	531	779	
21493:	56	59	102	142	143	309	468	530	10171	
21494:	143	468	716	
21501:	3	6	21	59	212	229	256	295	334	394	421	424	577	606	626	628	638	685	830	10177	10383	
21502:	21	
21505:	229	334	
21507:	256	
21511:	638	830	
21514:	424	
21525:	167	
21527:	1	7	28	35	44	50	53	54	57	63	68	71	77	85	92	95	99	113	115	116	117	118	119	128	141	144	146	147	152	156	157	160	161	162	168	170	176	189	224	230	231	238	242	275	294	296	297	298	299	300	303	310	315	320	330	332	333	334	335	342	356	365	381	390	408	424	442	443	447	451	453	464	468	469	484	496	497	506	519	526	538	540	543	544	552	564	568	569	572	573	582	583	588	608	609	614	619	632	633	636	651	664	672	677	686	690	693	700	712	714	734	747	749	753	754	755	756	760	763	770	771	772	773	779	782	787	788	789	803	821	822	828	833	837	840	841	10352	10355	
21528:	68	95	365	424	526	760	
21529:	68	95	365	526	760	
21531:	50	71	116	156	161	162	294	299	300	332	333	442	573	608	609	632	633	734	756	770	771	772	773	789	803	841	
21532:	71	116	156	332	333	408	442	569	573	608	609	632	633	734	756	770	771	772	773	789	803	841	
21534:	117	299	
21535:	365	
21536:	78	
21538:	78	
21545:	496	578	
21558:	380	
21594:	613	
21601:	87	199	
21603:	87	199	
21615:	767	
21643:	187	199	608	609	610	650	10356	
21644:	187	199	
21669:	802	
21673:	39	677	
21685:	52	
21712:	26	28	89	416	585	10372	
21736:	372	
21786:	629	
21848:	716	
21870:	544	
21871:	544	
21875:	252	484	488	575	762	812	
21883:	386	596	701	10354	10381	
21886:	452	10364	
21901:	61	
21905:	386	492	640	701	
21919:	685	
21932:	97	475	488	575	762	
21936:	559	
21947:	102	
21951:	603	613	
21958:	231	
21977:	661	
22037:	123	10376	
22039:	35	
22044:	26	28	38	44	55	56	66	71	90	116	120	127	141	156	182	184	186	189	193	224	293	295	329	332	346	394	398	420	442	446	451	464	480	489	528	531	553	573	626	628	629	632	633	649	659	670	679	686	696	714	715	741	743	744	747	756	763	770	771	772	773	789	803	809	818	833	841	10248	10374	10383	
22045:	553	628	
22046:	175	342	489	695	791	
22060:	224	334	
22075:	416	
22084:	328	613	
22120:	802	
22121:	802	
22123:	10373	
22126:	20	499	651	
22127:	20	
22139:	490	
22151:	356	
22159:	572	
22179:	177	
22202:	685	
22212:	565	762	812	
22252:	825	
22253:	10373	
22276:	372	
22291:	768	
22296:	815	
22299:	174	386	
22300:	292	769	837	
22311:	7	
22317:	572	
22318:	572	
22319:	293	446	640	641	645	679	10374	
22322:	7	26	28	95	114	147	189	348	358	369	452	538	600	614	636	655	693	700	748	753	824	845	
22326:	7	
22334:	370	
22335:	450	
22346:	103	
22361:	275	821	
22427:	497	
22435:	50	294	299	300	
22449:	50	294	299	300	497	
22456:	262	
22490:	557	10383	
22492:	225	
22494:	7	127	137	152	186	193	216	261	262	264	293	328	369	403	408	431	485	525	531	538	551	600	603	608	613	639	641	664	679	718	734	748	833	846	10350	
22502:	9	163	265	514	613	668	727	776	787	10358	10373	
22508:	10373	
22512:	727	
22530:	499	
22534:	14	
22548:	111	673	10177	
22549:	10177	
22557:	102	159	550	564	574	
22579:	78	111	136	143	148	169	182	212	228	262	267	293	295	309	353	422	504	508	526	536	570	576	677	698	703	720	764	832	10177	10230	10296	10358	10360	10371	
22580:	698	703	
22590:	3	54	78	182	212	252	293	332	366	407	411	445	468	530	531	680	725	756	772	777	786	10177	10382	
22591:	78	
22592:	54	78	252	407	411	777	
22616:	74	
22621:	6	
22638:	209	305	
22641:	102	550	574	
22658:	78	
22672:	460	
22673:	460	
22737:	155	413	
22739:	142	216	685	840	846	
22740:	142	
22768:	288	
22771:	212	264	384	
22774:	212	
22783:	197	232	241	272	288	306	314	418	434	537	541	594	623	655	657	665	703	727	728	731	732	10358	10372	
22784:	594	
22786:	418	
22828:	600	
22840:	20	
22842:	10370	
22851:	177	
22854:	801	
22857:	640	
22869:	640	
22870:	640	
22871:	10370	
22898:	458	
22964:	435	
22968:	421	744	
23000:	150	240	327	467	539	557	660	
23023:	21	
23040:	589	
23056:	143	499	780	10008	
23094:	10	19	24	35	44	45	50	54	55	58	60	61	63	66	68	83	89	102	112	120	128	141	160	167	168	178	180	182	186	192	204	212	214	219	224	225	230	231	236	237	242	258	261	264	265	266	286	288	292	293	295	300	301	302	305	316	320	322	323	329	334	336	339	348	350	369	370	371	377	386	389	393	394	398	403	408	422	424	431	445	447	449	451	458	459	463	467	468	469	471	480	485	486	488	489	494	495	509	519	520	525	526	528	531	535	536	539	541	546	557	558	564	569	575	593	595	596	598	603	608	609	637	641	649	664	680	683	684	687	694	695	696	702	704	718	725	746	755	762	765	781	784	797	801	809	817	818	821	827	833	840	846	10008	10177	10248	10296	10298	10347	10350	10352	10354	10355	10361	10364	10365	10376	
23104:	10361	
23108:	10008	
23110:	458	
23111:	458	
23113:	265	
23127:	5	
23137:	241	
23144:	596	
23145:	711	
23164:	236	
23165:	588	
23173:	59	105	578	
23175:	287	
23178:	518	
23188:	26	
23203:	44	
23210:	298	
23247:	3	6	7	30	81	114	149	153	236	239	271	328	344	346	348	365	366	377	389	421	439	514	538	542	558	571	584	588	592	595	600	613	614	639	660	712	769	782	786	791	820	824	826	840	10008	
23252:	3	366	786	
23273:	40	139	153	172	196	211	311	322	353	404	414	492	619	640	668	701	731	739	842	10350	10377	10380	
23275:	211	311	414	492	668	842	
23276:	322	
23277:	153	311	
23278:	404	619	640	
23281:	50	294	299	300	356	497	543	
23282:	294	299	300	543	
23329:	837	
23362:	431	519	10171	10177	
23368:	15	26	32	62	63	99	105	106	122	147	148	158	167	169	173	191	199	227	240	257	267	268	273	274	276	277	281	289	292	312	317	336	337	367	390	395	402	448	459	463	470	486	503	504	507	508	510	515	518	540	576	590	594	605	616	652	684	697	706	717	723	753	785	817	836	10356	10360	
23372:	336	
23396:	347	
23400:	438	
23401:	438	
23406:	619	
23411:	217	
23432:	375	
23434:	129	
23435:	695	
23436:	695	
23475:	613	
23487:	471	
23491:	50	293	294	299	300	451	453	497	
23521:	220	
23524:	411	
23533:	45	56	57	74	75	94	111	124	132	144	151	159	170	180	212	225	245	290	297	309	313	324	326	373	389	411	421	493	545	552	563	612	617	637	653	685	698	716	719	720	747	786	792	796	821	830	10171	10177	10230	10248	10358	10373	10379	
23534:	45	56	57	74	75	94	111	124	132	144	151	159	170	180	212	225	245	290	297	309	313	324	326	373	389	411	421	493	545	552	612	617	637	653	685	698	716	719	720	747	786	792	796	821	830	10171	10177	10230	10248	10358	10379	
23535:	56	57	74	75	94	124	132	159	170	180	297	309	313	324	373	411	421	545	637	716	792	796	821	830	10248	
23557:	421	
23571:	58	87	199	292	310	367	503	593	598	622	811	845	10367	10376	
23578:	199	471	
23580:	115	
23609:	27	74	130	139	210	212	235	262	295	309	356	398	421	466	519	536	567	570	575	581	613	674	677	686	696	743	755	762	10358	10369	10371	10372	
23610:	640	10381	
23624:	26	28	101	189	203	429	533	670	749	
23625:	203	429	749	
23637:	5	7	12	19	25	26	28	35	44	90	113	120	122	148	167	169	174	175	178	193	202	203	204	230	237	264	267	277	295	303	322	348	356	382	384	394	396	397	399	420	422	429	430	449	450	452	456	471	475	489	504	508	517	518	522	524	528	537	538	557	560	571	576	586	588	594	603	608	609	613	618	625	629	649	650	670	686	687	695	711	713	741	748	754	760	768	769	777	780	781	787	790	792	805	814	826	827	836	10350	10360	10366	10370	
23640:	780	
23655:	5	7	19	25	44	122	148	169	174	175	193	202	204	237	264	267	295	303	322	382	397	422	430	450	456	489	504	508	518	522	538	576	586	588	603	618	650	741	760	768	777	781	814	10350	10360	
23656:	5	7	19	25	44	122	148	169	174	175	193	202	204	237	264	267	295	303	322	382	397	422	430	450	456	489	504	508	518	522	538	576	586	588	603	618	650	741	760	768	777	781	814	10350	10360	
23660:	7	19	26	35	120	178	203	237	303	382	397	399	422	429	430	449	456	522	528	560	571	586	603	618	649	686	687	711	754	768	781	787	790	792	826	827	10366	
23729:	277	
23798:	358	425	786	
23803:	452	
23810:	130	199	206	335	685	800	10349	10365	
23814:	206	
23819:	646	
23828:	39	594	661	752	
23834:	455	
23838:	547	
23847:	123	
23849:	290	624	768	
23851:	624	
23862:	10365	
23904:	112	186	394	680	
23909:	802	
23910:	5	7	19	25	28	35	44	45	47	50	55	60	64	71	74	89	91	99	113	115	116	122	127	137	139	141	148	156	157	161	162	169	170	174	175	178	184	193	194	196	199	202	204	214	228	237	260	261	262	264	265	267	269	272	276	283	291	293	294	295	299	300	303	305	308	309	320	322	328	332	333	339	345	346	351	355	356	365	370	382	383	397	398	404	405	422	424	430	431	442	443	445	446	449	450	456	457	460	462	464	480	481	485	489	492	495	496	497	500	504	508	517	518	519	522	526	528	531	536	538	541	546	547	553	557	563	573	576	586	588	589	590	595	603	615	618	619	624	626	628	629	632	633	640	645	648	649	650	656	666	669	670	679	684	686	687	690	696	701	711	713	715	717	726	731	734	741	743	744	753	756	760	761	763	764	768	769	770	771	772	773	775	777	781	787	789	790	800	803	805	814	818	823	826	827	832	841	844	10350	10360	10366	10369	10372	10374	10376	10382	10383	
23913:	669	
23914:	713	
23915:	91	790	10372	
23916:	55	356	370	398	763	775	
23919:	462	832	10369	
23924:	74	648	
23925:	137	
23926:	424	
23927:	462	
23928:	35	141	214	265	295	305	339	398	445	480	485	519	522	536	603	649	686	696	743	
23939:	285	410	713	815	10356	
23943:	278	677	
23953:	57	72	241	247	307	373	411	424	464	767	821	830	
23954:	98	127	145	199	238	283	544	
23956:	110	307	436	665	707	722	
23965:	160	
24017:	386	757	
24022:	204	531	
24035:	184	186	329	551	746	833	
24039:	186	329	833	
24043:	202	
24049:	735	
24054:	471	735	10379	
24076:	781	
24102:	774	
24106:	703	
24133:	479	
24302:	287	
24309:	149	
24315:	563	
24317:	316	
24318:	394	613	653	809	
24322:	240	395	459	471	696	
24337:	225	
24338:	225	
24343:	10365	
24368:	322	
24377:	5	39	113	328	393	420	520	577	613	695	826	
24378:	393	
24380:	826	
24386:	327	
24407:	60	640	
24429:	594	
24430:	594	
24436:	386	10362	
24443:	4	56	60	68	107	112	148	167	169	173	199	267	307	390	504	508	550	576	748	754	757	767	768	809	825	10360	
24448:	56	
24454:	27	
24458:	4	12	111	131	182	242	301	316	326	355	487	612	698	767	786	10230	10296	
24459:	4	12	111	131	182	301	316	326	355	612	698	767	786	10230	10296	
24465:	24	130	207	210	214	269	291	365	384	395	424	425	427	475	500	509	539	544	594	598	613	617	637	649	652	664	704	711	747	748	757	765	785	787	817	836	10373	
24466:	539	
24467:	757	
24477:	20	
24485:	499	
24487:	66	220	
24515:	739	
24519:	198	
24540:	118	119	193	517	629	659	672	760	833	
24550:	424	
24563:	166	470	
24574:	260	445	
24575:	170	245	487	535	690	
24578:	170	300	382	469	714	779	792	
24579:	74	653	
24581:	45	48	74	552	637	653	690	714	
24586:	87	
24612:	312	
24625:	48	
24636:	50	59	82	189	190	206	215	229	245	290	300	309	339	394	398	410	480	519	531	554	556	611	629	659	714	715	718	741	743	825	826	839	10171	10230	10356	
24641:	82	190	245	554	
24646:	21	
24661:	416	
24669:	54	
24674:	447	695	
24681:	345	426	457	521	768	
24690:	837	
24693:	10381	
24713:	82	129	153	172	187	196	201	210	211	220	232	259	263	284	311	404	410	414	446	537	548	549	570	619	623	624	640	668	706	732	735	10374	
24715:	172	259	623	
24716:	570	
24721:	666	
24722:	666	
24752:	132	
24753:	287	392	685	686	805	10248	
24763:	710	
24770:	497	600	695	824	
24774:	389	403	506	718	10380	
24776:	85	
24777:	131	145	691	692	10358	
24782:	74	269	309	471	619	719	790	792	
24786:	38	70	110	122	190	251	278	492	575	759	775	832	837	
24803:	70	142	786	805	10351	10379	
24810:	76	
24821:	281	
24823:	453	
24825:	10008	
24826:	14	155	164	195	206	314	413	418	426	561	806	816	
24827:	165	
24839:	308	
24842:	683	
24844:	447	
24845:	8	15	19	21	27	30	32	34	38	46	47	53	57	58	63	70	73	77	79	83	84	87	90	97	99	105	107	111	122	127	128	131	134	135	139	143	145	147	148	153	155	157	164	169	173	175	181	183	189	190	191	194	195	198	199	201	202	206	210	227	232	238	242	247	251	256	257	259	264	266	267	268	273	274	276	277	281	283	284	285	289	292	310	314	317	320	322	334	335	338	344	351	355	358	359	363	367	375	378	381	383	386	390	404	410	412	416	423	425	427	428	448	450	452	457	463	471	473	475	486	488	489	490	491	493	499	500	503	504	512	513	516	518	523	526	533	540	541	544	549	556	559	566	567	569	570	575	576	577	583	584	593	596	598	600	605	616	623	624	640	643	650	656	661	662	669	673	684	693	695	697	698	700	704	710	713	717	720	727	728	731	734	737	748	753	757	759	763	764	775	777	780	781	786	788	800	801	805	814	816	817	822	823	824	825	834	835	836	838	839	10177	10230	10248	10298	10349	10350	10351	10353	10354	10355	10356	10360	10362	10364	10367	10368	10369	10376	10382	
24847:	32	99	148	169	191	267	268	277	281	367	448	486	503	504	518	540	576	605	817	836	10360	
24851:	46	51	
24852:	3	5	24	30	32	46	50	51	53	58	60	63	66	68	74	77	82	83	89	95	105	120	130	135	141	144	145	146	149	163	170	171	173	180	183	184	185	187	190	191	199	202	212	214	228	238	245	246	254	257	259	268	274	276	280	281	284	286	288	289	292	293	294	300	302	309	310	317	320	321	322	329	335	339	342	359	367	372	378	381	393	394	398	404	412	418	419	420	423	425	431	435	447	452	456	458	463	469	471	477	480	493	497	504	506	508	519	526	528	531	536	541	549	556	559	567	570	584	593	596	613	617	619	624	626	628	629	636	640	651	653	677	679	680	682	686	693	695	696	697	701	704	713	714	715	717	719	720	725	734	739	741	743	753	755	760	763	765	777	779	786	790	801	809	817	835	838	10177	10248	10348	10351	10354	10355	10358	10364	10367	10369	10372	
24856:	95	286	425	760	
24858:	280	
24860:	135	
24861:	163	185	214	228	259	339	431	447	506	536	541	619	624	695	777	790	
24862:	289	367	
24864:	212	480	686	715	719	743	763	779	
24865:	281	367	
24866:	309	680	
24867:	5	
24868:	10369	
24873:	105	274	289	317	367	420	423	704	838	
24874:	629	
24875:	418	
24876:	456	777	
24878:	50	68	146	294	300	636	651	
24881:	24	60	66	83	320	322	398	471	480	596	704	765	801	10364	
24887:	339	714	743	
24888:	32	145	199	238	292	310	321	381	452	697	704	10355	
24889:	246	431	435	786	10177	
24891:	82	
24892:	321	
24893:	228	
24894:	526	720	
24895:	269	
24907:	72	796	
24910:	46	140	264	672	699	780	
24919:	53	77	135	190	192	198	199	201	220	284	285	320	335	363	375	410	412	452	541	544	549	565	570	591	619	629	663	704	713	775	815	10349	10351	10355	10356	10368	10369	
24929:	110	307	370	394	615	665	722	
24991:	230	
24996:	499	
25011:	82	498	
25029:	230	237	754	790	
25034:	754	
25051:	284	
25060:	284	
25080:	662	
25093:	790	
25096:	638	
25112:	261	499	
25114:	499	
25125:	60	
25128:	53	114	238	321	358	425	600	605	614	700	748	817	824	845	
25129:	321	
25130:	600	824	
25138:	20	
25142:	468	
25148:	397	
25149:	397	
25153:	397	
25164:	220	411	
25219:	161	
25220:	161	
25233:	800	
25276:	5	47	55	422	648	687	743	787	
25277:	422	787	
25295:	10373	
25296:	10373	
25301:	82	202	414	
25303:	202	
25342:	305	
25344:	12	59	89	102	550	739	
25351:	231	780	796	
25374:	120	517	521	
25376:	521	
25423:	612	767	
25443:	679	
25444:	617	
25445:	135	142	190	198	210	571	624	709	10356	
25447:	44	161	176	181	230	231	310	320	323	452	453	464	481	540	572	588	754	824	833	
25448:	452	
25450:	300	497	
25451:	47	63	105	145	147	153	191	214	266	268	271	276	317	328	344	367	372	377	378	463	475	514	515	516	541	569	571	585	588	613	616	624	626	684	690	695	717	731	753	809	817	826	834	836	838	839	10008	10177	10348	10358	
25459:	1	39	46	114	118	127	346	356	365	512	544	824	
25469:	20	
25567:	458	542	
25575:	502	
25578:	711	
25587:	711	
25667:	177	408	720	
25728:	152	
25764:	296	
25777:	127	378	608	711	
25781:	26	39	72	272	351	500	514	601	615	710	722	726	813	10375	10377	
25813:	202	
25819:	60	89	180	535	
25821:	220	579	
25832:	563	
25836:	284	549	
25837:	284	
25840:	767	
25864:	77	
25903:	32	
25905:	26	455	
25906:	455	
25934:	28	127	181	196	202	225	227	265	289	321	356	367	393	452	495	649	670	686	743	758	10383	
25938:	10383	
25945:	80	129	232	414	
25950:	741	
25953:	837	
25964:	287	
25977:	9	55	82	135	186	214	216	242	254	257	264	266	269	290	315	373	378	380	393	410	415	420	434	438	473	485	488	494	514	519	536	564	568	611	613	639	640	668	716	743	763	768	805	815	822	842	10350	10365	
25978:	9	82	135	186	214	216	242	254	257	264	266	269	290	315	373	378	380	393	415	434	438	473	485	488	494	514	519	536	564	611	613	639	668	716	743	763	805	815	822	842	10350	10365	
25983:	342	
26003:	444	
26040:	109	
26046:	370	
26083:	60	
26094:	102	487	
26117:	208	
26153:	135	198	499	580	815	
26167:	580	
26178:	135	198	
26212:	370	
26222:	714	
26224:	112	
26237:	447	
26260:	204	
26262:	200	
26264:	178	
26267:	168	799	
26276:	28	
26314:	287	
26317:	180	212	287	550	609	
26318:	180	212	
26321:	721	
26322:	411	
26352:	411	
26369:	242	
26458:	499	
26481:	781	
26534:	675	801	
26558:	4	57	72	107	110	149	236	245	290	307	314	351	373	411	413	458	561	611	637	639	653	655	722	726	780	821	
26560:	4	72	245	458	637	653	
26568:	203	421	10353	
26573:	625	
26616:	790	
26629:	129	
26679:	29	502	
26698:	174	687	
26772:	334	
26787:	533	
26803:	499	
26806:	499	
26808:	211	703	
26832:	85	292	312	356	395	719	
26833:	85	356	
26840:	837	
26848:	61	117	254	459	693	
26852:	1	
26853:	32	58	115	145	199	238	292	303	310	321	335	375	381	425	452	533	593	594	608	670	697	704	748	839	845	10351	10355	
26859:	593	845	
26860:	159	
26876:	515	
26877:	515	
26878:	589	
26879:	589	
26886:	502	
26887:	502	
26915:	167	
26959:	152	168	799	
26960:	152	168	799	
26968:	394	
26969:	241	
26971:	603	
26998:	295	
27006:	801	
27031:	767	
27103:	122	
27108:	15	25	32	63	83	99	105	106	122	140	147	148	167	169	173	183	191	199	223	227	240	254	257	267	268	273	274	276	277	281	289	317	337	344	367	378	390	395	423	448	459	463	474	482	486	503	504	506	508	510	513	518	540	576	590	605	616	684	693	697	717	753	774	785	817	836	838	10360	
27110:	25	595	769	
27111:	558	
27112:	15	158	292	395	540	616	
27113:	122	
27116:	238	
27127:	643	
27145:	685	
27176:	471	
27215:	93	
27275:	35	111	114	135	162	181	182	198	203	214	215	237	258	355	382	383	386	394	420	424	473	475	497	499	514	520	556	561	575	577	594	600	603	608	609	611	614	626	680	698	741	748	757	775	781	786	790	805	809	818	820	826	827	842	10177	10358	10366	
27277:	198	215	561	
27278:	775	781	
27295:	73	97	111	124	247	279	377	516	606	698	786	10230	10296	
27296:	35	399	
27302:	199	
27316:	165	307	767	796	
27317:	372	
27320:	718	
27358:	619	
27382:	78	
27385:	549	
27387:	578	
27441:	582	
27453:	207	
27454:	207	
27466:	29	111	468	530	698	721	786	10296	
27467:	721	
27468:	29	
27485:	66	
27559:	102	
27573:	209	
27574:	225	543	
27602:	20	
27627:	20	441	522	
27635:	572	780	
27637:	506	575	814	
27654:	10383	
27665:	135	199	438	
27668:	593	10008	
27674:	295	10383	
27675:	21	40	68	82	87	98	103	107	112	135	176	187	211	256	272	293	294	329	369	385	394	398	420	424	446	451	453	467	499	526	531	553	555	626	628	629	640	641	649	666	679	699	701	727	735	742	743	744	760	763	792	818	10374	
27676:	68	176	398	420	424	626	629	649	666	744	760	
27677:	256	
27680:	40	82	187	211	727	735	742	
27702:	35	44	51	68	105	111	117	135	141	171	178	182	235	273	287	290	305	317	328	339	342	348	365	393	420	424	460	485	489	494	496	519	520	524	526	536	541	546	586	595	603	610	613	614	675	679	704	718	741	748	760	768	769	777	786	805	839	10177	10351	10358	10366	
27703:	574	
27714:	65	69	127	276	277	345	346	506	512	563	717	753	
27719:	262	
27720:	262	
27729:	5	225	494	496	497	551	577	578	610	645	680	746	10374	
27767:	538	
27776:	370	
27785:	8	175	283	
27797:	265	
27798:	265	
27799:	27	74	130	139	210	212	235	262	295	309	356	398	421	466	519	536	567	570	575	581	613	674	677	686	696	743	755	762	10358	10369	10371	10372	
27800:	130	139	567	
27801:	295	
27802:	519	10369	
27803:	677	
27805:	570	
27806:	139	
27808:	262	295	686	10369	
27809:	27	
27810:	398	570	743	
27811:	10358	
27812:	536	570	575	
27814:	378	
27815:	294	356	790	
27816:	356	
27818:	546	
27822:	113	596	
27837:	613	
27838:	613	
27839:	788	
27848:	384	568	
27869:	64	
27871:	619	
27872:	619	
27878:	19	
27879:	207	308	372	490	752	
27880:	372	
27891:	19	
27892:	619	
27920:	79	82	94	97	100	111	124	132	138	172	195	201	207	211	232	238	241	272	273	288	291	311	366	386	413	483	484	515	516	577	578	601	636	640	656	658	660	703	710	727	731	732	735	767	786	794	806	10230	10248	10296	10358	10370	10373	10379	
27922:	130	210	10361	10372	
27930:	27	47	50	51	55	59	102	112	128	160	161	176	184	212	216	224	225	245	246	249	260	278	293	294	295	299	300	329	330	348	365	389	394	411	421	424	431	435	438	444	453	496	497	539	550	603	628	645	679	696	702	739	743	747	786	809	818	10171	10177	10383	
27935:	512	629	653	
27936:	19	53	58	66	77	84	87	130	135	139	177	187	198	199	207	210	220	233	235	284	285	292	295	310	335	336	375	383	394	398	404	410	441	464	492	503	522	537	541	544	567	570	578	593	598	619	622	639	640	648	649	674	704	713	743	775	815	818	828	829	846	10349	10351	10353	10354	10355	10356	10367	10368	10369	
27941:	135	199	207	492	828	829	10356	10368	
27942:	295	648	
27943:	537	
27944:	130	135	
27945:	135	
27952:	414	698	
27960:	629	741	
27967:	296	487	
27968:	296	
27971:	286	
27977:	190	447	568	695	791	10362	
27979:	733	
27983:	3	73	94	107	111	124	132	206	215	247	271	276	279	291	314	343	366	413	418	463	500	510	611	652	657	698	717	720	795	10177	10230	10296	10358	10359	10380	
27985:	90	
27987:	510	594	10177	
28001:	29	
28026:	91	92	122	146	164	167	266	279	281	375	395	429	437	518	526	605	618	824	10366	
28029:	429	
28039:	232	570	
28077:	52	165	167	372	494	719	768	822	
28079:	822	
28080:	372	
28086:	484	
28088:	71	116	156	332	333	408	442	497	569	573	608	609	632	633	734	756	770	771	772	773	789	803	841	
28090:	81	85	
28110:	172	201	211	220	259	284	285	434	570	711	
28119:	20	214	526	655	661	675	
28120:	78	
28127:	739	
28157:	72	247	291	307	665	722	788	
28168:	697	
28178:	363	563	
28181:	563	
28184:	149	258	631	
28185:	149	258	631	
28188:	5	
28193:	675	
28196:	675	
28198:	202	
28201:	629	
28213:	673	801	
28232:	50	71	116	156	294	299	300	332	442	497	573	632	633	746	756	770	771	772	773	789	803	841	
28233:	50	294	299	300	497	746	
28242:	421	10358	
28255:	170	295	518	677	743	
28259:	555	
28301:	722	
28342:	303	
28351:	213	
28393:	9	
28399:	638	
28430:	10381	
28431:	10381	
28445:	12	27	133	331	399	449	810	826	827	10372	
28450:	12	
28452:	12	27	133	331	399	449	810	826	827	
28458:	579	587	
28470:	192	
28485:	193	288	384	809	810	
28494:	192	670	
28495:	164	10381	
28515:	70	530	10379	
28518:	174	
28525:	261	296	734	767	846	
28526:	296	
28539:	52	127	135	174	292	323	375	394	453	488	497	553	612	780	809	
28549:	453	
28558:	97	
28567:	199	372	477	685	786	796	805	
28572:	796	
28585:	834	
28607:	90	93	467	
28616:	594	
28630:	85	119	
28638:	204	522	757	
28641:	694	
28642:	82	100	129	139	153	187	215	232	235	384	404	414	516	548	549	567	600	640	666	668	713	739	755	764	792	10171	10373	10379	
28649:	394	
28659:	45	293	335	475	
28661:	1	21	40	82	117	135	137	145	172	183	193	195	202	272	281	287	367	395	404	410	422	459	523	547	549	571	611	636	640	649	665	692	727	813	
28666:	649	
28668:	3	12	40	97	98	129	131	135	155	198	206	215	246	251	279	336	351	355	377	386	404	413	418	477	500	510	516	523	536	556	561	566	611	626	640	651	657	713	720	727	757	759	777	786	788	826	10008	10177	10230	10296	10298	10358	10363	10371	10380	
28670:	66	394	
28672:	46	119	146	672	
28675:	66	214	475	
28678:	421	
28679:	174	
28692:	757	
28700:	565	
28723:	74	
28741:	490	
28756:	710	
28815:	741	
28841:	45	
28863:	110	475	575	
28889:	809	
28899:	472	
28907:	20	
28919:	369	471	653	
28920:	369	471	653	
28923:	20	
28939:	718	
28941:	372	
28965:	20	
28989:	743	
29007:	538	
29008:	538	
29012:	237	
29021:	216	262	329	370	372	
29029:	20	
29090:	687	10177	
29091:	5	7	12	19	20	21	24	26	27	28	29	35	39	53	64	73	82	88	100	101	111	113	120	123	128	132	133	137	161	164	176	178	181	182	189	193	194	195	196	202	203	204	214	215	219	225	230	233	236	237	238	241	260	262	263	270	272	285	288	291	293	303	304	305	311	314	318	321	328	331	335	343	344	351	356	357	358	359	370	381	382	394	397	399	404	415	416	418	420	422	425	426	427	429	430	441	443	449	452	456	460	462	467	471	477	481	485	489	492	496	500	514	516	517	521	522	523	524	528	536	537	538	546	547	553	558	559	560	561	566	570	571	575	578	581	582	584	585	586	588	595	600	603	606	615	618	619	624	627	646	649	650	658	661	668	673	675	677	686	687	690	700	702	703	707	711	720	722	731	739	742	747	748	749	754	760	761	764	765	768	775	777	781	787	790	792	795	806	810	813	816	823	824	826	827	834	839	842	844	10008	10230	10248	10296	10358	10366	10372	10377	
29092:	397	429	826	
29093:	619	686	711	
29094:	764	
29095:	537	
29097:	677	747	
29098:	203	827	
29107:	78	
29156:	467	844	
29159:	235	384	10373	
29163:	10373	
29166:	235	
29181:	29	
29204:	601	
29238:	348	
29244:	549	
29245:	357	
29262:	817	
29263:	21	
29287:	546	
29288:	568	677	
29295:	640	
29302:	685	
29327:	640	
29330:	485	489	528	624	625	659	702	
29331:	1	61	92	103	117	122	214	254	265	425	459	509	533	588	670	693	695	836	10365	
29332:	61	117	254	459	693	
29333:	1	
29341:	178	
29355:	72	
29367:	28	
29370:	7	12	113	133	230	264	328	429	449	456	560	603	686	687	711	790	810	826	827	
29377:	120	184	293	399	420	424	460	462	526	595	628	629	679	695	769	809	
29379:	809	
29380:	809	
29381:	190	
29383:	528	
29402:	19	107	113	290	411	481	552	603	613	754	809	
29403:	19	809	
29434:	664	
29441:	313	
29447:	826	827	
29463:	720	
29496:	7	50	95	115	214	228	294	300	393	453	497	517	600	640	696	760	10008	10177	10358	
29498:	696	
29500:	300	497	
29531:	456	
29542:	182	488	
29551:	28	50	72	99	107	117	118	239	247	294	299	300	370	389	393	408	452	484	517	521	526	569	609	629	655	685	718	720	760	809	10358	
29554:	484	
29557:	118	
29559:	28	146	
29570:	568	
29582:	160	
29583:	160	
29594:	640	
29607:	203	
29628:	125	
29661:	177	413	417	
29680:	329	
29685:	640	
29687:	640	
29721:	91	120	452	684	755	
29723:	684	
29728:	76	83	91	92	105	106	147	173	183	223	240	254	273	274	289	317	367	378	423	474	506	684	774	817	
29741:	63	76	77	83	91	92	95	99	122	227	268	276	277	344	378	396	463	474	540	629	684	693	704	717	753	838	10351	
29783:	10362	
29789:	456	518	521	541	805	
29790:	670	
29791:	71	116	156	300	332	442	573	632	633	756	770	771	772	773	789	803	841	
29820:	4	56	57	59	72	75	102	132	142	143	149	177	184	239	247	307	309	313	372	417	445	468	530	639	685	720	786	10055	10089	10171	10230	
29822:	229	313	641	
29830:	431	
29834:	741	
29835:	741	
29849:	334	444	784	790	
29856:	19	230	294	300	356	421	481	583	638	686	781	790	809	
29857:	230	
29925:	247	307	
29932:	434	10356	
29979:	607	
29980:	225	
29981:	79	219	305	328	613	
30027:	128	
30030:	713	10356	10368	
30032:	210	10055	
30040:	170	462	
30073:	10382	
30077:	620	
30082:	426	526	10354	
30117:	87	254	
30133:	559	
30156:	50	
30168:	50	
30179:	359	
30183:	327	539	843	
30203:	403	718	
30233:	747	
30247:	676	
30289:	12	203	399	595	627	810	827	
30290:	7	71	116	156	332	442	573	632	633	640	741	756	770	771	772	773	789	803	841	
30419:	190	
30438:	603	
30466:	582	
30492:	66	
30541:	289	
30608:	329	
30613:	127	672	
30619:	73	100	215	270	436	516	523	561	566	
30620:	215	436	
30653:	305	
30654:	305	
30716:	447	
30764:	763	
30773:	494	741	
30808:	10370	10381	
30814:	171	
30818:	5	7	12	50	57	72	91	97	133	152	160	165	204	214	229	245	246	260	261	264	296	297	300	303	307	331	364	372	394	398	403	431	477	478	493	513	525	531	539	550	559	560	572	578	603	611	612	618	627	639	641	648	679	680	685	718	734	744	749	760	775	798	799	800	805	808	846	
30822:	477	
30832:	837	
30835:	6	
30846:	775	
30861:	55	
30906:	102	231	313	372	411	468	
30907:	231	
30947:	471	
30948:	767	
30949:	10008	
30955:	638	
30959:	371	
30990:	89	
31014:	225	543	
31019:	73	90	93	111	129	131	135	137	143	155	182	198	199	206	279	314	351	355	384	386	413	418	566	624	626	698	727	728	801	814	820	826	827	10171	10177	10230	10248	10296	10356	
31020:	137	
31021:	73	90	111	129	131	135	143	155	198	199	206	314	351	355	384	386	566	624	698	801	10171	10230	
31022:	73	90	111	131	155	198	199	206	314	351	355	386	566	624	698	801	10230	
31030:	551	
31033:	47	422	
31034:	44	47	422	464	480	648	763	
31043:	490	
31045:	44	
31053:	411	
31060:	464	628	763	
31061:	600	
31074:	39	78	338	395	415	462	509	574	677	713	795	10353	
31077:	103	
31081:	491	
31097:	159	
31117:	209	258	675	
31120:	675	
31123:	677	
31127:	174	
31128:	115	174	
31141:	249	
31159:	148	169	193	228	267	416	447	471	504	508	576	695	777	10360	
31174:	26	28	55	184	189	216	224	398	743	763	818	
31193:	431	
31201:	152	475	799	838	
31231:	646	
31233:	646	
31259:	185	
31266:	543	
31267:	543	
31268:	197	
31309:	822	
31310:	822	
31320:	767	
31385:	28	321	
31386:	321	
31390:	278	
31406:	655	
31413:	135	
31506:	675	
31509:	554	
31514:	74	
31518:	117	
31570:	35	50	85	112	152	275	294	299	300	333	398	481	519	543	554	629	712	
31571:	275	554	
31573:	50	294	299	300	519	543	712	
31580:	423	
31582:	295	355	464	536	
31591:	554	
31597:	63	370	624	
31629:	404	
31671:	113	290	477	726	
31673:	290	
31674:	290	
31690:	431	
31692:	21	
31694:	538	
31718:	802	
31723:	144	
31778:	775	
31797:	673	
31798:	592	672	
31814:	814	
31823:	498	
31839:	50	
31849:	114	264	287	420	489	540	590	727	826	10298	
31867:	223	277	312	741	
31884:	232	
31895:	336	768	
31908:	834	
31916:	613	
31923:	834	
31971:	21	39	82	98	272	801	
31995:	622	
31998:	216	295	372	444	
32002:	216	444	
32016:	72	216	372	555	
32017:	626	641	645	10374	
32018:	333	734	
32022:	295	451	675	701	10383	
32024:	675	
32047:	822	
32048:	559	
32053:	3	
32056:	62	83	93	103	122	140	257	378	693	753	825	838	
32059:	87	130	225	295	421	492	528	537	541	579	625	649	706	711	715	728	775	842	
32060:	537	711	
32070:	165	811	
32092:	335	384	720	
32107:	661	
32118:	90	489	777	
32119:	489	
32125:	32	35	60	71	91	105	116	127	148	156	162	169	182	186	191	267	268	281	288	308	317	322	332	344	367	378	397	442	460	474	494	496	497	504	508	538	546	573	576	626	632	633	679	685	716	731	737	756	770	771	772	773	789	803	813	836	841	10298	10360	
32127:	127	
32129:	308	
32136:	7	60	112	135	171	198	242	295	339	456	600	613	649	695	737	768	822	10177	10383	
32141:	60	171	588	815	10366	
32143:	10366	
32145:	171	815	10366	
32150:	610	
32151:	408	569	573	608	609	
32155:	85	420	650	
32165:	370	
32168:	370	
32171:	111	10177	10230	
32220:	415	
32227:	313	
32228:	498	
32261:	209	
32271:	90	502	10366	
32272:	502	
32286:	411	744	
32291:	447	
32313:	402	
32330:	521	
32331:	521	
32333:	413	
32335:	719	
32342:	603	685	
32357:	261	
32373:	499	
32391:	113	481	499	583	588	781	790	826	
32396:	499	
32490:	635	
32552:	470	
32604:	94	270	318	353	446	462	495	551	578	641	664	669	739	10377	10380	
32605:	10377	10380	
32607:	446	495	641	664	
32608:	353	739	10377	10380	
32617:	696	
32618:	696	
32638:	384	787	
32666:	189	
32713:	476	
32722:	458	
32739:	92	186	518	
32762:	158	217	836	
32763:	373	
32765:	211	737	
32766:	394	
32770:	517	
32777:	214	367	394	403	531	536	539	649	679	718	
32780:	811	
32799:	3	6	21	293	329	366	424	628	679	725	818	833	
32801:	209	305	
32813:	542	
32814:	128	186	389	422	431	480	519	520	536	598	680	
32815:	128	
32819:	91	122	216	423	636	800	814	10354	
32861:	438	
32862:	21	10378	
32875:	62	127	
32895:	247	722	
32933:	10352	
32934:	566	
32958:	499	
33035:	224	
33045:	225	
33054:	696	
33120:	788	
33216:	10248	
33230:	635	
33238:	699	
33243:	416	619	624	
33244:	411	
33261:	161	
33271:	72	722	
33295:	102	231	372	468	
33318:	56	157	473	579	684	685	814	
33334:	422	
33363:	356	
