6:	289	
21:	763	
22:	718	
44:	20	73	115	185	250	350	389	392	510	541	562	619	642	653	682	685	713	762	767	836	897	
46:	568	
61:	337	568	618	645	751	
64:	568	
67:	433	
96:	373	590	
121:	849	
122:	849	
126:	820	
130:	748	
131:	748	
152:	329	
167:	696	
174:	55	359	363	395	625	
175:	55	57	58	177	196	304	344	359	363	393	394	395	416	553	615	624	625	626	627	636	657	666	676	734	769	
194:	703	
198:	686	768	
199:	686	
201:	238	239	736	
205:	96	192	573	675	868	
221:	333	
270:	33	289	321	
302:	41	215	
350:	4	12	14	20	24	28	31	44	47	49	51	57	66	70	72	74	75	77	78	89	90	98	106	107	112	113	114	122	128	134	135	136	149	150	151	152	154	156	158	160	167	170	171	173	180	181	190	200	204	209	210	212	216	218	227	232	237	238	240	246	248	249	258	263	265	270	271	274	298	303	306	307	311	312	314	315	325	329	331	334	337	341	343	353	355	359	363	365	377	378	381	388	391	392	397	400	406	412	413	415	419	421	423	424	426	443	444	445	452	454	463	464	468	473	480	483	490	496	508	513	514	524	527	530	535	536	537	539	540	541	542	545	552	559	562	563	565	596	599	603	605	612	615	621	627	629	631	635	640	643	651	652	659	662	665	673	674	675	678	679	681	698	700	701	702	711	712	715	716	722	725	727	731	732	740	741	746	751	752	753	763	768	777	780	788	794	796	799	800	805	812	814	818	821	823	831	834	836	838	845	847	848	850	852	856	857	860	868	869	873	881	883	885	899	
358:	412	
382:	15	90	98	170	179	276	286	408	452	523	533	696	814	
392:	50	
405:	173	
408:	232	253	292	392	524	
416:	891	
423:	231	645	897	
424:	231	
425:	645	
434:	442	724	
435:	442	
437:	132	
438:	373	
448:	209	
450:	7	8	35	40	46	90	154	189	197	209	214	250	408	451	688	695	719	723	743	802	826	838	849	882	897	
459:	826	
462:	250	
463:	451	
492:	31	59	75	181	238	264	279	280	299	306	353	388	402	442	447	498	563	602	643	673	676	761	829	855	882	890	
498:	31	353	
501:	220	
532:	305	
539:	184	
553:	607	
559:	886	
592:	613	823	
606:	27	334	508	883	
641:	90	98	104	130	135	271	331	381	408	416	497	515	609	610	620	745	
642:	98	104	130	331	381	497	515	610	620	745	
658:	264	
665:	3	227	369	
680:	794	
690:	656	
713:	628	
737:	46	95	145	146	168	259	261	262	264	296	320	450	462	470	497	501	542	629	664	701	772	801	826	828	835	862	
756:	14	48	72	93	205	252	264	268	269	281	286	287	450	481	564	630	640	664	706	715	770	776	786	861	862	867	875	
757:	285	508	856	866	
762:	171	233	
763:	552	
780:	89	
807:	1	569	690	866	
812:	1	569	690	
834:	406	
851:	24	48	51	58	75	82	84	93	175	260	276	279	313	318	343	345	396	402	404	416	426	443	507	524	535	537	547	599	635	771	787	788	796	805	816	838	860	868	883	
860:	404	
869:	231	329	479	581	724	737	804	
875:	737	
881:	205	282	285	286	287	297	299	335	349	411	503	545	561	582	630	664	770	786	856	
884:	29	537	
941:	211	
992:	203	816	
995:	55	280	289	347	496	822	
1004:	362	
1031:	392	
1041:	909	
1042:	909	
1051:	75	
1077:	276	
1096:	39	421	
1097:	94	177	227	250	285	416	509	578	838	841	850	
1106:	637	
1107:	637	
1119:	247	
1120:	469	
1156:	373	667	797	
1159:	632	
1184:	909	
1188:	131	369	399	
1200:	728	
1209:	849	
1211:	5	522	
1214:	82	
1243:	777	
1256:	722	
1281:	86	533	566	650	653	883	
1379:	909	
1398:	686	
1404:	156	167	456	566	
1419:	55	163	214	381	430	480	540	741	745	776	853	904	
1440:	51	181	237	324	325	468	481	508	511	607	647	679	757	861	
1441:	868	
1465:	855	
1472:	61	145	146	163	182	228	260	288	308	381	382	453	496	497	500	501	537	618	745	772	798	799	800	801	818	826	827	828	830	873	
1489:	829	
1505:	150	
1506:	150	
1510:	294	
1513:	539	
1516:	619	
1517:	619	
1520:	313	329	517	583	877	
1522:	313	517	
1535:	757	861	
1537:	62	132	351	383	396	553	556	615	675	784	868	
1586:	99	240	253	292	315	535	629	630	631	651	657	783	
1594:	787	
1602:	323	
1604:	62	
1605:	62	
1619:	62	390	548	556	713	846	
1624:	137	161	410	671	
1637:	79	113	225	281	314	388	390	498	522	530	552	733	846	
1638:	390	846	
1642:	79	225	281	388	498	530	552	
1652:	79	
1653:	19	36	79	157	569	635	741	902	
1676:	5	108	134	197	242	246	266	339	371	414	517	544	569	590	594	596	607	626	668	681	685	690	774	787	813	820	881	895	897	901	902	
1680:	414	681	902	
1686:	590	
1687:	590	
1691:	590	820	
1692:	246	
1702:	619	829	897	
1711:	34	77	90	106	130	143	196	218	225	231	235	270	314	345	352	353	366	375	448	450	454	461	465	476	525	583	605	608	619	620	640	700	711	747	763	768	794	805	811	819	834	
1713:	345	
1721:	834	
1741:	173	
1780:	682	
1800:	135	158	410	650	662	814	
1838:	225	264	366	748	751	
1844:	526	
1845:	725	
1846:	343	390	685	
1867:	719	824	
1868:	364	643	897	
1878:	338	469	470	517	792	
1879:	470	
1888:	129	218	
1902:	173	
1904:	792	
1910:	761	
1917:	811	
1934:	461	797	849	
1941:	82	543	
1988:	367	
2008:	59	167	
2009:	59	
2010:	130	220	258	360	458	537	657	678	717	822	829	
2024:	19	184	211	264	306	333	340	345	360	458	472	478	498	552	575	602	707	763	814	
2027:	763	
2032:	619	704	
2035:	450	
2042:	16	
2054:	794	
2069:	575	619	
2085:	19	149	358	645	740	
2087:	264	
2088:	12	16	29	38	43	48	55	58	60	70	84	89	102	109	112	134	146	151	170	184	201	209	237	247	251	252	257	264	265	274	309	313	325	332	333	334	341	357	358	421	429	430	433	450	454	472	474	480	496	497	513	517	525	529	534	563	564	568	581	588	595	597	614	615	618	640	644	646	648	667	669	695	709	710	711	716	741	757	766	785	787	805	807	810	812	816	827	846	873	882	888	896	904	905	
2090:	563	
2095:	38	201	454	
2099:	60	
2101:	264	
2102:	38	201	203	
2114:	479	
2124:	300	386	
2130:	42	45	46	54	61	79	95	113	135	143	167	209	211	250	270	280	320	343	353	361	385	427	446	464	493	552	563	593	603	619	672	700	701	777	840	847	866	890	
2144:	777	
2147:	167	
2217:	732	
2235:	246	
2236:	392	
2238:	264	
2241:	173	700	704	877	
2242:	666	
2245:	733	
2250:	805	
2251:	221	475	567	595	
2256:	29	36	40	50	102	132	142	162	184	189	215	264	313	348	357	365	367	374	387	399	418	435	441	455	474	517	560	562	579	586	610	656	725	747	807	819	882	
2257:	40	348	365	725	882	
2258:	882	
2259:	747	
2265:	143	736	
2274:	378	
2282:	14	28	49	54	66	78	107	136	143	157	180	210	214	237	251	262	288	307	318	331	333	335	341	364	378	402	415	419	427	433	445	497	525	557	571	575	583	589	592	655	673	686	736	745	746	757	761	819	843	847	885	887	890	
2283:	525	
2284:	54	180	237	331	419	427	497	843	
2292:	360	
2296:	4	135	517	602	642	
2297:	147	211	294	307	565	739	
2302:	439	
2305:	33	413	439	
2308:	4	11	20	135	144	190	250	326	359	374	413	426	432	439	443	447	642	662	663	748	751	840	867	
2310:	426	748	
2315:	45	
2331:	3	4	11	20	42	55	81	93	95	115	125	128	140	142	144	146	167	177	209	216	217	218	228	237	238	264	266	275	284	288	303	311	312	316	326	353	354	359	363	366	378	395	409	410	411	413	423	426	428	432	443	445	446	447	483	486	507	517	559	563	615	625	642	649	654	661	663	673	676	742	750	755	762	765	772	800	807	809	818	830	835	836	840	842	853	854	855	857	859	861	862	864	865	867	875	883	893	897	
2333:	177	284	
2334:	423	
2335:	413	
2339:	256	
2355:	656	
2363:	108	263	300	337	386	532	587	656	723	831	
2364:	723	
2366:	4	724	
2378:	724	
2403:	585	
2411:	224	
2433:	132	251	319	321	322	343	502	678	712	722	816	819	899	
2454:	554	
2456:	5	20	38	43	44	47	50	57	86	102	108	127	160	165	176	182	197	199	200	201	202	203	204	206	208	213	221	230	255	315	325	328	334	336	338	371	372	390	422	425	429	430	436	468	475	486	490	509	515	517	526	531	549	558	566	567	590	595	597	601	607	608	615	617	636	647	649	660	667	668	684	721	744	759	774	778	787	788	789	816	819	820	825	833	847	852	855	868	879	881	882	895	897	
2457:	667	847	
2463:	549	
2471:	713	
2489:	314	343	
2492:	19	39	80	209	453	498	579	744	826	
2500:	744	
2510:	209	
2517:	834	
2519:	123	158	346	379	396	399	400	642	797	822	825	849	
2520:	400	
2542:	59	343	
2543:	486	
2548:	505	
2549:	505	
2560:	133	254	
2561:	254	
2581:	379	
2606:	522	848	
2632:	838	
2645:	225	353	486	724	747	845	890	897	
2646:	225	724	747	845	890	
2650:	681	
2659:	522	
2663:	460	
2664:	314	
2700:	527	
2703:	527	
2729:	619	
2737:	209	
2743:	658	
2759:	383	654	
2772:	242	
2785:	173	
2792:	775	
2807:	888	
2816:	1	5	6	10	19	26	32	36	37	38	44	47	50	58	60	70	76	80	86	93	95	99	109	110	113	127	130	134	141	146	149	156	159	163	168	175	191	199	201	221	225	230	245	252	254	255	260	264	266	268	273	293	313	314	317	319	324	332	334	342	343	346	350	352	353	354	358	360	362	364	366	367	375	376	377	401	414	425	428	430	452	460	464	470	475	479	488	502	505	506	507	513	517	523	534	539	544	551	562	567	570	571	583	592	594	597	604	605	607	608	614	616	617	626	641	646	647	651	653	656	657	661	666	670	671	678	681	690	692	702	723	727	740	741	742	748	750	755	766	767	774	775	785	788	792	793	799	800	813	814	819	820	827	830	844	846	855	856	861	867	869	871	873	876	894	895	896	897	902	904	905	
2821:	314	539	
2825:	539	
2829:	266	268	827	
2835:	36	37	127	146	221	319	367	506	607	670	748	766	856	876	
2837:	666	792	
2855:	314	539	
2857:	539	
2870:	659	
2873:	19	54	115	126	145	276	337	377	550	618	655	675	704	751	773	795	
2879:	122	149	258	286	324	357	471	615	853	882	
2902:	50	158	161	213	338	420	463	514	553	665	670	696	744	792	819	838	855	898	
2931:	672	
2943:	380	
2977:	365	725	
3037:	8	
3056:	40	
3068:	40	
3076:	575	
3087:	300	
3091:	486	
3125:	643	
3126:	120	
3127:	88	
3134:	619	
3144:	187	
3154:	505	
3178:	94	
3182:	270	
3187:	270	
3191:	270	
3203:	270	
3204:	270	
3213:	366	
3237:	11	14	36	76	101	102	112	153	179	185	192	195	197	206	214	238	239	242	251	271	319	333	345	366	371	378	411	419	425	450	454	464	488	496	501	578	601	604	611	660	663	668	687	695	718	724	731	739	747	750	785	788	791	794	819	839	847	848	867	876	877	891	908	
3247:	76	
3250:	271	
3292:	42	46	101	225	264	299	303	456	602	642	662	663	835	
3293:	101	225	264	
3306:	264	
3307:	264	
3321:	1	15	16	17	49	54	59	64	69	102	148	154	159	162	176	191	220	221	229	239	247	259	261	262	264	281	288	297	319	322	333	335	360	361	401	406	418	462	464	479	488	496	502	530	551	557	577	578	601	603	604	608	617	663	675	688	689	690	691	692	694	709	713	734	736	739	751	760	763	788	798	812	846	848	873	877	899	900	
3330:	321	
3348:	582	
3363:	22	339	549	839	
3376:	371	
3381:	53	156	188	293	321	323	358	394	452	551	576	724	743	787	796	797	812	842	882	897	
3389:	66	136	146	210	264	307	415	445	
3390:	138	
3394:	881	
3396:	472	
3406:	575	
3410:	126	306	666	707	797	
3414:	261	619	686	856	
3420:	34	264	421	
3425:	12	29	44	66	98	112	136	150	158	175	199	210	245	265	306	307	319	325	343	346	391	414	415	431	444	445	460	464	515	524	544	573	588	598	623	655	690	691	712	722	742	748	755	771	809	829	864	890	895	907	
3447:	621	
3455:	193	218	309	
3458:	17	37	203	576	588	897	902	
3460:	37	576	588	897	
3463:	17	203	902	
3464:	17	203	902	
3465:	37	
3466:	37	
3467:	576	
3469:	263	317	
3471:	340	
3472:	340	
3487:	642	668	
3492:	3	4	6	12	13	18	24	33	41	42	46	47	50	53	54	98	108	112	114	116	126	135	140	146	155	167	170	184	205	212	225	228	231	233	234	238	239	244	246	252	259	260	261	262	263	264	265	269	270	271	276	282	286	289	297	304	308	316	318	319	320	321	322	328	333	337	350	353	366	369	388	391	400	402	409	410	413	426	427	432	439	443	447	449	462	463	465	478	481	484	489	493	494	496	497	498	500	501	504	508	524	529	536	537	539	547	550	552	561	563	570	575	593	602	603	605	610	614	615	618	619	621	628	631	632	637	638	641	642	643	651	654	658	665	669	671	676	686	695	701	704	705	708	712	722	724	729	731	732	738	747	751	754	756	761	763	764	770	773	776	783	796	797	807	811	812	816	818	822	826	832	835	842	843	844	849	854	856	858	859	860	861	864	866	867	883	885	888	890	892	905	906	
3501:	886	
3503:	9	94	170	250	439	617	737	863	909	
3509:	456	
3514:	456	
3515:	621	
3518:	35	38	57	62	82	89	96	102	128	160	165	176	199	201	203	204	221	242	248	344	390	440	475	490	543	558	567	578	595	601	608	636	667	668	739	848	
3520:	102	543	601	667	
3521:	390	
3541:	238	264	
3547:	470	743	
3548:	743	
3574:	441	
3590:	209	
3591:	209	
3592:	678	
3677:	373	643	825	
3678:	209	
3717:	34	
3731:	238	
3741:	34	157	225	339	460	461	588	650	678	786	829	831	850	
3776:	486	
3831:	590	
3865:	569	
3893:	38	86	94	96	199	201	202	203	208	229	230	275	327	346	410	486	506	510	558	566	586	607	646	647	650	653	659	750	766	881	883	
3894:	86	94	96	201	203	229	275	327	346	410	486	510	558	566	650	653	659	750	766	881	883	
3895:	38	86	199	201	202	203	208	229	230	506	558	566	586	607	646	647	
3898:	486	
3908:	539	
3932:	373	
3980:	469	
4016:	439	
4096:	464	
4106:	478	
4107:	478	
4108:	478	
4173:	3	81	110	269	334	336	338	491	510	513	612	665	671	782	851	852	854	855	856	862	865	898	
4182:	380	
4194:	490	
4212:	490	
4247:	98	524	
4251:	32	179	342	777	903	
4252:	224	702	
4254:	3	10	12	14	22	27	29	42	46	65	66	67	72	88	97	98	101	105	106	109	112	130	136	152	156	163	167	170	180	181	183	205	210	215	217	225	231	232	236	238	239	241	258	259	263	264	267	280	281	283	285	286	299	303	307	311	312	332	350	366	383	388	397	408	415	439	445	456	462	465	473	481	482	485	493	494	504	508	524	525	526	530	537	542	563	564	565	571	602	628	630	639	640	642	651	656	669	678	679	701	702	705	710	712	717	722	729	732	736	740	756	764	805	808	809	813	814	817	818	821	834	841	842	845	873	889	905	
4255:	813	
4257:	358	
4258:	5	49	97	109	130	154	209	266	353	362	385	403	480	527	577	674	708	722	724	825	
4267:	322	
4269:	248	
4270:	18	
4304:	46	47	146	170	892	
4322:	147	148	242	
4347:	61	240	457	540	631	821	
4351:	876	902	
4371:	314	805	
4405:	231	
4406:	401	502	718	897	
4407:	401	
4408:	373	
4421:	199	200	203	204	597	
4453:	276	
4508:	721	
4561:	127	128	150	160	200	204	206	
4575:	195	230	271	513	902	
4628:	450	
4655:	449	
4656:	449	
4664:	392	816	
4739:	624	
4772:	539	
4778:	464	608	621	643	659	
4784:	621	
4789:	643	
4800:	88	97	101	130	151	155	181	216	227	239	258	284	303	318	365	408	439	480	504	547	641	669	678	700	712	713	725	732	740	764	805	813	842	882	889	
4818:	140	329	412	562	838	902	
4823:	637	
4824:	637	
4837:	439	641	740	
4838:	9	
4857:	329	752	777	
4880:	60	317	523	539	626	771	850	886	893	895	
4882:	523	
4888:	619	
4891:	194	195	
4894:	194	
4895:	309	
4898:	309	
4902:	194	
4907:	194	
4915:	397	
4926:	343	551	644	860	878	
4929:	805	
4937:	575	
4967:	209	
4987:	123	238	388	504	669	
5073:	791	
5091:	249	
5094:	836	
5098:	705	
5104:	333	
5126:	50	144	284	383	
5128:	535	
5130:	717	
5132:	105	231	232	705	
5211:	365	725	
5227:	24	173	
5231:	218	
5232:	586	
5236:	478	550	703	797	840	849	
5237:	590	
5239:	590	
5240:	44	212	350	384	385	408	706	708	745	776	
5242:	288	646	647	648	649	
5300:	565	
5315:	9	90	126	188	197	477	562	581	761	
5347:	721	
5361:	440	
5366:	394	
5396:	9	562	
5454:	45	188	220	565	
5455:	565	
5456:	45	
5480:	227	
5491:	46	311	312	
5507:	3	45	54	167	196	318	493	563	565	643	650	665	712	807	836	
5525:	199	
5551:	592	
5567:	475	
5568:	475	
5571:	527	
5589:	465	481	490	563	564	565	567	832	
5595:	909	
5612:	614	
5614:	460	
5622:	605	
5631:	442	521	
5640:	209	
5653:	909	
5658:	53	89	126	461	550	575	618	666	707	773	797	826	849	
5664:	103	
5678:	394	
5680:	394	
5681:	849	
5708:	531	
5721:	54	396	
5730:	241	
5824:	576	902	
5831:	460	
5842:	202	
5847:	645	
5878:	161	
5880:	95	354	367	373	802	
5910:	300	
5920:	271	449	478	763	
5923:	619	
5934:	33	290	338	373	425	427	436	590	688	718	792	886	
6020:	741	
6027:	230	
6042:	897	
6050:	441	
6061:	645	
6078:	765	
6081:	460	
6084:	460	478	
6085:	460	
6087:	460	
6088:	460	
6098:	760	
6103:	103	177	259	363	769	893	
6119:	242	
6125:	81	616	744	
6181:	314	
6191:	436	
6197:	109	
6205:	329	
6254:	513	
6275:	270	
6276:	66	112	136	210	307	415	445	494	611	732	
6281:	157	229	260	477	490	539	566	618	626	653	704	742	794	814	890	
6302:	616	
6303:	616	
6341:	723	
6342:	723	
6359:	575	
6360:	575	
6382:	54	132	155	239	260	378	496	685	825	
6405:	590	
6451:	178	
6463:	585	
6477:	271	
6486:	264	
6487:	780	
6543:	718	
6550:	463	
6568:	44	45	53	84	112	231	264	330	508	516	539	550	630	751	812	817	834	838	890	
6569:	45	
6573:	300	386	532	
6592:	53	
6596:	38	201	454	610	654	690	745	
6602:	329	
6607:	340	
6638:	350	
6689:	225	
6690:	113	225	538	
6696:	751	
6712:	609	
6714:	704	
6730:	130	523	
6736:	79	
6737:	77	
6745:	161	225	264	383	532	774	891	
6753:	265	792	
6758:	553	805	
6759:	54	
6766:	705	
6778:	187	311	312	630	
6789:	636	773	
6795:	586	
6799:	802	
6800:	134	265	
6809:	113	
6811:	497	
6828:	94	371	451	586	
6829:	94	371	451	586	
6846:	436	
6851:	24	
6866:	650	
6882:	300	
6914:	15	
6934:	674	
6949:	345	
6950:	345	
6978:	130	
6979:	264	568	
6986:	718	
6988:	113	
6994:	671	
7018:	6	65	66	72	97	105	136	167	170	180	181	208	210	216	218	224	238	245	263	265	273	279	280	283	285	302	307	350	399	415	445	447	485	494	542	557	561	564	565	631	669	750	755	806	807	813	817	832	883	
7019:	22	33	41	65	67	98	104	112	181	215	216	236	280	285	327	397	462	465	481	482	524	526	530	640	841	
7030:	409	
7067:	192	
7068:	192	
7087:	3	11	14	31	41	47	50	55	61	62	67	72	75	90	95	101	112	123	130	146	158	163	202	204	206	211	212	213	218	233	238	240	251	252	255	258	265	274	282	286	287	299	304	314	325	327	332	338	340	353	359	362	363	364	366	372	377	383	388	396	397	400	425	435	444	453	460	470	479	496	498	501	508	512	513	537	540	547	559	560	571	577	582	594	599	612	626	627	631	641	652	659	660	663	665	667	669	673	690	697	706	709	711	734	735	748	750	755	772	785	788	790	796	801	806	807	813	818	819	853	855	862	875	877	879	
7094:	62	123	202	211	327	353	364	501	594	599	735	801	818	862	
7096:	11	112	163	212	238	282	299	362	383	425	435	460	470	479	537	560	669	706	755	877	
7104:	373	
7116:	3	11	13	15	62	81	102	145	173	181	242	250	257	260	292	311	312	327	350	352	375	377	408	413	418	425	427	441	462	478	527	571	601	609	621	627	630	642	660	668	673	696	703	739	756	794	827	832	834	843	844	865	882	
7128:	327	
7133:	19	676	
7148:	753	
7151:	46	77	107	181	227	235	237	252	263	285	318	332	336	377	378	393	423	462	477	485	493	497	513	524	525	537	553	589	603	612	627	637	640	651	667	716	732	739	822	853	855	866	877	
7173:	41	114	147	211	215	489	638	676	
7192:	366	
7193:	366	
7198:	676	
7214:	585	
7229:	682	
7236:	190	
7258:	793	
7269:	276	
7306:	20	33	68	79	93	115	140	149	156	190	209	225	227	228	238	246	250	264	279	316	317	324	328	331	336	352	365	366	390	402	413	428	433	439	446	447	464	483	498	517	523	524	529	533	541	547	556	563	599	601	615	618	630	641	642	643	661	662	668	673	675	682	685	700	713	741	762	791	807	835	836	855	860	881	883	889	890	897	
7308:	685	
7309:	93	115	209	316	366	446	447	483	563	615	661	836	883	
7312:	227	523	533	630	642	835	
7313:	643	
7316:	190	365	547	641	700	
7317:	317	336	881	
7318:	238	439	447	642	662	713	762	
7322:	209	246	529	890	
7323:	20	556	563	601	682	
7326:	60	
7329:	10	247	846	
7338:	247	464	522	741	
7347:	17	102	135	171	179	185	211	227	343	353	408	512	545	592	596	601	605	642	675	713	716	728	731	742	839	845	860	
7348:	343	605	675	
7351:	794	
7352:	384	
7384:	247	
7385:	247	
7398:	192	
7458:	242	
7470:	461	
7476:	762	
7493:	380	
7525:	684	
7526:	684	
7534:	886	
7537:	170	269	508	757	861	
7538:	675	868	
7546:	89	
7573:	14	167	537	603	650	669	671	672	712	807	862	
7577:	319	
7581:	73	98	103	180	232	369	504	524	561	883	
7582:	319	
7585:	29	43	170	302	319	327	887	
7588:	75	84	98	106	109	122	123	128	158	170	177	218	325	359	388	408	410	496	497	507	603	651	665	671	698	711	732	740	746	807	821	841	865	883	885	
7593:	167	
7600:	451	667	
7637:	194	
7640:	780	
7651:	90	156	184	264	318	392	448	605	638	672	880	
7652:	14	22	27	29	41	65	98	101	109	112	181	215	217	225	236	239	241	264	280	281	285	298	332	388	408	462	481	482	524	530	537	542	628	640	663	679	710	712	764	805	808	889	
7666:	90	188	581	
7684:	46	94	101	255	293	303	320	371	436	456	586	602	630	645	678	737	863	889	905	907	
7698:	46	101	456	889	
7703:	94	863	
7729:	3	14	31	33	42	46	48	51	61	72	74	93	98	145	150	155	205	217	220	235	238	243	252	259	261	262	264	268	269	279	281	285	286	287	298	299	304	305	307	311	312	332	335	351	378	408	409	425	443	447	450	462	481	484	485	496	498	508	525	561	564	582	628	629	630	637	639	640	663	664	673	701	706	711	715	717	729	756	762	770	772	776	786	795	807	812	827	835	841	844	853	856	861	862	863	866	867	875	889	892	
7730:	259	835	
7737:	171	233	552	
7740:	708	
7761:	701	
7778:	3	11	13	15	33	35	41	42	44	46	51	54	61	70	72	90	95	101	109	110	112	120	126	145	146	152	155	156	168	170	171	179	184	185	192	211	217	220	227	228	234	235	239	240	244	247	250	251	252	259	260	261	262	264	265	268	281	282	283	296	299	302	303	304	305	311	312	318	320	322	329	332	343	350	352	358	366	375	377	385	388	389	392	394	408	411	435	439	443	447	448	450	453	456	462	470	482	483	485	493	496	497	501	502	521	533	542	551	552	555	559	560	565	579	605	618	628	629	630	633	638	639	640	652	661	662	663	664	669	672	673	674	680	686	695	700	701	702	705	708	710	713	729	732	735	736	749	756	762	763	764	765	766	770	772	783	797	801	810	812	818	826	828	832	834	835	838	840	841	843	844	845	849	857	862	863	864	865	875	876	877	882	888	889	905	906	
7783:	882	
7784:	329	
7795:	179	358	
7796:	184	234	
7817:	425	
7833:	412	659	800	
7839:	34	93	110	202	266	268	278	315	336	346	354	374	379	421	430	436	461	469	517	544	594	596	598	616	660	697	721	724	745	851	852	859	863	
7922:	719	824	
7923:	394	900	
7935:	153	611	721	
7937:	366	
7938:	366	
7985:	498	
7993:	550	
7994:	250	700	748	
7997:	706	
8002:	24	36	44	75	111	189	211	256	320	327	340	383	424	510	534	557	596	612	630	649	674	812	843	853	882	907	
8006:	20	46	50	93	95	99	110	127	128	134	150	160	176	200	203	204	218	257	260	266	313	315	319	320	336	352	354	366	367	374	381	397	414	421	429	430	431	436	501	517	523	527	533	534	536	546	576	594	596	651	681	715	730	733	745	792	799	801	813	827	828	851	852	858	859	882	893	894	902	
8007:	517	
8008:	576	902	
8010:	414	
8013:	202	283	318	369	421	701	710	718	818	849	
8027:	120	447	482	483	565	678	708	761	
8031:	99	408	483	526	648	719	857	883	897	
8041:	643	
8048:	643	
8058:	197	470	523	786	
8059:	523	
8077:	569	
8079:	569	
8082:	176	576	578	901	
8086:	643	
8110:	780	
8128:	345	
8130:	345	
8159:	516	
8183:	329	777	
8185:	329	
8197:	36	217	400	410	642	836	838	840	
8216:	400	410	
8218:	209	
8235:	231	329	603	654	787	838	
8239:	787	
8254:	814	
8318:	366	
8337:	197	
8342:	298	335	349	582	
8414:	276	
8454:	532	
8479:	135	158	642	
8480:	135	158	642	
8483:	9	477	581	892	
8503:	723	
8514:	780	
8520:	643	
8555:	412	510	703	
8556:	412	
8564:	209	
8584:	777	
8591:	157	186	400	527	665	670	
8598:	797	849	
8602:	886	
8617:	186	
8642:	427	593	
8671:	175	369	
8687:	439	610	814	892	
8692:	819	
8699:	264	283	318	369	490	
8701:	568	
8716:	814	
8720:	170	
8731:	242	800	806	
8735:	242	806	
8756:	9	178	346	909	
8757:	50	246	529	611	672	890	
8758:	246	529	890	
8784:	410	
8804:	630	
8805:	630	
8811:	145	146	228	496	497	501	643	772	801	828	
8812:	643	
8829:	827	
8833:	416	
8860:	290	
8875:	109	111	211	302	303	
8877:	102	111	211	302	739	
8882:	94	556	875	
8890:	569	
8902:	461	797	849	
8906:	702	
8933:	218	
8937:	603	
8945:	218	235	
8951:	695	
8956:	436	886	
8957:	886	
8978:	638	
8984:	687	
8999:	1	26	50	58	64	95	110	150	159	182	243	255	266	313	334	336	354	374	381	397	470	488	513	517	533	536	569	596	604	660	688	689	690	691	692	694	718	730	743	745	760	786	813	851	852	853	854	859	893	
9000:	58	743	
9001:	1	26	64	95	159	354	488	513	569	604	688	689	690	691	692	694	718	743	760	813	851	
9088:	746	
9095:	256	
9123:	619	
9139:	645	
9158:	527	
9181:	318	
9195:	659	
9201:	276	
9205:	886	
9213:	238	687	807	814	
9231:	122	162	179	339	416	533	
9237:	449	
9239:	90	328	359	396	625	626	741	
9295:	751	
9297:	218	
9323:	60	
9336:	829	
9397:	8	
9398:	17	59	448	596	728	
9414:	173	
9415:	173	
9416:	173	
9424:	173	
9425:	173	
9431:	24	
9454:	898	
9458:	703	
9465:	96	476	657	701	
9485:	527	
9541:	19	39	74	80	89	126	142	145	209	250	275	306	315	340	354	410	461	517	550	562	579	607	648	653	680	682	707	795	797	849	886	895	897	
9546:	39	80	89	306	461	849	
9547:	19	80	126	145	306	340	461	550	680	795	797	849	
9550:	340	550	
9551:	39	
9553:	656	
9555:	344	
9589:	58	427	
9591:	58	149	395	625	
9596:	209	
9599:	24	
9610:	78	394	502	627	
9629:	24	238	261	462	619	686	856	
9639:	19	
9644:	300	
9666:	742	
9682:	849	
9720:	371	750	
9732:	904	
9734:	573	
9797:	643	
9806:	3	75	149	242	392	605	806	855	
9861:	140	
9938:	753	
9966:	619	
9973:	276	
9976:	350	618	816	
9977:	456	
10009:	237	
10049:	4	19	31	68	75	110	112	120	184	192	193	195	231	235	239	240	251	259	261	262	282	311	312	326	328	338	339	340	347	373	378	382	388	418	432	462	469	476	485	516	518	525	550	552	564	568	569	626	628	629	630	639	660	662	679	682	686	704	729	733	742	755	766	771	792	795	818	859	860	865	869	880	
10052:	4	19	31	75	110	112	120	184	192	193	231	235	239	251	259	261	262	282	311	312	326	328	338	340	347	373	382	388	418	432	462	469	516	518	525	550	552	564	568	569	626	628	629	630	639	660	662	682	686	704	729	733	742	766	771	792	795	818	859	860	869	880	
10053:	4	19	31	75	110	112	120	184	192	193	231	235	239	251	259	261	262	282	326	328	338	340	347	373	382	388	418	432	462	469	516	518	525	550	552	564	569	628	629	630	639	662	682	686	704	729	733	742	766	771	792	795	818	859	860	880	
10061:	12	39	42	54	59	76	80	105	109	148	167	188	231	236	237	238	250	261	264	278	293	298	299	305	314	341	350	382	406	411	418	441	474	496	509	525	561	609	633	652	673	674	680	736	754	767	771	772	826	841	849	855	857	873	888	890	899	
10078:	788	
10080:	836	
10092:	241	
10094:	106	
10098:	187	
10105:	685	
10107:	675	
10110:	271	
10143:	208	
10154:	763	
10162:	753	
10172:	157	
10177:	569	689	
10179:	13	101	155	238	292	456	654	795	835	
10181:	292	
10189:	57	261	333	422	564	614	615	626	636	667	675	791	816	819	877	881	
10250:	721	
10254:	46	54	66	69	84	90	136	190	209	210	306	307	343	345	402	415	445	575	603	605	640	655	667	672	700	722	795	869	
10261:	102	148	192	343	433	449	460	549	609	636	659	709	882	897	
10263:	41	54	416	462	489	680	787	812	
10264:	50	144	182	201	422	441	491	515	516	517	549	608	612	684	744	788	825	868	
10265:	847	
10268:	672	888	
10269:	438	
10277:	724	847	
10285:	724	
10321:	423	
10324:	192	
10325:	19	86	94	96	126	201	203	229	275	327	340	346	410	461	486	510	550	558	566	575	618	650	653	655	659	666	707	750	766	881	883	
10333:	242	423	460	
10345:	368	373	386	397	748	838	909	
10358:	147	400	402	403	404	654	682	762	
10360:	20	35	38	57	82	127	128	160	165	197	199	200	201	202	203	204	206	221	255	344	390	393	414	475	509	543	558	567	595	597	615	625	626	636	643	667	668	734	739	848	
10363:	82	197	543	567	
10367:	20	35	38	57	82	127	128	160	165	197	199	200	201	202	203	204	206	221	344	390	393	475	509	543	558	567	595	597	615	625	626	636	667	668	734	739	848	
10385:	478	
10406:	434	
10426:	242	668	791	
10437:	15	20	38	43	50	95	96	111	127	128	129	134	150	160	165	171	178	186	192	198	200	201	202	203	204	206	230	249	255	268	291	313	327	348	364	366	374	390	404	414	419	433	449	476	491	506	558	563	578	594	597	605	606	615	617	621	628	639	649	652	667	684	704	709	721	728	739	744	746	753	754	763	789	791	798	808	816	820	824	846	851	868	881	882	891	896	899	908	
10438:	127	134	160	186	192	201	206	366	374	404	449	728	820	824	
10439:	563	
10480:	439	
10515:	667	
10519:	569	
10542:	569	
10579:	9	31	50	95	122	149	153	264	268	281	294	311	312	331	403	414	453	479	524	533	546	559	751	765	809	855	869	871	881	
10580:	546	
10581:	281	294	559	
10594:	619	
10657:	739	
10660:	849	
10663:	534	686	768	
10680:	292	324	
10688:	273	290	336	338	366	
10690:	533	
10693:	247	
10694:	247	
10709:	823	
10710:	613	
10721:	725	
10730:	636	
10749:	15	18	31	54	112	171	184	188	192	197	202	236	242	251	350	419	462	486	490	515	578	668	704	706	750	753	786	893	899	
10765:	207	495	836	
10766:	207	495	836	
10807:	387	
10816:	124	
10821:	124	
10838:	284	
10840:	903	
10852:	748	
10883:	855	
10886:	569	
10891:	178	
10892:	178	
10949:	122	151	357	678	702	780	
10997:	759	
11058:	44	
11065:	374	
11066:	373	
11076:	727	
11086:	675	
11089:	759	
11101:	824	
11105:	9	178	346	909	
11128:	886	
11133:	886	
11134:	253	257	292	463	535	696	698	774	780	
11137:	82	108	369	390	449	451	543	645	818	
11177:	390	650	
11195:	1	345	718	
11201:	718	
11206:	423	619	
11211:	45	654	890	
11215:	45	654	890	
11255:	621	
11275:	619	
11291:	621	
11353:	167	343	533	
11354:	343	
11357:	321	
11363:	197	
11382:	209	
11390:	153	645	
11393:	241	264	369	642	890	
11410:	866	
11412:	45	
11413:	836	866	
11415:	836	866	
11418:	261	353	402	674	
11427:	209	
11432:	785	
11450:	423	460	
11458:	366	
11468:	814	
11506:	671	881	
11508:	209	
11521:	811	
11525:	686	
11538:	225	
11549:	91	299	
11564:	527	691	
11595:	50	
11605:	667	
11610:	4	10	14	19	20	27	31	53	59	68	69	73	77	79	104	112	113	154	157	196	200	225	247	254	258	280	281	294	322	331	339	340	341	343	376	388	394	396	429	430	438	449	452	454	461	464	476	480	492	498	513	530	539	541	545	550	552	571	599	608	617	620	626	635	652	659	675	695	700	724	727	730	733	739	740	741	793	797	805	810	812	816	818	826	829	839	847	848	850	855	869	883	899	
11680:	158	
11681:	158	
11698:	3	388	875	
11699:	62	390	548	556	713	846	
11702:	96	
11706:	4	79	538	
11756:	684	
11761:	771	
11799:	460	
11800:	460	
11812:	317	
11832:	329	
11852:	102	148	343	449	460	609	709	
11853:	423	460	
11880:	250	
11881:	4	97	142	207	216	371	467	577	586	590	750	755	787	882	883	
11902:	142	
11918:	96	630	
11933:	840	
11941:	292	
11946:	794	
11957:	28	139	163	236	237	238	239	283	284	308	382	384	481	489	493	494	500	504	712	736	842	
11958:	224	238	239	384	481	489	494	842	
11964:	323	636	695	
11986:	230	
11988:	283	
11993:	283	
11994:	283	
12049:	103	303	
12051:	314	329	539	777	847	901	
12081:	619	
12091:	19	306	340	461	707	795	797	849	
12105:	811	
12125:	54	
12136:	619	
12139:	75	
12142:	695	
12175:	3	63	81	93	130	170	252	266	268	269	311	312	327	411	443	445	491	507	510	513	533	612	671	818	851	852	853	854	855	856	857	858	859	860	861	862	863	864	865	866	867	868	869	871	898	
12178:	3	63	81	93	130	170	252	266	268	269	311	312	327	411	443	445	491	507	510	513	533	612	671	818	851	852	853	854	855	856	857	858	859	860	861	862	863	864	865	866	867	868	869	871	898	
12181:	230	
12211:	838	
12235:	266	
12256:	569	
12308:	497	
12309:	330	
12311:	330	
12334:	878	
12339:	878	
12360:	19	878	
12362:	878	
12363:	878	
12378:	461	797	849	
12399:	181	756	
12400:	181	756	
12413:	209	767	
12417:	767	
12420:	767	
12433:	34	
12443:	358	389	
12463:	805	
12470:	602	
12490:	720	
12499:	469	
12526:	738	
12546:	469	
12550:	284	
12608:	99	
12650:	194	
12673:	62	102	176	192	291	344	361	418	601	798	899	
12682:	364	767	860	
12697:	607	
12750:	90	143	180	527	620	759	805	825	
12784:	75	
12791:	228	484	776	
12801:	552	
12807:	663	
12809:	888	
12811:	231	240	259	264	285	288	289	508	631	710	764	772	835	856	866	
12833:	261	279	283	366	481	680	701	843	
12935:	477	
12936:	793	813	
12947:	823	
12954:	370	398	554	
12971:	279	
13006:	28	
13023:	575	
13054:	619	
13055:	763	
13061:	497	
13113:	40	
13131:	231	471	809	
13146:	276	
13147:	276	
13165:	718	
13166:	718	
13169:	6	66	96	136	165	240	245	246	253	307	457	529	610	629	630	651	657	701	706	783	813	
13170:	333	589	
13187:	264	
13206:	539	
13207:	539	
13215:	849	
13231:	204	
13234:	365	725	
13240:	161	213	369	410	528	665	670	671	
13241:	510	703	
13242:	157	186	400	527	665	670	
13247:	848	
13269:	242	
13286:	421	
13289:	176	
13292:	321	
13295:	300	
13296:	203	671	
13359:	479	718	902	
13361:	718	
13362:	718	
13379:	823	
13421:	469	
13422:	519	
13495:	235	247	
13510:	442	
13522:	306	527	550	
13523:	823	
13525:	53	343	539	619	763	805	877	
13538:	805	
13570:	619	
13588:	508	724	
13667:	635	740	
13686:	12	41	55	61	65	66	67	70	72	73	93	105	109	114	120	122	123	134	136	143	146	151	154	163	180	210	212	215	224	225	238	241	243	252	257	260	261	265	274	279	303	307	327	332	334	350	351	352	357	360	363	374	381	382	411	415	429	445	452	457	458	465	481	494	497	501	507	511	514	517	553	557	561	570	596	614	633	637	638	651	657	661	662	671	678	696	701	702	710	711	732	735	738	745	747	769	774	784	801	807	820	821	828	830	832	834	852	854	855	857	858	862	864	873	905	
13688:	334	
13698:	283	
13755:	536	
13778:	439	562	
13779:	439	562	
13787:	366	
13800:	540	697	698	774	776	
13838:	449	
13839:	667	
13841:	226	264	409	456	478	
13842:	264	
13861:	326	
13877:	123	181	257	669	864	
13899:	5	17	45	46	97	109	125	146	151	245	273	287	303	324	351	352	354	357	360	362	371	381	397	412	453	459	505	522	562	577	594	617	626	644	647	648	733	742	774	778	784	785	818	824	830	852	858	867	897	905	
13907:	539	587	
13916:	159	488	604	690	692	724	
13920:	825	
13932:	195	
13994:	438	
14011:	111	
14014:	901	
14025:	162	348	
14026:	162	
14055:	124	706	
14061:	390	547	
14077:	703	
14078:	703	
14080:	161	195	671	696	703	829	
14082:	264	
14086:	416	
14089:	18	50	153	192	
14091:	202	
14121:	12	66	98	106	114	136	210	265	294	307	321	329	415	444	445	485	679	752	
14133:	763	
14169:	887	
14173:	220	
14179:	695	
14182:	123	
14198:	58	122	149	161	366	379	395	469	483	535	559	625	721	801	
14257:	449	
14262:	74	
14277:	270	
14279:	300	
14306:	654	
14338:	518	634	886	
14340:	518	634	886	
14344:	373	464	836	866	886	
14345:	886	
14362:	281	539	
14364:	281	
14372:	218	
14381:	190	602	
14415:	276	
14417:	276	
14457:	276	
14476:	276	642	
14503:	51	182	218	260	292	351	366	468	496	507	570	746	785	857	862	864	865	893	
14514:	84	
14520:	569	
14522:	270	394	576	645	
14529:	270	
14539:	10	80	690	
14585:	549	
14587:	90	
14601:	819	
14629:	42	94	186	254	273	276	290	373	429	430	435	436	560	590	636	721	761	767	771	800	818	886	897	901	
14633:	276	
14640:	435	560	590	
14659:	598	
14692:	229	
14703:	609	
14705:	451	
14706:	451	
14720:	408	505	585	
14750:	306	
14805:	678	
14814:	899	
14817:	147	
14831:	764	
14849:	561	
14859:	50	
14876:	645	
14877:	645	
14911:	370	
14932:	698	
14958:	37	39	134	144	183	313	317	323	354	374	401	413	424	448	464	517	569	646	647	648	681	771	831	850	852	860	886	
14963:	317	850	
14977:	39	831	
14986:	101	818	
14992:	122	135	156	163	211	225	231	237	244	328	385	512	545	612	615	617	618	623	635	676	681	700	704	709	715	731	773	808	820	855	866	880	881	
14996:	552	
15013:	812	
15018:	90	104	106	230	353	396	517	603	642	703	816	890	
15021:	398	
15024:	40	
15040:	427	
15044:	264	353	527	607	659	700	814	
15063:	575	
15065:	13	
15066:	904	
15067:	724	
15068:	196	
15069:	240	
15070:	44	171	341	401	588	608	745	780	882	
15072:	745	
15073:	21	
15074:	38	201	684	
15075:	709	
15077:	713	
15078:	3	4	5	6	8	9	10	11	12	13	14	15	16	17	18	20	22	27	28	29	31	33	38	40	41	42	44	45	46	47	48	49	50	51	52	53	54	55	57	58	60	61	63	65	66	67	68	69	70	72	73	74	77	78	79	81	85	86	88	90	93	94	95	96	97	98	99	100	101	103	104	105	106	109	110	111	112	113	114	115	118	122	123	125	127	128	130	131	132	133	134	135	136	137	139	140	141	143	144	145	146	148	149	150	151	152	153	154	155	156	160	161	162	163	165	167	168	170	171	175	177	178	180	181	182	183	186	188	189	191	196	197	199	200	201	202	203	204	205	206	208	210	211	212	213	214	215	216	217	218	220	221	224	225	226	227	228	229	230	231	232	235	236	237	238	239	240	241	243	244	245	246	250	252	253	254	255	257	258	259	260	261	262	263	264	265	266	267	268	269	271	273	274	278	279	280	281	282	283	284	285	286	287	288	290	292	293	295	297	298	299	302	303	304	307	308	311	312	313	314	315	316	317	318	319	320	324	325	326	327	328	331	332	334	335	336	338	339	344	346	347	348	349	350	351	352	353	354	355	357	358	359	360	362	363	364	366	367	368	369	372	373	374	375	376	377	378	381	382	383	384	385	388	390	391	392	393	394	395	396	397	399	401	408	409	410	411	413	414	415	416	419	424	426	427	428	429	430	431	432	436	439	441	443	444	445	446	447	448	449	450	451	452	453	454	455	456	457	458	459	462	463	465	468	469	470	471	473	474	475	476	477	479	480	481	482	483	484	485	489	490	492	493	494	496	497	498	500	501	502	503	504	505	506	507	508	510	511	512	513	514	515	516	517	518	522	523	524	526	527	529	530	531	532	533	534	535	536	537	540	541	542	544	545	546	547	553	557	558	559	561	562	563	564	565	566	567	570	571	573	576	577	581	583	586	588	590	593	594	595	596	597	598	599	602	603	605	607	608	609	610	611	612	614	615	616	617	618	620	623	624	625	626	627	628	629	630	631	632	633	634	635	636	637	638	639	640	641	642	644	645	646	647	648	649	650	651	652	653	654	656	657	659	660	661	662	663	664	665	666	667	669	670	671	672	673	674	676	678	679	681	685	686	687	689	690	691	696	697	698	700	701	702	703	704	705	706	708	710	711	712	713	715	716	717	719	721	722	724	727	728	729	730	731	732	733	734	735	736	737	738	739	740	741	742	743	744	745	746	747	748	749	750	751	754	755	756	757	759	761	762	764	765	766	767	768	769	770	771	772	774	775	776	778	780	782	783	784	785	786	787	788	789	790	792	795	796	798	799	800	801	802	804	805	806	807	808	809	810	812	813	814	816	817	818	819	820	821	822	824	825	826	827	828	829	830	832	833	834	835	838	839	840	841	842	843	844	845	850	851	852	853	854	855	856	857	858	859	860	861	862	863	864	865	866	867	868	869	871	873	874	875	877	879	881	883	885	886	887	889	890	892	893	894	895	897	898	899	902	904	905	907	909	
15079:	264	285	751	
15080:	156	456	566	
15081:	501	747	
15083:	14	41	79	109	114	115	123	188	215	263	279	319	353	355	369	457	477	494	496	501	507	581	708	736	854	861	862	887	
15085:	45	46	68	101	132	134	281	339	373	456	518	598	626	654	705	766	771	792	886	889	905	
15086:	905	
15087:	6	11	16	17	22	44	47	55	61	67	73	78	93	98	104	106	114	115	127	128	134	141	146	150	160	162	163	168	186	189	200	204	206	229	230	252	259	260	266	267	268	273	274	281	288	290	293	304	308	318	319	320	325	332	338	339	350	351	354	363	364	366	367	375	378	381	382	391	399	408	411	414	429	430	444	453	455	496	500	502	510	517	523	524	530	531	534	536	542	544	559	562	563	573	577	581	588	594	596	599	608	617	623	633	638	644	645	651	653	661	678	679	681	691	701	708	715	716	727	728	730	733	741	744	745	748	757	765	766	767	769	771	774	776	778	784	785	792	799	800	806	813	818	824	827	828	830	852	855	857	858	859	864	866	869	873	885	894	905	909	
15088:	11	29	155	237	366	542	611	661	727	866	
15089:	11	29	155	237	366	542	611	661	727	866	
15090:	47	85	145	155	212	496	504	542	632	905	
15091:	5	6	9	10	12	14	15	22	29	33	40	41	44	47	48	49	50	51	55	61	63	67	70	74	78	81	90	93	94	96	98	99	100	106	109	110	112	114	115	122	125	128	130	131	132	133	134	136	140	141	143	144	150	151	152	154	156	168	170	180	186	188	189	196	203	210	214	215	217	218	220	224	228	230	232	235	236	237	239	240	241	252	254	257	258	259	263	264	265	267	269	273	274	281	286	287	290	292	297	299	307	314	318	319	325	326	327	331	332	335	338	347	348	349	350	351	353	354	357	359	360	364	366	367	368	369	372	373	374	376	377	378	381	383	393	397	408	411	414	415	428	429	430	431	444	445	456	457	458	465	468	473	481	489	492	493	494	496	502	504	513	514	516	517	518	522	523	524	530	531	533	534	535	537	544	557	559	562	563	564	570	573	581	586	588	590	596	597	598	599	602	603	611	612	616	617	623	628	629	637	638	640	644	651	657	660	662	669	671	679	681	697	698	705	708	712	716	719	721	722	724	728	730	732	733	735	736	738	742	745	746	747	748	756	757	759	765	766	767	768	769	770	771	772	774	775	776	778	780	784	785	792	795	796	800	805	806	808	809	813	814	817	818	824	832	833	834	840	843	845	851	852	854	856	857	858	859	861	862	863	864	865	873	875	877	885	887	893	895	904	909	
15092:	293	366	457	724	727	761	805	
15093:	141	229	326	839	
15094:	48	664	686	
15095:	17	596	728	762	904	
15096:	55	354	818	
15097:	422	636	770	
15098:	8	153	227	373	646	739	756	761	816	837	839	864	
15099:	254	285	887	
15100:	96	165	422	608	684	
15101:	3	6	7	8	10	11	12	13	14	17	28	29	30	33	41	42	44	45	46	47	48	49	50	51	53	55	61	62	65	66	70	72	73	77	78	79	81	85	88	90	93	95	96	101	103	104	105	106	107	108	109	110	111	112	113	114	115	120	122	123	125	130	132	134	135	139	143	145	146	151	152	153	154	155	161	163	167	168	170	175	178	179	181	183	186	188	196	205	211	212	215	217	218	220	224	225	226	227	228	231	232	234	235	236	237	238	239	240	241	245	252	253	257	258	259	260	261	262	263	264	265	268	269	273	278	279	280	281	282	283	284	285	286	287	288	289	292	293	294	295	296	297	298	299	302	303	304	305	307	308	311	312	313	314	315	318	320	321	322	323	325	327	328	332	335	341	347	349	350	351	352	353	357	359	360	363	364	366	369	374	375	376	377	378	382	383	384	385	388	391	392	393	395	397	401	403	408	409	411	412	414	416	419	428	429	430	439	447	450	453	456	457	462	465	468	470	473	477	480	481	482	483	484	485	489	493	494	496	497	498	500	501	503	504	507	508	510	511	512	513	517	523	524	525	526	527	533	535	536	540	542	545	552	553	555	557	559	561	562	563	564	565	570	571	573	574	581	582	583	584	592	596	599	601	602	608	610	615	616	618	620	623	627	628	629	630	631	632	633	635	637	638	639	640	642	651	652	654	657	661	662	663	664	665	668	669	671	673	674	676	678	684	687	690	696	697	698	700	701	705	706	708	710	712	715	716	720	727	728	729	731	732	735	736	738	745	748	749	751	753	756	757	761	762	765	766	768	770	772	774	776	780	783	784	785	786	792	793	796	800	801	805	806	807	816	817	818	821	822	824	826	828	832	834	835	839	840	841	842	843	844	845	854	856	857	858	859	861	862	863	864	865	866	867	872	873	875	877	880	885	886	889	893	897	899	900	904	905	906	
15103:	183	261	862	
15104:	761	
15105:	3	6	11	12	13	14	28	29	33	41	42	44	45	46	47	48	49	51	55	61	65	66	70	72	79	81	85	88	90	93	95	101	105	106	108	109	110	112	113	114	115	120	123	125	132	134	135	139	143	145	146	151	152	153	154	155	163	167	168	170	178	181	183	186	188	196	205	211	212	215	217	218	220	224	225	227	228	231	232	235	236	237	238	239	240	241	245	252	257	258	259	260	261	262	263	264	265	268	269	273	278	279	280	281	282	283	284	285	286	287	288	289	294	296	297	298	299	302	303	304	305	307	308	311	312	314	318	320	325	327	332	335	347	349	350	351	352	353	357	364	366	369	375	376	377	378	382	383	384	385	388	391	397	403	408	409	411	412	414	428	429	430	439	447	450	453	456	457	462	465	468	470	473	477	481	482	483	484	485	489	493	494	496	497	498	500	501	503	504	507	508	510	511	513	523	524	525	535	540	542	555	557	559	561	562	563	564	565	570	571	573	574	581	582	583	596	599	602	610	615	618	623	627	628	629	630	631	632	633	635	637	638	639	640	651	652	654	657	661	662	663	664	669	673	674	676	697	698	700	701	705	706	708	710	712	715	727	728	729	732	735	736	738	745	748	749	751	756	757	761	762	765	768	770	772	774	776	780	783	784	785	786	792	800	801	805	806	807	816	817	818	821	822	824	826	828	832	834	835	840	841	842	843	844	845	854	856	857	858	859	861	862	863	864	865	866	867	873	875	877	885	886	889	893	904	905	906	
15107:	53	62	65	70	81	111	161	211	217	226	302	305	313	315	318	321	322	323	341	352	360	363	374	376	392	395	401	419	465	504	545	553	561	592	601	608	616	716	731	738	753	757	786	796	816	834	839	872	
15108:	78	130	684	
15110:	343	
15111:	623	
15112:	21	146	523	526	592	679	719	799	832	
15116:	8	
15117:	20	35	38	57	82	127	128	160	165	176	197	199	200	201	202	203	204	206	221	344	390	393	422	475	509	543	558	567	595	597	601	615	625	626	636	667	668	684	721	734	739	848	868	
15144:	3	4	10	27	29	74	75	79	109	122	150	156	167	168	224	231	233	235	237	246	250	257	304	325	328	350	352	378	388	408	441	457	472	489	545	615	628	642	686	706	712	732	748	812	865	883	
15150:	605	
15163:	321	
15177:	197	659	
15178:	197	
15179:	197	
15182:	84	
15190:	619	
15205:	8	
15212:	617	635	
15218:	10	
15257:	791	
15267:	838	
15276:	59	95	341	401	502	588	718	
15277:	341	502	588	718	
15296:	330	893	
15319:	46	324	658	904	
15373:	22	
15392:	352	
15429:	65	70	302	314	315	
15430:	796	
15433:	438	
15447:	313	
15457:	323	
15466:	318	
15478:	284	
15481:	718	
15493:	875	
15506:	441	
15507:	172	
15510:	20	44	62	102	132	192	351	385	396	419	425	553	556	573	578	601	610	615	649	675	716	784	846	868	896	
15518:	8	
15527:	390	
15536:	106	
15574:	476	671	
15596:	130	220	369	657	669	676	702	717	822	
15597:	130	220	669	676	702	717	822	
15614:	592	
15634:	45	46	47	
15637:	5	16	18	20	68	86	94	95	106	140	144	162	182	195	230	231	255	264	284	315	319	326	339	353	373	397	401	436	455	459	469	474	476	516	523	532	541	577	586	607	617	626	635	645	646	647	648	656	687	704	724	728	742	746	748	750	760	771	802	809	813	819	852	859	861	886	897	
15642:	483	
15647:	5	6	11	16	17	20	22	44	47	50	55	58	61	66	67	68	70	73	77	78	79	93	98	104	106	109	110	114	115	127	128	134	136	140	141	144	146	150	160	162	163	168	175	178	181	182	186	189	200	204	206	208	210	214	216	229	230	245	252	259	260	266	267	268	273	274	275	281	284	287	288	290	293	295	299	302	304	307	308	315	318	319	320	325	327	332	336	338	339	348	350	351	352	353	354	359	363	364	366	367	375	378	379	381	382	391	393	397	399	401	408	411	413	414	429	430	444	445	453	454	455	459	474	496	500	501	502	510	512	517	523	524	525	530	531	534	536	540	542	544	545	546	557	559	562	563	573	576	577	581	586	588	590	594	596	599	608	611	612	617	623	626	633	638	644	645	646	647	648	651	652	653	656	660	661	663	667	678	679	681	687	691	697	701	708	715	716	727	728	730	733	741	742	744	745	748	757	759	760	765	766	767	769	771	774	775	776	778	784	785	786	790	792	799	800	801	806	808	813	814	818	819	820	824	827	828	829	830	832	851	852	853	854	855	857	858	859	864	866	869	873	885	894	895	897	899	905	907	909	
15650:	99	469	649	
15654:	17	668	
15673:	345	
15692:	469	576	
15711:	104	329	619	620	763	899	
15713:	104	
15714:	763	
15737:	197	
15750:	569	
15788:	176	
15794:	251	319	343	678	819	
15795:	819	
15812:	645	
15822:	668	
15831:	449	
15837:	427	
15844:	290	
15845:	190	602	
15870:	264	
15873:	3	4	13	42	46	54	98	108	135	140	146	205	212	231	234	238	259	282	289	297	304	308	318	328	350	369	388	427	447	449	478	496	497	500	501	539	563	575	593	602	605	615	618	619	621	628	631	632	638	641	654	658	676	686	704	724	732	751	754	763	764	822	835	843	844	856	860	866	890	906	
15875:	208	229	268	290	372	557	650	756	842	
15881:	4	5	10	11	12	15	18	20	22	24	26	29	35	37	45	46	47	50	54	55	57	59	61	62	66	69	72	73	74	76	77	79	81	84	85	86	88	90	95	97	98	102	105	106	107	109	113	114	115	122	123	125	127	128	129	130	132	135	136	140	146	151	153	154	155	156	162	167	168	171	175	176	180	183	184	185	186	188	189	190	200	202	204	205	206	209	210	211	212	216	218	227	230	231	232	233	234	236	237	238	240	241	244	245	246	248	249	251	252	255	256	257	258	259	262	263	264	265	266	267	268	278	280	281	283	285	287	288	292	294	299	302	303	304	306	307	313	314	315	316	317	318	321	322	324	327	328	329	331	333	336	337	338	339	341	343	344	350	351	352	353	354	355	358	359	360	363	364	366	369	372	374	376	377	378	381	385	389	390	392	393	396	397	399	401	403	410	413	415	416	418	419	425	426	427	428	430	433	439	443	444	445	447	448	450	452	453	454	457	460	462	463	465	469	471	472	473	480	483	485	489	490	491	494	496	497	501	503	504	507	512	513	514	515	517	522	523	524	529	530	536	540	545	552	553	557	559	561	562	563	564	566	567	568	570	571	573	575	576	578	583	586	587	589	592	593	594	595	596	599	601	602	603	605	608	610	612	615	616	617	618	621	625	627	629	630	631	633	640	642	643	649	650	651	652	654	655	656	657	659	662	663	667	672	673	679	686	688	691	695	698	700	701	702	704	705	708	709	711	712	713	715	716	717	718	722	727	728	729	731	732	734	735	739	740	741	742	746	747	751	752	753	756	757	761	762	765	768	769	776	777	778	780	784	785	787	788	789	790	795	796	798	799	800	801	805	808	809	813	814	816	817	818	819	822	823	824	825	828	833	834	837	839	840	841	843	844	845	846	847	848	852	853	854	855	858	861	862	865	866	867	868	869	871	873	877	879	880	881	882	885	887	890	893	896	898	899	904	907	
15883:	318	599	868	
15884:	343	
15885:	4	24	244	337	413	439	731	
15890:	73	97	190	249	292	303	329	353	460	471	530	834	845	861	880	
15891:	329	752	777	
15897:	10	69	73	200	280	396	727	847	848	
15899:	12	66	98	114	136	210	265	294	307	321	329	415	444	445	485	679	
15905:	200	245	359	415	425	593	627	633	
15906:	385	
15910:	50	88	571	
16048:	490	
16060:	909	
16080:	240	629	631	785	
16086:	38	53	142	198	201	203	268	364	587	589	617	
16122:	702	
16130:	84	343	
16140:	718	
16148:	18	179	185	192	316	578	581	672	695	
16149:	179	
16163:	115	158	211	241	400	414	584	621	627	654	751	907	
16200:	20	42	50	55	69	73	77	78	79	84	88	90	95	107	115	125	130	156	167	168	171	177	179	184	185	205	211	233	234	236	241	244	245	251	258	259	260	264	267	277	278	302	315	318	321	322	333	341	343	354	358	359	360	369	374	388	389	392	393	397	408	413	424	447	448	454	461	465	483	498	502	512	523	533	541	545	551	552	571	573	583	588	589	592	605	612	614	625	628	638	639	642	651	656	671	672	673	695	700	713	715	726	730	731	764	766	785	793	798	800	808	810	813	814	818	839	876	880	888	897	899	
16201:	498	552	
16202:	84	251	358	614	695	810	888	
16203:	84	251	358	614	695	810	888	
16204:	551	793	
16205:	84	211	244	389	672	726	793	
16238:	113	225	271	748	
16251:	10	20	58	81	89	281	376	547	569	571	588	626	659	660	742	745	773	785	804	816	826	
16326:	890	
16352:	883	
16372:	182	516	
16374:	329	700	
16460:	609	
16494:	189	
16540:	698	785	
16544:	409	
16557:	366	
16558:	366	
16623:	185	
16672:	190	275	433	486	596	636	654	800	
16713:	206	
16720:	569	829	
16746:	124	
16749:	124	
16815:	45	669	
16845:	572	
16849:	225	
16855:	15	421	
16857:	15	421	
16876:	373	
16877:	15	99	146	182	288	292	772	801	828	873	
16890:	3	11	28	49	115	170	214	262	284	297	299	351	352	353	354	369	373	374	375	376	377	378	379	425	503	559	661	711	757	784	788	790	809	818	822	829	
16891:	353	
16892:	376	
16920:	460	
16948:	652	
16964:	575	
16994:	536	
17022:	549	716	
17024:	130	154	522	642	698	
17043:	373	
17045:	449	
17064:	811	
17104:	550	
17107:	75	
17108:	75	
17124:	359	
17136:	94	617	642	863	909	
17137:	617	863	909	
17203:	130	805	
17217:	167	
17220:	512	
17246:	102	
17255:	271	
17273:	250	
17278:	439	
17410:	637	
17445:	707	
17467:	348	758	
17469:	96	821	
17471:	96	
17472:	318	
17485:	749	754	829	
17509:	367	
17514:	194	
17552:	293	810	
17560:	810	
17578:	3	526	
17640:	149	338	372	373	436	590	646	648	733	792	820	895	897	
17641:	436	
17642:	338	373	646	648	792	820	
17655:	96	
17663:	250	366	800	886	
17674:	366	886	
17684:	171	233	552	751	
17693:	436	
17699:	436	
17733:	636	
17737:	159	488	604	645	692	
17754:	1	25	26	569	604	690	691	
17755:	1	569	604	690	
17760:	26	
17839:	478	
17858:	763	
17870:	569	
17871:	569	
17877:	637	
17891:	478	
17926:	348	
17944:	317	575	
17947:	317	575	
17949:	8	
17956:	218	
17969:	373	
17974:	645	
17977:	494	
17984:	569	
17989:	607	
18007:	308	500	
18057:	300	
18063:	619	
18072:	442	
18074:	449	
18091:	15	441	899	
18106:	718	
18109:	423	
18146:	142	
18175:	50	54	116	123	140	209	246	316	334	402	507	588	813	890	
18193:	50	588	
18194:	588	
18241:	423	
18248:	569	
18249:	569	
18250:	623	
18255:	446	
18259:	366	
18286:	669	
18287:	195	676	
18354:	730	
18376:	45	654	
18397:	602	
18404:	602	
18424:	281	602	
18426:	420	
18434:	671	
18455:	256	
18468:	9	
18510:	619	
18516:	55	163	214	381	430	480	540	741	745	776	853	904	
18536:	220	
18604:	449	
18605:	345	
18620:	449	
18624:	449	
18657:	19	50	54	158	161	177	209	213	263	369	410	528	579	642	656	665	668	670	671	724	826	850	897	
18716:	641	
18852:	615	
18855:	135	408	
18867:	3	55	
18869:	414	
18872:	441	
18884:	433	469	
18900:	57	206	344	380	395	556	636	739	
18911:	170	
18912:	802	
18919:	637	
18921:	458	
18929:	158	
18935:	812	
18942:	447	614	
18947:	96	631	651	657	701	
18952:	194	
18954:	194	
18960:	439	
18961:	191	271	544	850	876	
18966:	284	
18978:	590	
19022:	10	231	261	275	314	317	419	464	486	816	839	
19030:	10	231	261	314	419	464	816	839	
19049:	256	
19050:	256	
19066:	449	
19067:	449	
19119:	242	449	
19150:	889	
19158:	156	
19161:	614	
19194:	348	
19196:	345	
19224:	566	617	
19235:	276	
19236:	264	314	
19245:	470	
19257:	28	68	75	142	207	218	237	302	326	348	396	397	439	444	446	455	467	495	577	590	671	750	755	758	836	
19262:	251	390	433	481	636	646	837	
19265:	282	856	
19267:	590	
19279:	14	28	88	115	139	170	220	224	225	235	236	238	239	241	258	265	332	504	537	561	571	652	663	669	671	711	736	738	740	818	822	840	842	889	
19280:	14	170	220	225	235	236	238	239	241	265	332	561	652	663	669	671	711	738	842	
19287:	264	285	751	
19291:	338	395	871	905	
19298:	505	
19299:	714	
19300:	702	
19302:	254	
19303:	16	20	31	48	127	151	197	204	206	229	238	252	257	262	264	285	324	336	350	352	355	357	381	385	430	469	471	474	497	504	530	573	610	617	652	654	661	685	686	687	724	728	741	742	745	757	783	787	788	792	818	819	853	855	857	866	877	881	
19304:	19	53	89	108	306	340	400	412	461	587	849	
19315:	711	
19318:	808	
19324:	259	830	
19325:	16	162	208	626	687	819	883	
19327:	175	
19328:	293	366	457	724	727	761	805	
19329:	48	274	278	427	664	686	768	
19330:	395	396	553	615	
19333:	8	
19334:	373	427	593	686	
19336:	5	48	78	103	104	134	144	175	183	191	260	278	319	334	354	360	397	444	480	505	519	522	523	524	544	590	596	616	648	656	681	687	697	721	728	775	813	830	852	905	
19337:	806	
19338:	48	77	278	427	534	637	796	
19340:	388	
19341:	809	
19357:	898	
19376:	616	
19381:	721	
19391:	8	
19422:	905	
19426:	75	212	218	302	439	455	472	577	787	905	
19427:	75	455	472	577	787	
19434:	550	
19439:	373	
19510:	194	
19527:	359	
19562:	533	
19568:	506	
19569:	9	94	115	645	671	
19570:	645	
19588:	741	
19589:	194	
19590:	194	
19601:	366	
19616:	50	59	69	82	95	123	130	153	171	202	343	401	507	516	543	571	578	588	780	785	808	810	903	
19619:	50	59	69	130	171	343	571	588	785	808	810	903	
19620:	59	82	202	543	578	
19624:	300	436	
19664:	343	
19682:	373	
19693:	650	
19696:	569	
19780:	635	
19856:	41	
19875:	37	473	
19876:	473	
19884:	197	242	486	515	668	791	
19897:	67	348	
19909:	3	11	14	29	40	46	49	54	72	95	101	105	155	158	177	179	181	184	205	207	224	233	236	237	240	241	251	252	259	274	279	302	314	335	341	353	366	372	374	377	387	388	389	411	414	419	465	479	496	498	501	504	542	552	559	564	582	592	611	612	615	631	652	660	661	663	704	705	711	712	713	727	731	736	747	753	765	772	780	786	788	796	807	817	822	835	836	839	860	866	867	881	
19910:	46	49	179	241	279	559	
19917:	656	723	
19918:	656	723	
19919:	902	
19929:	16	126	281	318	319	408	525	581	587	701	796	818	822	894	
20008:	103	191	908	
20017:	243	630	
20019:	96	
20082:	671	
20094:	180	
20101:	157	472	536	566	703	724	748	838	
20107:	181	
20121:	124	390	585	
20131:	838	
20141:	430	
20184:	179	
20214:	587	723	
20224:	19	
20235:	449	
20236:	449	
20244:	449	
20258:	348	
20261:	348	
20273:	412	
20274:	412	
20277:	561	
20301:	345	
20311:	242	
20343:	245	255	290	328	336	338	346	354	366	413	510	517	562	659	681	733	775	792	897	909	
20344:	366	
20346:	20	43	50	69	77	79	97	107	115	129	156	171	177	179	184	185	192	206	211	214	233	251	267	277	291	318	322	323	343	358	359	360	374	389	392	393	425	448	450	454	461	502	541	551	552	573	578	583	588	589	592	605	614	627	672	695	713	731	757	764	766	793	810	816	834	876	880	882	897	
20348:	69	77	79	107	115	171	177	179	184	185	211	233	251	267	277	322	343	358	359	360	374	389	392	393	448	454	461	502	541	551	552	573	583	588	589	592	605	614	672	695	713	731	766	793	810	876	880	
20367:	69	73	77	181	252	393	525	533	614	
20404:	96	130	176	220	273	318	336	338	364	380	410	422	450	533	549	573	593	636	650	684	698	724	820	825	841	848	895	909	
20406:	273	338	
20407:	318	410	573	
20408:	336	909	
20462:	667	
20465:	667	
20492:	34	
20559:	52	516	
20564:	506	
20582:	218	490	
20583:	218	
20635:	209	
20636:	209	
20644:	208	
20651:	235	
20653:	80	550	568	
20658:	550	
20659:	181	
20672:	229	470	
20679:	44	197	410	569	668	890	892	
20693:	395	
20694:	395	
20703:	154	731	770	
20704:	154	
20705:	10	642	700	877	
20708:	10	700	
20710:	10	
20711:	253	696	698	
20716:	696	
20718:	724	
20720:	318	
20728:	373	
20752:	77	162	340	419	618	687	707	773	797	849	
20802:	424	556	845	
20809:	845	
20837:	316	
20848:	52	359	652	
20867:	10	
20893:	84	262	347	575	751	890	
20895:	423	549	
20896:	513	
20908:	300	
20926:	146	
20967:	490	
20975:	366	650	
21020:	423	478	619	763	
21022:	478	
21023:	478	
21026:	619	
21038:	748	
21042:	34	
21046:	469	645	
21063:	27	138	159	192	317	318	488	510	576	604	650	690	692	718	901	902	
21065:	192	
21092:	718	
21097:	463	
21112:	36	345	449	460	510	703	850	897	
21113:	449	
21118:	57	378	497	540	603	904	
21119:	10	162	294	317	340	343	350	456	545	551	583	605	620	890	
21134:	412	
21136:	54	209	316	447	
21148:	650	
21168:	345	
21192:	547	641	
21224:	371	619	
21236:	619	
21239:	619	
21259:	619	
21270:	19	68	79	113	171	225	251	264	307	313	322	324	331	352	464	498	524	534	538	576	599	672	675	741	763	855	888	897	902	
21283:	68	79	225	324	331	352	464	498	524	599	675	741	855	897	
21284:	307	
21288:	313	534	576	902	
21292:	672	888	
21301:	171	251	
21302:	113	
21305:	538	
21334:	763	
21348:	645	
21387:	300	
21392:	575	619	
21400:	575	
21409:	619	
21441:	74	
21453:	317	575	
21464:	575	
21469:	619	
21470:	619	
21471:	751	
21501:	202	387	724	
21504:	387	
21527:	11	12	18	28	31	33	41	45	46	49	51	70	79	82	91	94	112	115	143	156	160	163	167	171	179	180	188	192	202	209	212	227	238	239	241	246	248	261	264	265	275	279	282	283	298	299	304	309	311	312	318	321	327	335	343	349	350	355	361	362	369	371	376	378	383	395	403	413	419	421	425	427	435	455	457	460	462	467	468	470	477	479	483	486	489	490	494	496	503	507	529	537	543	545	547	549	559	560	565	570	578	589	601	605	621	643	650	669	672	675	678	682	706	710	718	733	734	739	755	764	787	793	805	812	823	832	837	840	841	842	844	846	848	871	877	893	
21540:	780	
21564:	748	
21622:	194	
21645:	667	
21648:	149	392	605	
21792:	140	
21795:	75	
21808:	506	
21817:	797	
21837:	317	
21848:	13	406	470	659	733	818	
21849:	13	406	470	659	733	818	
21853:	797	
21870:	130	228	
21873:	208	
21874:	208	
21875:	19	126	340	461	550	575	618	655	666	707	
21886:	49	220	261	262	264	335	462	496	582	
21892:	733	
21905:	17	
21919:	283	
21932:	618	707	797	
21993:	886	
22015:	743	
22029:	675	
22044:	242	659	
22098:	490	
22126:	10	22	78	97	103	175	191	313	452	459	517	522	523	530	618	645	724	
22127:	10	22	78	97	103	175	191	313	452	459	517	522	523	530	645	724	
22135:	240	631	834	866	
22139:	826	
22158:	609	
22163:	40	75	156	
22165:	40	75	156	
22170:	478	
22190:	3	41	215	241	281	335	349	388	582	663	
22191:	236	
22198:	236	319	348	610	
22202:	236	319	348	610	816	
22212:	126	461	
22252:	461	550	773	
22276:	527	
22283:	253	
22299:	54	
22300:	630	
22302:	264	
22337:	221	475	567	848	
22361:	147	400	402	403	404	654	682	762	
22372:	345	
22377:	496	772	
22417:	667	
22443:	741	
22444:	741	
22458:	436	
22494:	209	619	
22732:	413	
22739:	413	
22756:	742	
22766:	623	
22768:	191	544	620	
22783:	10	118	138	154	293	294	353	522	544	550	635	
22835:	534	686	750	768	
22836:	534	686	750	768	
22845:	468	676	
22871:	525	807	841	
22877:	878	
22883:	665	
22892:	16	59	84	134	251	325	341	358	474	588	614	646	648	695	766	810	888	
22894:	16	44	59	95	136	167	185	210	218	234	241	276	318	445	472	521	602	630	642	
22895:	16	59	472	521	
22932:	878	
22968:	645	
22981:	41	
22984:	95	135	408	553	
23000:	108	276	337	386	656	723	831	
23001:	276	386	831	
23011:	650	
23028:	838	
23032:	209	
23094:	270	329	469	763	777	811	
23161:	270	
23202:	848	
23204:	35	82	89	165	169	221	242	248	390	475	490	543	567	595	667	668	848	
23206:	169	667	
23207:	242	
23210:	18	31	42	50	54	66	73	88	114	115	116	132	136	156	181	182	209	210	211	218	245	246	253	257	268	281	283	287	292	315	316	318	324	359	393	395	397	402	413	445	447	453	463	471	476	479	482	510	512	517	524	529	530	545	573	630	652	696	698	731	757	765	776	780	785	788	800	824	854	867	881	890	
23221:	138	160	199	200	202	597	
23222:	138	160	199	200	202	597	
23247:	165	390	475	490	567	595	659	739	
23256:	317	
23273:	811	
23279:	434	
23284:	77	729	816	
23306:	96	99	240	253	292	315	535	610	629	630	631	651	657	783	
23310:	855	869	
23311:	855	869	
23319:	11	
23320:	11	
23326:	84	
23330:	358	526	
23335:	495	
23344:	882	
23348:	345	373	645	
23351:	373	
23354:	192	493	
23362:	197	202	791	
23368:	272	329	390	397	621	752	777	
23379:	456	
23400:	469	576	839	
23411:	145	
23418:	807	
23435:	890	
23436:	890	
23440:	343	
23443:	787	
23457:	539	
23491:	270	
23501:	275	
23571:	4	50	55	158	227	263	354	359	396	413	443	603	633	642	665	671	673	724	744	796	818	
23624:	135	167	408	416	457	553	805	
23637:	46	314	343	451	469	512	516	533	552	642	654	731	811	
23641:	654	
23642:	654	
23655:	343	811	
23656:	343	811	
23660:	314	
23687:	671	
23733:	750	
23797:	610	783	
23798:	620	850	907	
23803:	373	799	
23805:	373	
23810:	181	209	220	253	350	377	464	509	522	524	532	533	
23828:	306	354	452	636	737	
23849:	84	241	838	
23851:	838	
23904:	763	
23910:	148	241	314	329	343	609	655	751	763	811	890	
23943:	643	
23954:	695	
23959:	881	
24017:	513	
24075:	421	
24106:	106	218	762	
24108:	106	762	
24152:	490	
24153:	490	
24158:	115	
24170:	134	
24172:	134	
24189:	478	
24190:	478	
24206:	469	
24211:	321	361	
24212:	785	
24224:	188	
24225:	516	
24291:	460	
24299:	655	
24301:	61	
24306:	576	
24318:	197	
24322:	5	9	10	11	12	14	17	20	22	28	29	46	48	51	57	61	63	65	66	67	68	70	73	78	79	81	93	95	98	99	103	104	106	109	112	113	114	123	125	130	133	134	136	140	141	144	145	146	150	151	152	154	156	158	163	167	168	170	175	177	178	180	181	182	183	189	203	208	210	212	216	220	224	231	235	237	240	241	245	252	257	258	260	262	265	266	267	268	273	274	281	287	288	290	303	307	311	312	315	318	319	320	325	327	331	332	336	339	350	351	352	353	355	357	359	363	364	366	369	374	377	378	382	384	391	397	401	408	409	411	413	414	415	416	430	431	439	444	445	450	453	455	465	468	470	473	476	479	480	481	496	497	501	502	504	507	511	513	516	517	523	524	525	530	534	540	541	557	561	562	564	570	573	581	586	590	594	596	597	598	610	612	615	617	618	620	623	629	631	633	635	638	647	648	653	656	657	660	661	669	671	674	676	678	679	696	697	698	700	701	702	708	710	711	715	722	724	727	728	729	732	735	738	739	742	745	747	748	757	765	767	770	774	775	776	778	783	784	785	786	789	790	798	799	800	801	805	806	808	809	810	813	814	817	818	824	827	828	829	830	832	834	844	845	851	852	853	854	855	856	857	858	859	863	864	865	867	873	881	883	887	895	897	902	904	905	
24335:	41	46	123	212	264	303	311	312	332	353	403	447	482	563	603	708	889	
24345:	649	
24353:	730	
24377:	314	704	
24386:	70	99	262	325	585	587	661	719	768	
24407:	15	20	35	43	62	96	102	148	165	321	344	418	422	441	563	578	601	609	610	636	675	716	791	795	814	816	839	896	908	
24411:	20	35	43	96	102	148	344	418	422	441	563	578	601	609	610	675	716	816	908	
24429:	113	890	
24430:	113	
24433:	45	
24436:	513	602	740	
24437:	513	740	
24441:	794	
24443:	46	101	132	209	240	241	264	280	347	427	444	447	448	539	552	575	593	602	618	629	631	654	744	751	829	889	
24446:	654	
24449:	602	
24452:	448	
24465:	135	240	258	264	333	426	444	471	489	527	629	654	751	
24466:	751	
24477:	118	130	161	523	616	
24478:	130	523	
24540:	636	713	736	812	
24587:	366	
24596:	797	849	
24597:	797	849	
24636:	6	10	36	38	44	47	69	115	134	135	168	181	201	238	250	317	318	415	460	513	540	557	607	617	623	642	643	724	829	831	874	
24638:	6	44	168	317	513	
24641:	115	135	250	617	724	829	831	874	
24644:	38	201	
24681:	229	642	650	
24697:	528	
24752:	733	
24755:	368	
24764:	410	
24767:	276	
24777:	126	213	414	458	830	883	
24786:	19	89	126	340	406	414	448	618	655	680	707	797	804	849	
24787:	414	
24795:	171	
24803:	79	113	524	
24825:	464	
24827:	314	609	
24845:	3	4	17	19	20	23	29	31	32	33	36	38	41	43	44	47	57	58	66	72	74	75	78	79	86	94	98	105	107	110	111	112	120	122	126	130	134	137	140	150	152	154	155	156	157	160	167	168	169	170	171	175	176	180	184	189	191	192	193	194	201	203	206	215	216	224	225	230	231	232	233	235	239	251	254	257	259	260	261	262	263	266	272	281	282	292	293	297	304	313	319	322	324	325	326	328	329	334	338	340	342	343	347	350	360	362	363	364	367	373	374	382	385	387	388	391	392	397	401	404	406	408	412	414	418	419	421	424	429	432	457	462	465	469	472	485	489	490	493	506	510	513	516	517	518	523	524	525	528	530	532	544	545	550	552	553	557	560	561	562	564	566	569	576	583	587	589	590	597	602	603	605	611	614	615	617	618	627	628	629	630	639	657	659	662	670	674	675	681	682	686	702	704	712	715	716	718	724	729	732	733	738	741	742	743	746	748	752	755	759	766	771	774	777	785	792	795	796	797	804	811	814	818	819	825	826	827	829	831	834	835	841	847	848	849	850	853	857	859	860	862	865	874	880	881	897	904	905	
24847:	272	752	
24851:	832	
24852:	79	148	197	264	329	337	353	356	388	412	438	476	532	609	627	655	659	751	805	811	816	839	847	855	882	
24860:	627	
24875:	412	
24884:	751	
24888:	659	847	
24892:	811	
24907:	27	
24909:	747	
24910:	108	
24914:	74	
24936:	444	
24999:	90	188	581	
25003:	439	641	740	
25004:	562	
25011:	34	724	
25016:	724	
25020:	46	
25029:	794	
25034:	794	
25042:	390	
25049:	8	470	829	
25076:	497	
25103:	640	
25105:	21	
25106:	838	
25112:	161	290	315	326	336	339	353	429	430	436	531	534	541	544	562	623	624	626	647	701	774	792	829	886	895	897	905	909	
25128:	659	
25137:	741	
25167:	427	
25190:	658	
25193:	345	
25217:	742	
25219:	605	
25220:	605	
25259:	300	
25263:	89	461	
25264:	89	461	
25269:	718	
25290:	489	
25323:	575	
25374:	225	
25445:	86	154	410	524	539	566	744	
25447:	45	108	143	160	203	247	264	376	413	457	565	570	780	785	818	823	848	871	890	
25448:	565	823	890	
25450:	24	
25451:	313	329	517	524	541	583	877	
25567:	45	231	289	328	388	619	628	704	732	
25570:	45	
25578:	619	704	
25580:	619	704	
25661:	663	905	
25662:	905	
25663:	663	
25687:	585	
25693:	141	229	284	326	645	839	
25702:	684	
25704:	178	
25777:	264	704	
25844:	256	
25900:	146	801	828	873	
25934:	575	905	
25958:	67	108	213	241	359	625	
25966:	527	
25977:	10	36	154	156	157	227	253	260	285	314	350	400	477	563	617	654	814	855	898	
25978:	10	36	156	157	227	285	314	350	400	477	563	617	654	814	855	898	
26014:	366	
26020:	590	
26024:	184	
26042:	95	171	179	184	185	251	322	333	358	389	502	592	610	672	695	808	893	897	
26043:	358	592	
26044:	95	
26045:	589	
26046:	84	184	185	233	234	251	264	322	333	341	552	572	605	614	628	642	695	765	793	857	888	
26047:	184	233	322	605	614	695	888	
26053:	251	
26056:	695	796	812	
26061:	447	
26063:	343	
26074:	50	264	274	278	279	427	534	593	759	833	
26078:	593	
26123:	505	
26153:	34	271	436	590	621	
26170:	34	
26175:	590	
26200:	321	
26215:	455	
26225:	276	
26278:	39	
26288:	545	608	
26296:	373	
26297:	373	
26344:	636	682	
26345:	682	
26412:	517	
26446:	167	498	667	
26451:	662	832	
26475:	338	
26479:	630	
26558:	126	377	
26568:	31	256	353	427	602	750	
26578:	565	
26634:	199	
26635:	362	366	409	506	570	
26637:	96	
26674:	791	
26676:	378	
26681:	120	
26739:	209	
26749:	421	
26764:	814	
26766:	209	
26782:	560	
26832:	33	98	167	264	388	494	663	673	
26837:	388	
26839:	33	98	167	264	494	663	
26848:	314	
26851:	410	
26853:	68	79	225	642	656	659	847	
26859:	642	
26861:	300	
26863:	366	
26888:	311	312	
26890:	590	667	859	
26900:	366	838	
26903:	838	
26921:	841	
26979:	389	
27012:	12	
27033:	750	
27035:	650	
27108:	329	752	777	
27120:	749	
27129:	544	
27151:	6	
27161:	544	
27184:	50	61	106	408	526	553	633	638	814	832	
27185:	50	526	638	
27186:	553	814	832	
27195:	345	
27209:	490	
27238:	247	
27248:	256	
27275:	54	60	86	156	157	220	225	246	250	281	289	314	318	352	364	385	464	518	529	571	619	623	626	657	706	748	756	843	
27276:	220	
27277:	86	
27284:	642	
27291:	112	218	
27292:	761	
27295:	60	897	
27296:	902	
27304:	423	
27306:	423	
27311:	3	6	11	12	13	14	28	29	33	41	42	44	45	46	47	48	49	51	55	61	65	66	70	72	79	81	85	88	90	93	95	101	105	106	108	109	110	112	113	114	115	120	123	125	132	134	135	139	143	145	146	151	152	153	154	155	163	167	168	170	178	181	183	186	188	196	205	211	212	215	217	218	220	224	225	227	228	231	232	235	236	237	238	239	240	241	245	252	257	258	259	260	261	262	263	264	265	268	269	273	278	279	280	281	282	283	284	285	286	287	288	289	294	296	297	298	299	302	303	304	305	307	308	311	312	314	318	320	325	327	332	335	347	349	350	351	352	353	357	364	366	369	375	376	377	378	382	383	384	385	388	391	397	403	408	409	411	412	414	428	429	430	439	447	450	453	456	457	462	465	468	470	473	477	481	482	483	484	485	489	493	494	496	497	498	500	501	503	504	507	508	510	511	513	523	524	525	535	540	542	555	557	559	561	562	563	564	565	570	571	573	574	581	582	583	596	599	602	610	615	618	623	627	628	629	630	631	632	633	635	637	638	639	640	651	652	654	657	661	662	663	664	669	673	674	676	697	698	700	701	705	706	708	710	712	715	727	728	729	732	735	736	738	745	748	749	751	756	757	761	762	765	768	770	772	774	776	780	783	784	785	786	792	800	801	805	806	807	816	817	818	821	822	824	826	828	832	834	835	840	841	842	843	844	845	854	856	857	858	859	861	862	863	864	865	866	867	873	875	877	885	886	889	893	904	905	906	
27312:	5	12	41	48	50	66	104	123	136	180	210	234	263	265	288	307	332	359	374	415	445	477	496	507	596	620	633	732	735	767	783	814	820	882	888	
27313:	78	102	130	191	601	684	753	
27317:	527	534	576	
27350:	449	
27459:	161	187	527	635	671	829	
27485:	621	
27523:	28	671	
27535:	277	
27543:	469	
27561:	257	324	471	
27571:	237	
27572:	96	253	315	
27574:	575	
27601:	719	
27604:	17	328	359	535	596	642	728	762	904	
27605:	642	
27606:	667	
27622:	486	
27623:	371	
27627:	104	523	620	638	830	901	902	
27633:	602	
27635:	192	
27637:	13	320	427	619	787	
27638:	619	
27663:	733	
27675:	25	34	270	412	461	546	550	721	724	741	809	
27685:	25	
27702:	90	106	353	642	703	816	
27714:	329	
27715:	718	
27721:	270	
27736:	124	
27774:	569	
27786:	30	78	90	319	340	343	381	542	618	620	623	690	745	
27824:	52	
27826:	3	15	20	38	43	82	102	128	129	160	165	171	185	200	201	202	203	204	241	264	313	389	404	418	419	425	441	442	453	467	543	558	571	624	625	638	667	672	704	755	788	816	837	846	860	867	868	881	896	897	
27827:	20	38	43	160	165	176	202	301	425	578	597	675	816	837	846	896	
27828:	38	
27830:	50	185	241	322	341	448	810	
27832:	3	31	40	59	171	185	233	322	341	343	416	453	455	589	593	672	733	
27843:	731	
27853:	170	400	665	671	
27860:	400	
27909:	602	744	
27910:	602	
27920:	54	96	126	130	161	189	195	397	408	429	569	616	665	671	748	792	797	849	850	878	897	901	902	905	
27930:	270	345	413	460	478	643	751	
27934:	197	202	649	787	
27936:	44	50	104	181	234	263	331	353	359	497	513	575	603	610	669	783	
27942:	603	
27983:	329	527	773	
27985:	797	
27987:	293	502	882	
27992:	263	
27999:	718	
28025:	493	
28031:	24	
28032:	24	
28072:	150	718	
28077:	14	46	57	84	88	196	220	235	261	281	347	351	427	438	489	493	522	537	571	618	660	739	784	890	
28093:	225	
28094:	50	199	360	896	
28108:	751	
28115:	718	
28121:	527	
28222:	270	
28224:	270	
28345:	549	
28346:	250	556	
28384:	96	
28393:	196	
28399:	409	
28427:	645	
28434:	120	
28485:	47	262	264	269	320	366	552	729	756	
28495:	849	
28502:	345	
28528:	643	
28539:	46	53	90	351	373	383	385	409	425	427	454	513	603	618	654	751	784	
28542:	351	454	784	
28545:	427	
28549:	751	
28567:	47	134	356	531	544	562	703	730	886	895	897	
28577:	162	
28630:	123	170	257	702	710	725	785	848	858	868	
28642:	34	95	157	191	461	818	869	
28646:	157	
28649:	619	
28655:	45	276	654	889	
28659:	158	366	463	
28661:	156	318	379	388	457	557	590	598	653	681	700	704	745	757	804	805	829	877	886	
28662:	700	704	877	
28668:	10	36	39	69	80	86	110	123	134	156	157	158	161	162	175	177	189	194	214	231	241	266	281	284	303	306	307	328	338	339	347	358	366	394	401	408	412	414	415	448	452	456	457	488	510	516	518	522	527	577	604	626	635	660	666	669	681	687	691	711	724	728	731	740	748	786	792	808	813	814	818	825	827	829	831	833	839	850	852	858	859	862	863	873	874	877	899	905	
28670:	46	135	264	456	508	552	
28675:	539	
28685:	550	658	680	773	849	
28700:	54	209	
28781:	873	
28844:	246	463	529	696	
28846:	229	
28849:	636	
28863:	80	126	707	797	826	849	
28864:	826	849	
28880:	383	654	
28886:	209	
28889:	192	682	
28906:	191	230	635	902	
28907:	257	902	
28923:	37	44	49	50	70	114	146	191	214	319	325	354	429	430	496	514	527	534	541	576	577	590	633	651	670	697	719	721	733	745	746	801	818	820	839	850	869	873	904	
28924:	576	
28935:	322	
28973:	191	
28983:	209	
28996:	209	
28997:	59	343	
29004:	3	50	59	69	130	171	249	343	401	571	588	656	785	808	810	903	
29006:	59	82	202	401	543	576	578	588	
29012:	316	
29023:	54	189	205	209	311	312	366	402	529	660	718	762	
29029:	209	751	
29037:	901	
29038:	901	
29067:	475	
29068:	475	
29085:	19	306	849	
29091:	225	271	314	539	550	811	878	
29108:	464	
29154:	209	529	549	
29156:	76	
29221:	46	
29222:	146	284	785	
29223:	785	
29237:	321	361	
29260:	583	
29292:	209	
29297:	9	
29302:	157	186	400	527	665	670	
29318:	792	
29325:	276	
29331:	196	314	340	356	635	
29332:	314	
29336:	101	
29341:	483	
29355:	741	
29377:	659	
29383:	718	
29402:	15	54	62	102	147	148	176	221	314	356	361	418	441	475	490	509	567	601	609	675	716	794	798	847	899	
29403:	361	
29408:	9	
29468:	152	
29477:	30	
29478:	722	
29479:	401	
29483:	719	
29484:	703	
29485:	704	
29486:	165	
29496:	270	
29548:	284	740	
29549:	284	740	
29551:	751	
29558:	751	
29562:	572	
29563:	590	820	
29565:	40	75	156	246	
29570:	547	
29642:	816	
29644:	480	
29684:	451	
29691:	96	
29694:	886	
29705:	645	
29714:	366	
29721:	264	
29728:	192	752	777	
29743:	10	106	211	231	232	238	244	408	452	545	637	640	651	700	711	717	732	796	812	
29762:	435	560	
29763:	435	560	
29787:	434	
29790:	50	248	871	
29830:	575	
29831:	575	
29832:	575	
29834:	270	
29836:	270	
29844:	96	
29849:	516	
29855:	838	
29856:	3	4	5	6	8	15	18	20	22	27	31	36	38	42	43	44	50	55	57	58	62	63	66	67	68	69	73	74	77	78	79	81	82	89	94	95	96	97	98	101	102	107	111	114	122	125	127	129	130	132	133	134	136	142	144	145	146	147	148	150	151	155	156	160	165	168	171	175	176	177	178	181	184	185	186	189	192	196	200	201	203	204	206	210	211	213	214	218	221	226	227	230	236	237	241	244	245	248	249	250	252	259	260	264	266	267	268	273	278	281	284	287	290	291	292	293	294	302	304	311	312	313	315	318	320	321	322	323	326	327	328	331	343	344	345	348	349	351	352	353	354	355	359	360	361	363	364	366	367	369	371	374	378	380	388	389	390	391	392	393	395	396	397	401	404	406	408	413	414	416	418	419	421	422	423	424	425	426	428	440	441	443	444	445	447	448	449	454	460	465	468	470	475	476	479	482	483	490	491	495	502	504	507	509	510	512	516	517	523	524	530	533	541	543	545	548	549	553	556	558	559	562	563	567	573	578	583	586	588	590	594	595	596	597	599	601	605	608	609	610	612	615	617	620	621	623	624	625	626	627	628	635	636	639	642	643	644	649	651	652	656	659	661	663	667	668	669	671	672	673	675	679	682	684	685	700	704	709	713	715	716	721	728	730	731	733	734	739	742	744	746	750	751	753	754	755	757	759	763	764	765	766	767	774	775	776	784	785	788	789	790	792	798	800	802	808	810	813	814	816	818	819	820	823	824	830	837	839	840	842	845	846	847	848	851	852	853	854	857	859	860	862	863	864	868	873	874	875	880	881	882	885	886	893	896	897	898	899	908	
29857:	102	148	343	449	460	609	709	
29858:	423	460	
29859:	57	62	82	89	221	248	390	440	475	490	543	567	578	595	608	667	739	
29861:	36	345	449	460	897	
29891:	886	
29936:	494	
29938:	502	
29956:	838	
29959:	838	
29960:	833	
29976:	247	
29993:	15	99	146	182	288	292	772	801	828	873	
29997:	140	756	
29998:	756	
30000:	193	
30032:	250	
30052:	288	820	
30056:	820	
30059:	161	
30082:	11	49	50	375	603	615	
30117:	100	
30129:	478	
30198:	171	538	
30216:	359	
30221:	494	
30222:	494	
30225:	96	317	514	
30276:	403	557	574	
30278:	550	
30373:	640	
30419:	650	
30430:	264	
30605:	401	
30608:	264	401	479	751	
30617:	35	
30726:	550	
30756:	284	380	
30773:	192	
30818:	162	184	241	247	274	279	793	897	
30822:	793	
30828:	162	
30876:	409	
30900:	228	
30996:	527	
30997:	369	
31011:	162	
31014:	575	
31015:	231	314	807	835	841	
31017:	835	841	
31019:	36	47	94	100	137	154	189	215	254	266	281	304	317	334	339	364	374	383	393	404	412	415	424	479	492	506	510	513	522	524	598	617	626	630	728	733	748	755	759	767	819	829	850	855	897	901	
31021:	36	94	137	189	215	254	281	304	364	374	383	404	412	424	479	506	510	513	524	598	617	630	728	748	755	759	819	829	850	855	897	
31022:	36	94	137	189	215	254	281	304	364	374	404	412	424	506	510	513	524	617	748	755	759	819	829	897	
31031:	3	6	16	17	18	20	22	40	50	55	58	66	68	74	77	79	91	94	97	114	132	134	136	140	142	144	162	189	206	210	213	214	216	230	236	255	267	290	299	309	311	312	318	319	325	327	328	332	336	346	348	352	363	367	387	388	393	397	401	427	429	430	435	444	445	454	455	467	474	476	482	507	512	513	521	530	541	545	557	560	573	577	586	599	612	644	646	647	648	652	659	660	663	679	687	724	733	742	746	757	765	766	767	778	790	802	813	818	819	820	853	857	859	864	867	869	881	887	893	899	
31032:	16	134	325	474	646	648	766	
31045:	763	
31074:	505	513	527	882	907	
31081:	106	883	
31095:	121	
31123:	264	643	751	
31201:	50	156	609	663	
31212:	3	115	331	353	373	374	379	425	491	531	559	661	665	671	757	784	788	789	790	819	
31254:	186	
31263:	613	
31271:	814	
31272:	814	
31274:	536	
31275:	536	
31281:	209	
31282:	209	
31309:	519	696	698	
31320:	225	
31329:	199	
31391:	569	
31392:	569	
31408:	805	
31413:	907	
31435:	276	
31483:	91	299	
31505:	178	
31509:	140	227	352	514	705	
31535:	543	
31546:	177	
31559:	882	
31570:	3	13	18	98	148	220	237	238	250	286	340	361	441	525	533	545	628	639	686	700	807	835	841	856	
31575:	8	
31586:	260	507	
31606:	701	
31640:	489	
31644:	75	455	472	577	787	
31646:	52	516	
31671:	314	703	
31673:	703	
31756:	642	
31763:	55	66	105	167	231	232	240	280	289	299	347	496	535	540	571	610	631	674	705	783	821	822	
31764:	289	
31787:	698	
31849:	175	340	742	883	890	
31851:	890	
31876:	619	
31962:	149	
31971:	195	516	533	645	
31990:	516	533	
32043:	231	
32048:	565	
32056:	126	209	263	439	838	
32059:	50	74	88	229	250	400	427	448	571	593	676	794	819	
32065:	435	560	
32092:	264	805	834	
32097:	455	575	
32099:	455	
32100:	575	
32107:	1	26	64	95	159	354	488	513	569	604	688	689	690	691	692	694	718	743	760	813	851	
32108:	569	
32110:	878	
32122:	180	192	361	419	578	601	605	675	682	739	793	837	846	848	
32123:	826	
32125:	59	69	73	77	79	104	107	211	238	244	245	285	321	353	374	377	393	502	522	524	608	609	657	706	716	747	763	816	861	880	897	
32126:	706	
32127:	763	
32129:	61	
32135:	509	
32136:	37	
32141:	843	
32143:	843	
32163:	218	
32171:	16	97	412	748	895	
32200:	590	775	786	
32204:	95	373	379	533	542	578	594	719	724	851	886	
32210:	85	
32214:	159	488	604	692	
32216:	339	366	
32217:	719	824	
32220:	721	
32226:	338	353	366	373	542	549	646	648	792	820	830	886	
32228:	50	94	195	200	204	229	255	315	326	371	379	429	430	451	476	507	526	533	586	607	646	647	648	704	746	851	859	
32229:	195	255	326	476	586	607	646	647	648	746	859	
32231:	315	430	
32232:	315	430	
32239:	195	271	
32288:	184	
32297:	69	84	107	123	171	184	185	251	277	322	341	389	448	502	589	614	672	695	785	876	880	
32299:	69	84	107	171	184	185	251	277	322	341	389	448	502	589	614	672	695	785	876	880	
32306:	343	
32342:	897	
32362:	897	
32378:	192	731	
32384:	423	460	
32385:	460	
32387:	423	
32391:	134	178	230	250	320	354	460	649	730	897	
32401:	563	667	882	
32421:	47	517	648	786	820	897	
32467:	220	
32475:	192	
32477:	192	
32492:	15	99	146	182	288	292	772	801	828	873	
32505:	12	14	139	235	236	238	239	258	265	286	332	504	537	652	657	663	671	711	736	738	842	889	
32515:	449	
32523:	172	
32537:	209	
32538:	360	
32541:	537	
32556:	170	
32557:	130	220	258	360	458	657	678	717	822	829	
32571:	369	547	623	882	
32584:	544	
32585:	544	
32611:	50	137	157	161	368	381	397	492	522	527	663	665	671	702	703	724	819	
32614:	744	
32626:	54	55	81	191	353	354	411	527	599	635	809	818	855	
32629:	457	
32630:	515	526	721	
32631:	69	
32632:	526	
32642:	888	
32660:	416	
32661:	527	
32662:	602	
32663:	104	
32671:	385	701	
32672:	385	701	
32694:	19	89	
32714:	575	
32723:	450	
32739:	252	263	285	336	423	485	589	603	627	716	732	822	855	866	877	
32747:	52	55	171	211	354	359	395	396	439	559	615	652	663	700	748	800	818	905	
32749:	359	
32750:	52	359	652	
32751:	668	
32762:	90	180	620	
32777:	619	
32782:	321	
32797:	555	
32799:	645	724	902	
32801:	569	
32814:	270	
32819:	106	135	209	303	350	408	490	553	642	651	739	814	855	
32868:	94	
32872:	170	401	416	
32878:	901	
32975:	435	521	560	
32982:	229	590	
33022:	548	
33029:	140	
33030:	386	
33036:	555	
33040:	751	
33052:	402	
33063:	155	
33111:	40	
33119:	366	
33158:	718	
33159:	506	
33162:	44	
33186:	9	439	581	737	
33187:	9	439	737	
33201:	130	511	658	679	795	814	
33204:	130	511	679	
33205:	658	795	
33207:	814	
33216:	530	576	
33220:	18	96	253	436	476	535	
33221:	436	
33239:	164	
33246:	748	
33251:	748	
33285:	516	
33291:	3	125	153	509	609	
33292:	3	125	153	509	609	
33295:	195	
33318:	197	202	209	242	
33322:	603	
33323:	603	
33379:	95	
33380:	95	
33382:	675	
33383:	675	
33386:	94	
33398:	187	
33416:	374	379	
33417:	373	
33422:	19	461	473	735	
33423:	473	735	
33426:	650	
33427:	629	
33435:	535	
33437:	649	
